5.0
5.0
5.0
5.0
5.0
5.0
5.0
5.0
5.0
5.0
5.0
5.0
5.0
5.0
5.0
5.0
5.0
5.0
5.0
5.0
5.0
5.0
5.0
5.0
5.0
5.0
5.0
5.0
5.0
5.0
5.0
5.0
5.0
5.0
5.0
5.0,0.5000000000000009
5.0,0.5138888888888893
5.0,0.5277777777777786
5.0,0.5416666666666679
5.0,0.5555555555555571
5.0,0.5694444444444464
5.0,0.5833333333333357
5.0,0.597222222222225
5.0,0.6111111111111143
5.0,0.6250000000000036
5.0,0.6388888888888928
5.0,0.6527777777777821
5.0,0.6666666666666714
5.0,0.6805555555555607
5.0,0.69444444444445
5.0,0.7083333333333393
5.0,0.7222222222222285
5.0,0.7361111111111178
5.0,0.7500000000000071
5.0,0.7638888888888964
5.0,0.7777777777777857
5.0,0.791666666666675
5.0,0.8055555555555642
5.0,0.8194444444444535
5.0,0.8333333333333428
5.0,0.8472222222222321
5.0,0.8611111111111214
5.0,0.8750000000000107
5.0,0.8888888888888999
5.0,0.9027777777777892
5.0,0.9166666666666785
5.0,0.9305555555555678
5.0,0.9444444444444571
5.0,0.9583333333333464
5.0,0.9722222222222356
5.0,0.9861111111111249
5.0,1.0
5.0,1.0
5.0,1.0
5.0,1.0
5.0,1.0
5.0,1.0
5.0,1.0
5.0,1.0
5.0,1.0
5.0,1.0
5.0,1.0
5.0,1.0
5.0,1.0
5.0,1.0
5.0,1.0
5.0,1.0
5.0,1.0
5.0,1.0
5.0,1.0
5.0,1.0
5.0,1.0
5.0,1.0
5.0,1.0
5.0,1.0
5.0,1.0
5.0,1.0
5.0,1.0
5.0,1.0
5.0,1.0
5.0,1.0
5.0,1.0
5.0,1.0
5.0,1.0
5.0,1.0
5.0,1.0
5.0,1.0
5.0,1.0,0.5000000000000124
5.0,1.0,0.5138888888889017
5.0,1.0,0.527777777777791
5.0,1.0,0.5416666666666803
5.0,1.0,0.5555555555555696
5.0,1.0,0.5694444444444589
5.0,1.0,0.5833333333333481
5.0,1.0,0.5972222222222374
5.0,1.0,0.6111111111111267
5.0,1.0,0.625000000000016
5.0,1.0,0.6388888888889053
5.0,1.0,0.6527777777777946
5.0,1.0,0.6666666666666838
5.0,1.0,0.6805555555555731
5.0,1.0,0.6944444444444624
5.0,1.0,0.7083333333333517
5.0,1.0,0.722222222222241
5.0,1.0,0.7361111111111303
5.0,1.0,0.7500000000000195
5.0,1.0,0.7638888888889088
5.0,1.0,0.7777777777777981
5.0,1.0,0.7916666666666874
5.0,1.0,0.8055555555555767
5.0,1.0,0.819444444444466
5.0,1.0,0.8333333333333552
5.0,1.0,0.8472222222222445
5.0,1.0,0.8611111111111338
5.0,1.0,0.8750000000000231
5.0,1.0,0.8888888888889124
5.0,1.0,0.9027777777778017
5.0,1.0,0.9166666666666909
5.0,1.0,0.9305555555555802
5.0,1.0,0.9444444444444695
5.0,1.0,0.9583333333333588
5.0,1.0,0.9722222222222481
5.0,1.0,0.9861111111111374
5.0,1.0,1.0
5.0,1.0,1.0
5.0,1.0,1.0
5.0,1.0,1.0
5.0,1.0,1.0
5.0,1.0,1.0
5.0,1.0,1.0
5.0,1.0,1.0
5.0,1.0,1.0
5.0,1.0,1.0
5.0,1.0,1.0
5.0,1.0,1.0
5.0,1.0,1.0
5.0,1.0,1.0
5.0,1.0,1.0
5.0,1.0,1.0
5.0,1.0,1.0
5.0,1.0,1.0
5.0,1.0,1.0
5.0,1.0,1.0
5.0,1.0,1.0
5.0,1.0,1.0
5.0,1.0,1.0
5.0,1.0,1.0
5.0,1.0,1.0
5.0,1.0,1.0
5.0,1.0,1.0
5.0,1.0,1.0
5.0,1.0,1.0
5.0,1.0,1.0
5.0,1.0,1.0
5.0,1.0,1.0
5.0,1.0,1.0
5.0,1.0,1.0
5.0,1.0,1.0
5.0,1.0,1.0
5.0,1.0,1.0,0.5000000000000249
5.0,1.0,1.0,0.5138888888889142
5.0,1.0,1.0,0.5277777777778034
5.0,1.0,1.0,0.5416666666666927
5.0,1.0,1.0,0.555555555555582
5.0,1.0,1.0,0.5694444444444713
5.0,1.0,1.0,0.5833333333333606
5.0,1.0,1.0,0.5972222222222499
5.0,1.0,1.0,0.6111111111111391
5.0,1.0,1.0,0.6250000000000284
5.0,1.0,1.0,0.6388888888889177
5.0,1.0,1.0,0.652777777777807
5.0,1.0,1.0,0.6666666666666963
5.0,1.0,1.0,0.6805555555555856
5.0,1.0,1.0,0.6944444444444748
5.0,1.0,1.0,0.7083333333333641
5.0,1.0,1.0,0.7222222222222534
5.0,1.0,1.0,0.7361111111111427
5.0,1.0,1.0,0.750000000000032
5.0,1.0,1.0,0.7638888888889213
5.0,1.0,1.0,0.7777777777778105
5.0,1.0,1.0,0.7916666666666998
5.0,1.0,1.0,0.8055555555555891
5.0,1.0,1.0,0.8194444444444784
5.0,1.0,1.0,0.8333333333333677
5.0,1.0,1.0,0.847222222222257
5.0,1.0,1.0,0.8611111111111462
5.0,1.0,1.0,0.8750000000000355
5.0,1.0,1.0,0.8888888888889248
5.0,1.0,1.0,0.9027777777778141
5.0,1.0,1.0,0.9166666666667034
5.0,1.0,1.0,0.9305555555555927
5.0,1.0,1.0,0.944444444444482
5.0,1.0,1.0,0.9583333333333712
5.0,1.0,1.0,0.9722222222222605
5.0,1.0,1.0,0.9861111111111498
5.0,1.0,1.0,1.0
5.0,1.0,1.0,1.0
5.0,1.0,1.0,1.0
5.0,1.0,1.0,1.0
5.0,1.0,1.0,1.0
5.0,1.0,1.0,1.0
5.0,1.0,1.0,1.0
5.0,1.0,1.0,1.0
5.0,1.0,1.0,1.0
5.0,1.0,1.0,1.0
5.0,1.0,1.0,1.0
5.0,1.0,1.0,1.0
5.0,1.0,1.0,1.0
5.0,1.0,1.0,1.0
5.0,1.0,1.0,1.0
5.0,1.0,1.0,1.0
5.0,1.0,1.0,1.0
5.0,1.0,1.0,1.0
5.0,1.0,1.0,1.0
5.0,1.0,1.0,1.0
5.0,1.0,1.0,1.0
5.0,1.0,1.0,1.0
5.0,1.0,1.0,1.0
5.0,1.0,1.0,1.0
5.0,1.0,1.0,1.0
5.0,1.0,1.0,1.0
5.0,1.0,1.0,1.0
5.0,1.0,1.0,1.0
5.0,1.0,1.0,1.0
5.0,1.0,1.0,1.0
5.0,1.0,1.0,1.0
5.0,1.0,1.0,1.0
5.0,1.0,1.0,1.0
5.0,1.0,1.0,1.0
5.0,1.0,1.0,1.0
5.0,1.0,1.0,1.0
5.0,1.0,1.0,1.0,0.5000000000000373
5.0,1.0,1.0,1.0,0.5138888888889266
5.0,1.0,1.0,1.0,0.5277777777778159
5.0,1.0,1.0,1.0,0.5416666666667052
5.0,1.0,1.0,1.0,0.5555555555555944
5.0,1.0,1.0,1.0,0.5694444444444837
5.0,1.0,1.0,1.0,0.583333333333373
5.0,1.0,1.0,1.0,0.5972222222222623
5.0,1.0,1.0,1.0,0.6111111111111516
5.0,1.0,1.0,1.0,0.6250000000000409
5.0,1.0,1.0,1.0,0.6388888888889301
5.0,1.0,1.0,1.0,0.6527777777778194
5.0,1.0,1.0,1.0,0.6666666666667087
5.0,1.0,1.0,1.0,0.680555555555598
5.0,1.0,1.0,1.0,0.6944444444444873
5.0,1.0,1.0,1.0,0.7083333333333766
5.0,1.0,1.0,1.0,0.7222222222222658
5.0,1.0,1.0,1.0,0.7361111111111551
5.0,1.0,1.0,1.0,0.7500000000000444
5.0,1.0,1.0,1.0,0.7638888888889337
5.0,1.0,1.0,1.0,0.777777777777823
5.0,1.0,1.0,1.0,0.7916666666667123
5.0,1.0,1.0,1.0,0.8055555555556015
5.0,1.0,1.0,1.0,0.8194444444444908
5.0,1.0,1.0,1.0,0.8333333333333801
5.0,1.0,1.0,1.0,0.8472222222222694
5.0,1.0,1.0,1.0,0.8611111111111587
5.0,1.0,1.0,1.0,0.875000000000048
5.0,1.0,1.0,1.0,0.8888888888889372
5.0,1.0,1.0,1.0,0.9027777777778265
5.0,1.0,1.0,1.0,0.9166666666667158
5.0,1.0,1.0,1.0,0.9305555555556051
5.0,1.0,1.0,1.0,0.9444444444444944
5.0,1.0,1.0,1.0,0.9583333333333837
5.0,1.0,1.0,1.0,0.972222222222273
5.0,1.0,1.0,1.0,0.9861111111111622
5.0,1.0,1.0,1.0,1.0
5.0,1.0,1.0,1.0,1.0
5.0,1.0,1.0,1.0,1.0
5.0,1.0,1.0,1.0,1.0
5.0,1.0,1.0,1.0,1.0
5.0,1.0,1.0,1.0,1.0
5.0,1.0,1.0,1.0,1.0
5.0,1.0,1.0,1.0,1.0
5.0,1.0,1.0,1.0,1.0
5.0,1.0,1.0,1.0,1.0
5.0,1.0,1.0,1.0,1.0
5.0,1.0,1.0,1.0,1.0
5.0,1.0,1.0,1.0,1.0
5.0,1.0,1.0,1.0,1.0
5.0,1.0,1.0,1.0,1.0
5.0,1.0,1.0,1.0,1.0
5.0,1.0,1.0,1.0,1.0
5.0,1.0,1.0,1.0,1.0
5.0,1.0,1.0,1.0,1.0
5.0,1.0,1.0,1.0,1.0
5.0,1.0,1.0,1.0,1.0
5.0,1.0,1.0,1.0,1.0
5.0,1.0,1.0,1.0,1.0
5.0,1.0,1.0,1.0,1.0
5.0,1.0,1.0,1.0,1.0
5.0,1.0,1.0,1.0,1.0
5.0,1.0,1.0,1.0,1.0
5.0,1.0,1.0,1.0,1.0
5.0,1.0,1.0,1.0,1.0
5.0,1.0,1.0,1.0,1.0
5.0,1.0,1.0,1.0,1.0
5.0,1.0,1.0,1.0,1.0
5.0,1.0,1.0,1.0,1.0
5.0,1.0,1.0,1.0,1.0
5.0,1.0,1.0,1.0,1.0
5.0,1.0,1.0,1.0,1.0
5.0,1.0,1.0,1.0,1.0,0.5000000000000657
5.0,1.0,1.0,1.0,1.0,0.513888888888955
5.0,1.0,1.0,1.0,1.0,0.5277777777778443
5.0,1.0,1.0,1.0,1.0,0.5416666666667336
5.0,1.0,1.0,1.0,1.0,0.5555555555556229
5.0,1.0,1.0,1.0,1.0,0.5694444444445121
5.0,1.0,1.0,1.0,1.0,0.5833333333334014
5.0,1.0,1.0,1.0,1.0,0.5972222222222907
5.0,1.0,1.0,1.0,1.0,0.61111111111118
5.0,1.0,1.0,1.0,1.0,0.6250000000000693
5.0,1.0,1.0,1.0,1.0,0.6388888888889586
5.0,1.0,1.0,1.0,1.0,0.6527777777778478
5.0,1.0,1.0,1.0,1.0,0.6666666666667371
5.0,1.0,1.0,1.0,1.0,0.6805555555556264
5.0,1.0,1.0,1.0,1.0,0.6944444444445157
5.0,1.0,1.0,1.0,1.0,0.708333333333405
5.0,1.0,1.0,1.0,1.0,0.7222222222222943
5.0,1.0,1.0,1.0,1.0,0.7361111111111835
5.0,1.0,1.0,1.0,1.0,0.7500000000000728
5.0,1.0,1.0,1.0,1.0,0.7638888888889621
5.0,1.0,1.0,1.0,1.0,0.7777777777778514
5.0,1.0,1.0,1.0,1.0,0.7916666666667407
5.0,1.0,1.0,1.0,1.0,0.80555555555563
5.0,1.0,1.0,1.0,1.0,0.8194444444445192
5.0,1.0,1.0,1.0,1.0,0.8333333333334085
5.0,1.0,1.0,1.0,1.0,0.8472222222222978
5.0,1.0,1.0,1.0,1.0,0.8611111111111871
5.0,1.0,1.0,1.0,1.0,0.8750000000000764
5.0,1.0,1.0,1.0,1.0,0.8888888888889657
5.0,1.0,1.0,1.0,1.0,0.902777777777855
5.0,1.0,1.0,1.0,1.0,0.9166666666667442
5.0,1.0,1.0,1.0,1.0,0.9305555555556335
5.0,1.0,1.0,1.0,1.0,0.9444444444445228
5.0,1.0,1.0,1.0,1.0,0.9583333333334121
5.0,1.0,1.0,1.0,1.0,0.9722222222223014
5.0,1.0,1.0,1.0,1.0,0.9861111111111907
5.0,1.0,1.0,1.0,1.0,1.0
5.0,1.0,1.0,1.0,1.0,1.0
5.0,1.0,1.0,1.0,1.0,1.0
5.0,1.0,1.0,1.0,1.0,1.0
5.0,1.0,1.0,1.0,1.0,1.0
5.0,1.0,1.0,1.0,1.0,1.0
5.0,1.0,1.0,1.0,1.0,1.0
5.0,1.0,1.0,1.0,1.0,1.0
5.0,1.0,1.0,1.0,1.0,1.0
5.0,1.0,1.0,1.0,1.0,1.0
5.0,1.0,1.0,1.0,1.0,1.0
5.0,1.0,1.0,1.0,1.0,1.0
5.0,1.0,1.0,1.0,1.0,1.0
5.0,1.0,1.0,1.0,1.0,1.0
5.0,1.0,1.0,1.0,1.0,1.0
5.0,1.0,1.0,1.0,1.0,1.0
5.0,1.0,1.0,1.0,1.0,1.0
5.0,1.0,1.0,1.0,1.0,1.0
5.0,1.0,1.0,1.0,1.0,1.0
5.0,1.0,1.0,1.0,1.0,1.0
5.0,1.0,1.0,1.0,1.0,1.0
5.0,1.0,1.0,1.0,1.0,1.0
5.0,1.0,1.0,1.0,1.0,1.0
5.0,1.0,1.0,1.0,1.0,1.0
5.0,1.0,1.0,1.0,1.0,1.0
5.0,1.0,1.0,1.0,1.0,1.0
5.0,1.0,1.0,1.0,1.0,1.0
5.0,1.0,1.0,1.0,1.0,1.0
5.0,1.0,1.0,1.0,1.0,1.0
5.0,1.0,1.0,1.0,1.0,1.0
5.0,1.0,1.0,1.0,1.0,1.0
5.0,1.0,1.0,1.0,1.0,1.0
5.0,1.0,1.0,1.0,1.0,1.0
5.0,1.0,1.0,1.0,1.0,1.0
5.0,1.0,1.0,1.0,1.0,1.0
5.0,1.0,1.0,1.0,1.0,1.0
5.0,1.0,1.0,1.0,1.0,1.0,0.5000000000000941
5.0,1.0,1.0,1.0,1.0,1.0,0.5138888888889834
5.0,1.0,1.0,1.0,1.0,1.0,0.5277777777778727
5.0,1.0,1.0,1.0,1.0,1.0,0.541666666666762
5.0,1.0,1.0,1.0,1.0,1.0,0.5555555555556513
5.0,1.0,1.0,1.0,1.0,1.0,0.5694444444445406
5.0,1.0,1.0,1.0,1.0,1.0,0.5833333333334298
5.0,1.0,1.0,1.0,1.0,1.0,0.5972222222223191
5.0,1.0,1.0,1.0,1.0,1.0,0.6111111111112084
5.0,1.0,1.0,1.0,1.0,1.0,0.6250000000000977
5.0,1.0,1.0,1.0,1.0,1.0,0.638888888888987
5.0,1.0,1.0,1.0,1.0,1.0,0.6527777777778763
5.0,1.0,1.0,1.0,1.0,1.0,0.6666666666667656
5.0,1.0,1.0,1.0,1.0,1.0,0.6805555555556548
5.0,1.0,1.0,1.0,1.0,1.0,0.6944444444445441
5.0,1.0,1.0,1.0,1.0,1.0,0.7083333333334334
5.0,1.0,1.0,1.0,1.0,1.0,0.7222222222223227
5.0,1.0,1.0,1.0,1.0,1.0,0.736111111111212
5.0,1.0,1.0,1.0,1.0,1.0,0.7500000000001013
5.0,1.0,1.0,1.0,1.0,1.0,0.7638888888889905
5.0,1.0,1.0,1.0,1.0,1.0,0.7777777777778798
5.0,1.0,1.0,1.0,1.0,1.0,0.7916666666667691
5.0,1.0,1.0,1.0,1.0,1.0,0.8055555555556584
5.0,1.0,1.0,1.0,1.0,1.0,0.8194444444445477
5.0,1.0,1.0,1.0,1.0,1.0,0.833333333333437
5.0,1.0,1.0,1.0,1.0,1.0,0.8472222222223262
5.0,1.0,1.0,1.0,1.0,1.0,0.8611111111112155
5.0,1.0,1.0,1.0,1.0,1.0,0.8750000000001048
5.0,1.0,1.0,1.0,1.0,1.0,0.8888888888889941
5.0,1.0,1.0,1.0,1.0,1.0,0.9027777777778834
5.0,1.0,1.0,1.0,1.0,1.0,0.9166666666667727
5.0,1.0,1.0,1.0,1.0,1.0,0.9305555555556619
5.0,1.0,1.0,1.0,1.0,1.0,0.9444444444445512
5.0,1.0,1.0,1.0,1.0,1.0,0.9583333333334405
5.0,1.0,1.0,1.0,1.0,1.0,0.9722222222223298
5.0,1.0,1.0,1.0,1.0,1.0,0.9861111111112191
5.0,1.0,1.0,1.0,1.0,1.0,1.0
5.0,1.0,1.0,1.0,1.0,1.0,1.0
5.0,1.0,1.0,1.0,1.0,1.0,1.0
5.0,1.0,1.0,1.0,1.0,1.0,1.0
5.0,1.0,1.0,1.0,1.0,1.0,1.0
5.0,1.0,1.0,1.0,1.0,1.0,1.0
5.0,1.0,1.0,1.0,1.0,1.0,1.0
5.0,1.0,1.0,1.0,1.0,1.0,1.0
5.0,1.0,1.0,1.0,1.0,1.0,1.0
5.0,1.0,1.0,1.0,1.0,1.0,1.0
5.0,1.0,1.0,1.0,1.0,1.0,1.0
5.0,1.0,1.0,1.0,1.0,1.0,1.0
5.0,1.0,1.0,1.0,1.0,1.0,1.0
5.0,1.0,1.0,1.0,1.0,1.0,1.0
5.0,1.0,1.0,1.0,1.0,1.0,1.0
5.0,1.0,1.0,1.0,1.0,1.0,1.0
5.0,1.0,1.0,1.0,1.0,1.0,1.0
5.0,1.0,1.0,1.0,1.0,1.0,1.0
5.0,1.0,1.0,1.0,1.0,1.0,1.0
5.0,1.0,1.0,1.0,1.0,1.0,1.0
5.0,1.0,1.0,1.0,1.0,1.0,1.0
5.0,1.0,1.0,1.0,1.0,1.0,1.0
5.0,1.0,1.0,1.0,1.0,1.0,1.0
5.0,1.0,1.0,1.0,1.0,1.0,1.0
5.0,1.0,1.0,1.0,1.0,1.0,1.0
5.0,1.0,1.0,1.0,1.0,1.0,1.0
5.0,1.0,1.0,1.0,1.0,1.0,1.0
5.0,1.0,1.0,1.0,1.0,1.0,1.0
5.0,1.0,1.0,1.0,1.0,1.0,1.0
5.0,1.0,1.0,1.0,1.0,1.0,1.0
5.0,1.0,1.0,1.0,1.0,1.0,1.0
5.0,1.0,1.0,1.0,1.0,1.0,1.0
5.0,1.0,1.0,1.0,1.0,1.0,1.0
5.0,1.0,1.0,1.0,1.0,1.0,1.0
5.0,1.0,1.0,1.0,1.0,1.0,1.0
5.0,1.0,1.0,1.0,1.0,1.0,1.0
5.0,1.0,1.0,1.0,1.0,1.0,1.0,0.5000000000001226
5.0,1.0,1.0,1.0,1.0,1.0,1.0,0.5138888888890119
5.0,1.0,1.0,1.0,1.0,1.0,1.0,0.5277777777779011
5.0,1.0,1.0,1.0,1.0,1.0,1.0,0.5416666666667904
5.0,1.0,1.0,1.0,1.0,1.0,1.0,0.5555555555556797
5.0,1.0,1.0,1.0,1.0,1.0,1.0,0.569444444444569
5.0,1.0,1.0,1.0,1.0,1.0,1.0,0.5833333333334583
5.0,1.0,1.0,1.0,1.0,1.0,1.0,0.5972222222223476
5.0,1.0,1.0,1.0,1.0,1.0,1.0,0.6111111111112368
5.0,1.0,1.0,1.0,1.0,1.0,1.0,0.6250000000001261
5.0,1.0,1.0,1.0,1.0,1.0,1.0,0.6388888888890154
5.0,1.0,1.0,1.0,1.0,1.0,1.0,0.6527777777779047
5.0,1.0,1.0,1.0,1.0,1.0,1.0,0.666666666666794
5.0,1.0,1.0,1.0,1.0,1.0,1.0,0.6805555555556833
5.0,1.0,1.0,1.0,1.0,1.0,1.0,0.6944444444445725
5.0,1.0,1.0,1.0,1.0,1.0,1.0,0.7083333333334618
5.0,1.0,1.0,1.0,1.0,1.0,1.0,0.7222222222223511
5.0,1.0,1.0,1.0,1.0,1.0,1.0,0.7361111111112404
5.0,1.0,1.0,1.0,1.0,1.0,1.0,0.7500000000001297
5.0,1.0,1.0,1.0,1.0,1.0,1.0,0.763888888889019
5.0,1.0,1.0,1.0,1.0,1.0,1.0,0.7777777777779082
5.0,1.0,1.0,1.0,1.0,1.0,1.0,0.7916666666667975
5.0,1.0,1.0,1.0,1.0,1.0,1.0,0.8055555555556868
5.0,1.0,1.0,1.0,1.0,1.0,1.0,0.8194444444445761
5.0,1.0,1.0,1.0,1.0,1.0,1.0,0.8333333333334654
5.0,1.0,1.0,1.0,1.0,1.0,1.0,0.8472222222223547
5.0,1.0,1.0,1.0,1.0,1.0,1.0,0.8611111111112439
5.0,1.0,1.0,1.0,1.0,1.0,1.0,0.8750000000001332
5.0,1.0,1.0,1.0,1.0,1.0,1.0,0.8888888888890225
5.0,1.0,1.0,1.0,1.0,1.0,1.0,0.9027777777779118
5.0,1.0,1.0,1.0,1.0,1.0,1.0,0.9166666666668011
5.0,1.0,1.0,1.0,1.0,1.0,1.0,0.9305555555556904
5.0,1.0,1.0,1.0,1.0,1.0,1.0,0.9444444444445796
5.0,1.0,1.0,1.0,1.0,1.0,1.0,0.9583333333334689
5.0,1.0,1.0,1.0,1.0,1.0,1.0,0.9722222222223582
5.0,1.0,1.0,1.0,1.0,1.0,1.0,0.9861111111112475
5.0,1.0,1.0,1.0,1.0,1.0,1.0,1.0
5.0,1.0,1.0,1.0,1.0,1.0,1.0,1.0
5.0,1.0,1.0,1.0,1.0,1.0,1.0,1.0
5.0,1.0,1.0,1.0,1.0,1.0,1.0,1.0
5.0,1.0,1.0,1.0,1.0,1.0,1.0,1.0
5.0,1.0,1.0,1.0,1.0,1.0,1.0,1.0
5.0,1.0,1.0,1.0,1.0,1.0,1.0,1.0
5.0,1.0,1.0,1.0,1.0,1.0,1.0,1.0
5.0,1.0,1.0,1.0,1.0,1.0,1.0,1.0
5.0,1.0,1.0,1.0,1.0,1.0,1.0,1.0
5.0,1.0,1.0,1.0,1.0,1.0,1.0,1.0
5.0,1.0,1.0,1.0,1.0,1.0,1.0,1.0
5.0,1.0,1.0,1.0,1.0,1.0,1.0,1.0
5.0,1.0,1.0,1.0,1.0,1.0,1.0,1.0
5.0,1.0,1.0,1.0,1.0,1.0,1.0,1.0
5.0,1.0,1.0,1.0,1.0,1.0,1.0,1.0
5.0,1.0,1.0,1.0,1.0,1.0,1.0,1.0
5.0,1.0,1.0,1.0,1.0,1.0,1.0,1.0
5.0,1.0,1.0,1.0,1.0,1.0,1.0,1.0
5.0,1.0,1.0,1.0,1.0,1.0,1.0,1.0
5.0,1.0,1.0,1.0,1.0,1.0,1.0,1.0
5.0,1.0,1.0,1.0,1.0,1.0,1.0,1.0
5.0,1.0,1.0,1.0,1.0,1.0,1.0,1.0
5.0,1.0,1.0,1.0,1.0,1.0,1.0,1.0
5.0,1.0,1.0,1.0,1.0,1.0,1.0,1.0
5.0,1.0,1.0,1.0,1.0,1.0,1.0,1.0
5.0,1.0,1.0,1.0,1.0,1.0,1.0,1.0
5.0,1.0,1.0,1.0,1.0,1.0,1.0,1.0
5.0,1.0,1.0,1.0,1.0,1.0,1.0,1.0
5.0,1.0,1.0,1.0,1.0,1.0,1.0,1.0
5.0,1.0,1.0,1.0,1.0,1.0,1.0,1.0
5.0,1.0,1.0,1.0,1.0,1.0,1.0,1.0
5.0,1.0,1.0,1.0,1.0,1.0,1.0,1.0
5.0,1.0,1.0,1.0,1.0,1.0,1.0,1.0
5.0,1.0,1.0,1.0,1.0,1.0,1.0,1.0
5.0,1.0,1.0,1.0,1.0,1.0,1.0,1.0
5.0,1.0,1.0,1.0,1.0,1.0,1.0,1.0,0.500000000000151
5.0,1.0,1.0,1.0,1.0,1.0,1.0,1.0,0.5138888888890403
5.0,1.0,1.0,1.0,1.0,1.0,1.0,1.0,0.5277777777779296
5.0,1.0,1.0,1.0,1.0,1.0,1.0,1.0,0.5416666666668188
5.0,1.0,1.0,1.0,1.0,1.0,1.0,1.0,0.5555555555557081
5.0,1.0,1.0,1.0,1.0,1.0,1.0,1.0,0.5694444444445974
5.0,1.0,1.0,1.0,1.0,1.0,1.0,1.0,0.5833333333334867
5.0,1.0,1.0,1.0,1.0,1.0,1.0,1.0,0.597222222222376
5.0,1.0,1.0,1.0,1.0,1.0,1.0,1.0,0.6111111111112653
5.0,1.0,1.0,1.0,1.0,1.0,1.0,1.0,0.6250000000001545
5.0,1.0,1.0,1.0,1.0,1.0,1.0,1.0,0.6388888888890438
5.0,1.0,1.0,1.0,1.0,1.0,1.0,1.0,0.6527777777779331
5.0,1.0,1.0,1.0,1.0,1.0,1.0,1.0,0.6666666666668224
5.0,1.0,1.0,1.0,1.0,1.0,1.0,1.0,0.6805555555557117
5.0,1.0,1.0,1.0,1.0,1.0,1.0,1.0,0.694444444444601
5.0,1.0,1.0,1.0,1.0,1.0,1.0,1.0,0.7083333333334902
5.0,1.0,1.0,1.0,1.0,1.0,1.0,1.0,0.7222222222223795
5.0,1.0,1.0,1.0,1.0,1.0,1.0,1.0,0.7361111111112688
5.0,1.0,1.0,1.0,1.0,1.0,1.0,1.0,0.7500000000001581
5.0,1.0,1.0,1.0,1.0,1.0,1.0,1.0,0.7638888888890474
5.0,1.0,1.0,1.0,1.0,1.0,1.0,1.0,0.7777777777779367
5.0,1.0,1.0,1.0,1.0,1.0,1.0,1.0,0.791666666666826
5.0,1.0,1.0,1.0,1.0,1.0,1.0,1.0,0.8055555555557152
5.0,1.0,1.0,1.0,1.0,1.0,1.0,1.0,0.8194444444446045
5.0,1.0,1.0,1.0,1.0,1.0,1.0,1.0,0.8333333333334938
5.0,1.0,1.0,1.0,1.0,1.0,1.0,1.0,0.8472222222223831
5.0,1.0,1.0,1.0,1.0,1.0,1.0,1.0,0.8611111111112724
5.0,1.0,1.0,1.0,1.0,1.0,1.0,1.0,0.8750000000001616
5.0,1.0,1.0,1.0,1.0,1.0,1.0,1.0,0.8888888888890509
5.0,1.0,1.0,1.0,1.0,1.0,1.0,1.0,0.9027777777779402
5.0,1.0,1.0,1.0,1.0,1.0,1.0,1.0,0.9166666666668295
5.0,1.0,1.0,1.0,1.0,1.0,1.0,1.0,0.9305555555557188
5.0,1.0,1.0,1.0,1.0,1.0,1.0,1.0,0.9444444444446081
5.0,1.0,1.0,1.0,1.0,1.0,1.0,1.0,0.9583333333334974
5.0,1.0,1.0,1.0,1.0,1.0,1.0,1.0,0.9722222222223866
5.0,1.0,1.0,1.0,1.0,1.0,1.0,1.0,0.9861111111112759
5.0,1.0,1.0,1.0,1.0,1.0,1.0,1.0,1.0
5.0,1.0,1.0,1.0,1.0,1.0,1.0,1.0,1.0
5.0,1.0,1.0,1.0,1.0,1.0,1.0,1.0,1.0
5.0,1.0,1.0,1.0,1.0,1.0,1.0,1.0,1.0
5.0,1.0,1.0,1.0,1.0,1.0,1.0,1.0,1.0
5.0,1.0,1.0,1.0,1.0,1.0,1.0,1.0,1.0
5.0,1.0,1.0,1.0,1.0,1.0,1.0,1.0,1.0
5.0,1.0,1.0,1.0,1.0,1.0,1.0,1.0,1.0
5.0,1.0,1.0,1.0,1.0,1.0,1.0,1.0,1.0
5.0,1.0,1.0,1.0,1.0,1.0,1.0,1.0,1.0
5.0,1.0,1.0,1.0,1.0,1.0,1.0,1.0,1.0
5.0,1.0,1.0,1.0,1.0,1.0,1.0,1.0,1.0
5.0,1.0,1.0,1.0,1.0,1.0,1.0,1.0,1.0
5.0,1.0,1.0,1.0,1.0,1.0,1.0,1.0,1.0
5.0,1.0,1.0,1.0,1.0,1.0,1.0,1.0,1.0
5.0,1.0,1.0,1.0,1.0,1.0,1.0,1.0,1.0
5.0,1.0,1.0,1.0,1.0,1.0,1.0,1.0,1.0
5.0,1.0,1.0,1.0,1.0,1.0,1.0,1.0,1.0
5.0,1.0,1.0,1.0,1.0,1.0,1.0,1.0,1.0
5.0,1.0,1.0,1.0,1.0,1.0,1.0,1.0,1.0
5.0,1.0,1.0,1.0,1.0,1.0,1.0,1.0,1.0
5.0,1.0,1.0,1.0,1.0,1.0,1.0,1.0,1.0
5.0,1.0,1.0,1.0,1.0,1.0,1.0,1.0,1.0
5.0,1.0,1.0,1.0,1.0,1.0,1.0,1.0,1.0
5.0,1.0,1.0,1.0,1.0,1.0,1.0,1.0,1.0
5.0,1.0,1.0,1.0,1.0,1.0,1.0,1.0,1.0
5.0,1.0,1.0,1.0,1.0,1.0,1.0,1.0,1.0
5.0,1.0,1.0,1.0,1.0,1.0,1.0,1.0,1.0
5.0,1.0,1.0,1.0,1.0,1.0,1.0,1.0,1.0
5.0,1.0,1.0,1.0,1.0,1.0,1.0,1.0,1.0
5.0,1.0,1.0,1.0,1.0,1.0,1.0,1.0,1.0
5.0,1.0,1.0,1.0,1.0,1.0,1.0,1.0,1.0
5.0,1.0,1.0,1.0,1.0,1.0,1.0,1.0,1.0
5.0,1.0,1.0,1.0,1.0,1.0,1.0,1.0,1.0
5.0,1.0,1.0,1.0,1.0,1.0,1.0,1.0,1.0
5.0,1.0,1.0,1.0,1.0,1.0,1.0,1.0,1.0
5.0,1.0,1.0,1.0,1.0,1.0,1.0,1.0,1.0,0.5000000000001794
5.0,1.0,1.0,1.0,1.0,1.0,1.0,1.0,1.0,0.5138888888890687
5.0,1.0,1.0,1.0,1.0,1.0,1.0,1.0,1.0,0.527777777777958
5.0,1.0,1.0,1.0,1.0,1.0,1.0,1.0,1.0,0.5416666666668473
5.0,1.0,1.0,1.0,1.0,1.0,1.0,1.0,1.0,0.5555555555557365
5.0,1.0,1.0,1.0,1.0,1.0,1.0,1.0,1.0,0.5694444444446258
5.0,1.0,1.0,1.0,1.0,1.0,1.0,1.0,1.0,0.5833333333335151
5.0,1.0,1.0,1.0,1.0,1.0,1.0,1.0,1.0,0.5972222222224044
5.0,1.0,1.0,1.0,1.0,1.0,1.0,1.0,1.0,0.6111111111112937
5.0,1.0,1.0,1.0,1.0,1.0,1.0,1.0,1.0,0.625000000000183
5.0,1.0,1.0,1.0,1.0,1.0,1.0,1.0,1.0,0.6388888888890722
5.0,1.0,1.0,1.0,1.0,1.0,1.0,1.0,1.0,0.6527777777779615
5.0,1.0,1.0,1.0,1.0,1.0,1.0,1.0,1.0,0.6666666666668508
5.0,1.0,1.0,1.0,1.0,1.0,1.0,1.0,1.0,0.6805555555557401
5.0,1.0,1.0,1.0,1.0,1.0,1.0,1.0,1.0,0.6944444444446294
5.0,1.0,1.0,1.0,1.0,1.0,1.0,1.0,1.0,0.7083333333335187
5.0,1.0,1.0,1.0,1.0,1.0,1.0,1.0,1.0,0.722222222222408
5.0,1.0,1.0,1.0,1.0,1.0,1.0,1.0,1.0,0.7361111111112972
5.0,1.0,1.0,1.0,1.0,1.0,1.0,1.0,1.0,0.7500000000001865
5.0,1.0,1.0,1.0,1.0,1.0,1.0,1.0,1.0,0.7638888888890758
5.0,1.0,1.0,1.0,1.0,1.0,1.0,1.0,1.0,0.7777777777779651
5.0,1.0,1.0,1.0,1.0,1.0,1.0,1.0,1.0,0.7916666666668544
5.0,1.0,1.0,1.0,1.0,1.0,1.0,1.0,1.0,0.8055555555557437
5.0,1.0,1.0,1.0,1.0,1.0,1.0,1.0,1.0,0.8194444444446329
5.0,1.0,1.0,1.0,1.0,1.0,1.0,1.0,1.0,0.8333333333335222
5.0,1.0,1.0,1.0,1.0,1.0,1.0,1.0,1.0,0.8472222222224115
5.0,1.0,1.0,1.0,1.0,1.0,1.0,1.0,1.0,0.8611111111113008
5.0,1.0,1.0,1.0,1.0,1.0,1.0,1.0,1.0,0.8750000000001901
5.0,1.0,1.0,1.0,1.0,1.0,1.0,1.0,1.0,0.8888888888890794
5.0,1.0,1.0,1.0,1.0,1.0,1.0,1.0,1.0,0.9027777777779686
5.0,1.0,1.0,1.0,1.0,1.0,1.0,1.0,1.0,0.9166666666668579
5.0,1.0,1.0,1.0,1.0,1.0,1.0,1.0,1.0,0.9305555555557472
5.0,1.0,1.0,1.0,1.0,1.0,1.0,1.0,1.0,0.9444444444446365
5.0,1.0,1.0,1.0,1.0,1.0,1.0,1.0,1.0,0.9583333333335258
5.0,1.0,1.0,1.0,1.0,1.0,1.0,1.0,1.0,0.9722222222224151
5.0,1.0,1.0,1.0,1.0,1.0,1.0,1.0,1.0,0.9861111111113043
5.0,1.0,1.0,1.0,1.0,1.0,1.0,1.0,1.0,1.0
5.0,1.0,1.0,1.0,1.0,1.0,1.0,1.0,1.0,1.0
5.0,1.0,1.0,1.0,1.0,1.0,1.0,1.0,1.0,1.0
5.0,1.0,1.0,1.0,1.0,1.0,1.0,1.0,1.0,1.0
5.0,1.0,1.0,1.0,1.0,1.0,1.0,1.0,1.0,1.0
5.0,1.0,1.0,1.0,1.0,1.0,1.0,1.0,1.0,1.0
5.0,1.0,1.0,1.0,1.0,1.0,1.0,1.0,1.0,1.0
5.0,1.0,1.0,1.0,1.0,1.0,1.0,1.0,1.0,1.0
5.0,1.0,1.0,1.0,1.0,1.0,1.0,1.0,1.0,1.0
5.0,1.0,1.0,1.0,1.0,1.0,1.0,1.0,1.0,1.0
5.0,1.0,1.0,1.0,1.0,1.0,1.0,1.0,1.0,1.0
5.0,1.0,1.0,1.0,1.0,1.0,1.0,1.0,1.0,1.0
5.0,1.0,1.0,1.0,1.0,1.0,1.0,1.0,1.0,1.0
5.0,1.0,1.0,1.0,1.0,1.0,1.0,1.0,1.0,1.0
5.0,1.0,1.0,1.0,1.0,1.0,1.0,1.0,1.0,1.0
5.0,1.0,1.0,1.0,1.0,1.0,1.0,1.0,1.0,1.0
5.0,1.0,1.0,1.0,1.0,1.0,1.0,1.0,1.0,1.0
5.0,1.0,1.0,1.0,1.0,1.0,1.0,1.0,1.0,1.0
5.0,1.0,1.0,1.0,1.0,1.0,1.0,1.0,1.0,1.0
5.0,1.0,1.0,1.0,1.0,1.0,1.0,1.0,1.0,1.0
5.0,1.0,1.0,1.0,1.0,1.0,1.0,1.0,1.0,1.0
5.0,1.0,1.0,1.0,1.0,1.0,1.0,1.0,1.0,1.0
5.0,1.0,1.0,1.0,1.0,1.0,1.0,1.0,1.0,1.0
5.0,1.0,1.0,1.0,1.0,1.0,1.0,1.0,1.0,1.0
5.0,1.0,1.0,1.0,1.0,1.0,1.0,1.0,1.0,1.0
5.0,1.0,1.0,1.0,1.0,1.0,1.0,1.0,1.0,1.0
5.0,1.0,1.0,1.0,1.0,1.0,1.0,1.0,1.0,1.0
5.0,1.0,1.0,1.0,1.0,1.0,1.0,1.0,1.0,1.0
5.0,1.0,1.0,1.0,1.0,1.0,1.0,1.0,1.0,1.0
5.0,1.0,1.0,1.0,1.0,1.0,1.0,1.0,1.0,1.0
5.0,1.0,1.0,1.0,1.0,1.0,1.0,1.0,1.0,1.0
5.0,1.0,1.0,1.0,1.0,1.0,1.0,1.0,1.0,1.0
5.0,1.0,1.0,1.0,1.0,1.0,1.0,1.0,1.0,1.0
5.0,1.0,1.0,1.0,1.0,1.0,1.0,1.0,1.0,1.0
5.0,1.0,1.0,1.0,1.0,1.0,1.0,1.0,1.0,1.0
5.0,1.0,1.0,1.0,1.0,1.0,1.0,1.0,1.0,1.0
5.0,1.0,1.0,1.0,1.0,1.0,1.0,1.0,1.0,1.0,0.5000000000002078
5.0,1.0,1.0,1.0,1.0,1.0,1.0,1.0,1.0,1.0,0.5138888888890971
5.0,1.0,1.0,1.0,1.0,1.0,1.0,1.0,1.0,1.0,0.5277777777779864
5.0,1.0,1.0,1.0,1.0,1.0,1.0,1.0,1.0,1.0,0.5416666666668757
5.0,1.0,1.0,1.0,1.0,1.0,1.0,1.0,1.0,1.0,0.555555555555765
5.0,1.0,1.0,1.0,1.0,1.0,1.0,1.0,1.0,1.0,0.5694444444446543
5.0,1.0,1.0,1.0,1.0,1.0,1.0,1.0,1.0,1.0,0.5833333333335435
5.0,1.0,1.0,1.0,1.0,1.0,1.0,1.0,1.0,1.0,0.5972222222224328
5.0,1.0,1.0,1.0,1.0,1.0,1.0,1.0,1.0,1.0,0.6111111111113221
5.0,1.0,1.0,1.0,1.0,1.0,1.0,1.0,1.0,1.0,0.6250000000002114
5.0,1.0,1.0,1.0,1.0,1.0,1.0,1.0,1.0,1.0,0.6388888888891007
5.0,1.0,1.0,1.0,1.0,1.0,1.0,1.0,1.0,1.0,0.65277777777799
5.0,1.0,1.0,1.0,1.0,1.0,1.0,1.0,1.0,1.0,0.6666666666668792
5.0,1.0,1.0,1.0,1.0,1.0,1.0,1.0,1.0,1.0,0.6805555555557685
5.0,1.0,1.0,1.0,1.0,1.0,1.0,1.0,1.0,1.0,0.6944444444446578
5.0,1.0,1.0,1.0,1.0,1.0,1.0,1.0,1.0,1.0,0.7083333333335471
5.0,1.0,1.0,1.0,1.0,1.0,1.0,1.0,1.0,1.0,0.7222222222224364
5.0,1.0,1.0,1.0,1.0,1.0,1.0,1.0,1.0,1.0,0.7361111111113257
5.0,1.0,1.0,1.0,1.0,1.0,1.0,1.0,1.0,1.0,0.7500000000002149
5.0,1.0,1.0,1.0,1.0,1.0,1.0,1.0,1.0,1.0,0.7638888888891042
5.0,1.0,1.0,1.0,1.0,1.0,1.0,1.0,1.0,1.0,0.7777777777779935
5.0,1.0,1.0,1.0,1.0,1.0,1.0,1.0,1.0,1.0,0.7916666666668828
5.0,1.0,1.0,1.0,1.0,1.0,1.0,1.0,1.0,1.0,0.8055555555557721
5.0,1.0,1.0,1.0,1.0,1.0,1.0,1.0,1.0,1.0,0.8194444444446614
5.0,1.0,1.0,1.0,1.0,1.0,1.0,1.0,1.0,1.0,0.8333333333335506
5.0,1.0,1.0,1.0,1.0,1.0,1.0,1.0,1.0,1.0,0.8472222222224399
5.0,1.0,1.0,1.0,1.0,1.0,1.0,1.0,1.0,1.0,0.8611111111113292
5.0,1.0,1.0,1.0,1.0,1.0,1.0,1.0,1.0,1.0,0.8750000000002185
5.0,1.0,1.0,1.0,1.0,1.0,1.0,1.0,1.0,1.0,0.8888888888891078
5.0,1.0,1.0,1.0,1.0,1.0,1.0,1.0,1.0,1.0,0.9027777777779971
5.0,1.0,1.0,1.0,1.0,1.0,1.0,1.0,1.0,1.0,0.9166666666668863
5.0,1.0,1.0,1.0,1.0,1.0,1.0,1.0,1.0,1.0,0.9305555555557756
5.0,1.0,1.0,1.0,1.0,1.0,1.0,1.0,1.0,1.0,0.9444444444446649
5.0,1.0,1.0,1.0,1.0,1.0,1.0,1.0,1.0,1.0,0.9583333333335542
5.0,1.0,1.0,1.0,1.0,1.0,1.0,1.0,1.0,1.0,0.9722222222224435
5.0,1.0,1.0,1.0,1.0,1.0,1.0,1.0,1.0,1.0,0.9861111111113328
5.0,1.0,1.0,1.0,1.0,1.0,1.0,1.0,1.0,1.0,1.0
5.0,1.0,1.0,1.0,1.0,1.0,1.0,1.0,1.0,1.0,1.0
5.0,1.0,1.0,1.0,1.0,1.0,1.0,1.0,1.0,1.0,1.0
5.0,1.0,1.0,1.0,1.0,1.0,1.0,1.0,1.0,1.0,1.0
5.0,1.0,1.0,1.0,1.0,1.0,1.0,1.0,1.0,1.0,1.0
5.0,1.0,1.0,1.0,1.0,1.0,1.0,1.0,1.0,1.0,1.0
5.0,1.0,1.0,1.0,1.0,1.0,1.0,1.0,1.0,1.0,1.0
5.0,1.0,1.0,1.0,1.0,1.0,1.0,1.0,1.0,1.0,1.0
5.0,1.0,1.0,1.0,1.0,1.0,1.0,1.0,1.0,1.0,1.0
5.0,1.0,1.0,1.0,1.0,1.0,1.0,1.0,1.0,1.0,1.0
5.0,1.0,1.0,1.0,1.0,1.0,1.0,1.0,1.0,1.0,1.0
5.0,1.0,1.0,1.0,1.0,1.0,1.0,1.0,1.0,1.0,1.0
5.0,1.0,1.0,1.0,1.0,1.0,1.0,1.0,1.0,1.0,1.0
5.0,1.0,1.0,1.0,1.0,1.0,1.0,1.0,1.0,1.0,1.0
5.0,1.0,1.0,1.0,1.0,1.0,1.0,1.0,1.0,1.0,1.0
5.0,1.0,1.0,1.0,1.0,1.0,1.0,1.0,1.0,1.0,1.0
5.0,1.0,1.0,1.0,1.0,1.0,1.0,1.0,1.0,1.0,1.0
5.0,1.0,1.0,1.0,1.0,1.0,1.0,1.0,1.0,1.0,1.0
5.0,1.0,1.0,1.0,1.0,1.0,1.0,1.0,1.0,1.0,1.0
5.0,1.0,1.0,1.0,1.0,1.0,1.0,1.0,1.0,1.0,1.0
5.0,1.0,1.0,1.0,1.0,1.0,1.0,1.0,1.0,1.0,1.0
5.0,1.0,1.0,1.0,1.0,1.0,1.0,1.0,1.0,1.0,1.0
5.0,1.0,1.0,1.0,1.0,1.0,1.0,1.0,1.0,1.0,1.0
5.0,1.0,1.0,1.0,1.0,1.0,1.0,1.0,1.0,1.0,1.0
5.0,1.0,1.0,1.0,1.0,1.0,1.0,1.0,1.0,1.0,1.0
5.0,1.0,1.0,1.0,1.0,1.0,1.0,1.0,1.0,1.0,1.0
5.0,1.0,1.0,1.0,1.0,1.0,1.0,1.0,1.0,1.0,1.0
5.0,1.0,1.0,1.0,1.0,1.0,1.0,1.0,1.0,1.0,1.0
5.0,1.0,1.0,1.0,1.0,1.0,1.0,1.0,1.0,1.0,1.0
5.0,1.0,1.0,1.0,1.0,1.0,1.0,1.0,1.0,1.0,1.0
5.0,1.0,1.0,1.0,1.0,1.0,1.0,1.0,1.0,1.0,1.0
5.0,1.0,1.0,1.0,1.0,1.0,1.0,1.0,1.0,1.0,1.0
5.0,1.0,1.0,1.0,1.0,1.0,1.0,1.0,1.0,1.0,1.0
5.0,1.0,1.0,1.0,1.0,1.0,1.0,1.0,1.0,1.0,1.0
5.0,1.0,1.0,1.0,1.0,1.0,1.0,1.0,1.0,1.0,1.0
5.0,1.0,1.0,1.0,1.0,1.0,1.0,1.0,1.0,1.0,1.0
5.0,1.0,1.0,1.0,1.0,1.0,1.0,1.0,1.0,1.0,1.0
5.0,1.0,1.0,1.0,1.0,1.0,1.0,1.0,1.0,1.0,1.0
5.0,1.0,1.0,1.0,1.0,1.0,1.0,1.0,1.0,1.0,1.0
5.0,1.0,1.0,1.0,1.0,1.0,1.0,1.0,1.0,1.0,1.0
5.0,1.0,1.0,1.0,1.0,1.0,1.0,1.0,1.0,1.0,1.0
5.0,1.0,1.0,1.0,1.0,1.0,1.0,1.0,1.0,1.0,1.0
5.0,1.0,1.0,1.0,1.0,1.0,1.0,1.0,1.0,1.0,1.0
5.0,1.0,1.0,1.0,1.0,1.0,1.0,1.0,1.0,1.0,1.0
5.0,1.0,1.0,1.0,1.0,1.0,1.0,1.0,1.0,1.0,1.0
5.0,1.0,1.0,1.0,1.0,1.0,1.0,1.0,1.0,1.0,1.0
5.0,1.0,1.0,1.0,1.0,1.0,1.0,1.0,1.0,1.0,1.0
5.0,1.0,1.0,1.0,1.0,1.0,1.0,1.0,1.0,1.0,1.0
5.0,1.0,1.0,1.0,1.0,1.0,1.0,1.0,1.0,1.0,1.0
5.0,1.0,1.0,1.0,1.0,1.0,1.0,1.0,1.0,1.0,1.0
5.0,1.0,1.0,1.0,1.0,1.0,1.0,1.0,1.0,1.0,1.0
5.0,1.0,1.0,1.0,1.0,1.0,1.0,1.0,1.0,1.0,1.0
5.0,1.0,1.0,1.0,1.0,1.0,1.0,1.0,1.0,1.0,1.0
5.0,1.0,1.0,1.0,1.0,1.0,1.0,1.0,1.0,1.0,1.0
5.0,1.0,1.0,1.0,1.0,1.0,1.0,1.0,1.0,1.0,1.0
5.0,1.0,1.0,1.0,1.0,1.0,1.0,1.0,1.0,1.0,1.0
5.0,1.0,1.0,1.0,1.0,1.0,1.0,1.0,1.0,1.0,1.0
5.0,1.0,1.0,1.0,1.0,1.0,1.0,1.0,1.0,1.0,1.0
5.0,1.0,1.0,1.0,1.0,1.0,1.0,1.0,1.0,1.0,1.0
5.0,1.0,1.0,1.0,1.0,1.0,1.0,1.0,1.0,1.0,1.0
5.0,1.0,1.0,1.0,1.0,1.0,1.0,1.0,1.0,1.0,1.0
5.0,1.0,1.0,1.0,1.0,1.0,1.0,1.0,1.0,1.0,1.0
5.0,1.0,1.0,1.0,1.0,1.0,1.0,1.0,1.0,1.0,1.0
5.0,1.0,1.0,1.0,1.0,1.0,1.0,1.0,1.0,1.0,1.0
5.0,1.0,1.0,1.0,1.0,1.0,1.0,1.0,1.0,1.0,1.0
5.0,1.0,1.0,1.0,1.0,1.0,1.0,1.0,1.0,1.0,1.0
5.0,1.0,1.0,1.0,1.0,1.0,1.0,1.0,1.0,1.0,1.0
5.0,1.0,1.0,1.0,1.0,1.0,1.0,1.0,1.0,1.0,1.0
5.0,1.0,1.0,1.0,1.0,1.0,1.0,1.0,1.0,1.0,1.0
5.0,1.0,1.0,1.0,1.0,1.0,1.0,1.0,1.0,1.0,1.0
5.0,1.0,1.0,1.0,1.0,1.0,1.0,1.0,1.0,1.0,1.0
5.0,1.0,1.0,1.0,1.0,1.0,1.0,1.0,1.0,1.0,1.0
5.0,1.0,1.0,1.0,1.0,1.0,1.0,1.0,1.0,1.0,1.0
5.0,1.0,1.0,1.0,1.0,1.0,1.0,1.0,1.0,1.0,1.0
5.0,1.0,1.0,1.0,1.0,1.0,1.0,1.0,1.0,1.0,1.0
5.0,1.0,1.0,1.0,1.0,1.0,1.0,1.0,1.0,1.0,1.0
5.0,1.0,1.0,1.0,1.0,1.0,1.0,1.0,1.0,1.0,1.0
5.0,1.0,1.0,1.0,1.0,1.0,1.0,1.0,1.0,1.0,1.0
5.0,1.0,1.0,1.0,1.0,1.0,1.0,1.0,1.0,1.0,1.0
5.0,1.0,1.0,1.0,1.0,1.0,1.0,1.0,1.0,1.0,1.0
5.0,1.0,1.0,1.0,1.0,1.0,1.0,1.0,1.0,1.0,1.0
5.0,1.0,1.0,1.0,1.0,1.0,1.0,1.0,1.0,1.0,1.0
5.0,1.0,1.0,1.0,1.0,1.0,1.0,1.0,1.0,1.0,1.0
5.0,1.0,1.0,1.0,1.0,1.0,1.0,1.0,1.0,1.0,1.0
5.0,1.0,1.0,1.0,1.0,1.0,1.0,1.0,1.0,1.0,1.0
5.0,1.0,1.0,1.0,1.0,1.0,1.0,1.0,1.0,1.0,1.0
5.0,1.0,1.0,1.0,1.0,1.0,1.0,1.0,1.0,1.0,1.0
5.0,1.0,1.0,1.0,1.0,1.0,1.0,1.0,1.0,1.0,1.0
5.0,1.0,1.0,1.0,1.0,1.0,1.0,1.0,1.0,1.0,1.0
5.0,1.0,1.0,1.0,1.0,1.0,1.0,1.0,1.0,1.0,1.0
5.0,1.0,1.0,1.0,1.0,1.0,1.0,1.0,1.0,1.0,1.0
5.0,1.0,1.0,1.0,1.0,1.0,1.0,1.0,1.0,1.0,1.0
5.0,1.0,1.0,1.0,1.0,1.0,1.0,1.0,1.0,1.0,1.0
5.0,1.0,1.0,1.0,1.0,1.0,1.0,1.0,1.0,1.0,1.0
5.0,1.0,1.0,1.0,1.0,1.0,1.0,1.0,1.0,1.0,1.0
5.0,1.0,1.0,1.0,1.0,1.0,1.0,1.0,1.0,1.0,1.0
5.0,1.0,1.0,1.0,1.0,1.0,1.0,1.0,1.0,1.0,1.0
5.0,1.0,1.0,1.0,1.0,1.0,1.0,1.0,1.0,1.0,1.0
5.0,1.0,1.0,1.0,1.0,1.0,1.0,1.0,1.0,1.0,1.0
5.0,1.0,1.0,1.0,1.0,1.0,1.0,1.0,1.0,1.0,1.0
5.0,1.0,1.0,1.0,1.0,1.0,1.0,1.0,1.0,1.0,1.0
5.0,1.0,1.0,1.0,1.0,1.0,1.0,1.0,1.0,1.0,1.0
5.0,1.0,1.0,1.0,1.0,1.0,1.0,1.0,1.0,1.0,1.0
5.0,1.0,1.0,1.0,1.0,1.0,1.0,1.0,1.0,1.0,1.0
5.0,1.0,1.0,1.0,1.0,1.0,1.0,1.0,1.0,1.0,1.0
5.0,1.0,1.0,1.0,1.0,1.0,1.0,1.0,1.0,1.0,1.0
5.0,1.0,1.0,1.0,1.0,1.0,1.0,1.0,1.0,1.0,1.0
5.0,1.0,1.0,1.0,1.0,1.0,1.0,1.0,1.0,1.0,1.0
5.0,1.0,1.0,1.0,1.0,1.0,1.0,1.0,1.0,1.0,1.0
5.0,1.0,1.0,1.0,1.0,1.0,1.0,1.0,1.0,1.0,1.0
5.0,1.0,1.0,1.0,1.0,1.0,1.0,1.0,1.0,1.0,1.0
5.0,1.0,1.0,1.0,1.0,1.0,1.0,1.0,1.0,1.0,1.0
5.0,1.0,1.0,1.0,1.0,1.0,1.0,1.0,1.0,1.0,1.0
5.0,1.0,1.0,1.0,1.0,1.0,1.0,1.0,1.0,1.0,1.0
5.0,1.0,1.0,1.0,1.0,1.0,1.0,1.0,1.0,1.0,1.0
5.0,1.0,1.0,1.0,1.0,1.0,1.0,1.0,1.0,1.0,1.0
5.0,1.0,1.0,1.0,1.0,1.0,1.0,1.0,1.0,1.0,1.0
5.0,1.0,1.0,1.0,1.0,1.0,1.0,1.0,1.0,1.0,1.0
5.0,1.0,1.0,1.0,1.0,1.0,1.0,1.0,1.0,1.0,1.0
5.0,1.0,1.0,1.0,1.0,1.0,1.0,1.0,1.0,1.0,1.0
5.0,1.0,1.0,1.0,1.0,1.0,1.0,1.0,1.0,1.0,1.0
5.0,1.0,1.0,1.0,1.0,1.0,1.0,1.0,1.0,1.0,1.0
5.0,1.0,1.0,1.0,1.0,1.0,1.0,1.0,1.0,1.0,1.0
5.0,1.0,1.0,1.0,1.0,1.0,1.0,1.0,1.0,1.0,1.0
5.0,1.0,1.0,1.0,1.0,1.0,1.0,1.0,1.0,1.0,1.0
5.0,1.0,1.0,1.0,1.0,1.0,1.0,1.0,1.0,1.0,1.0
5.0,1.0,1.0,1.0,1.0,1.0,1.0,1.0,1.0,1.0,1.0
5.0,1.0,1.0,1.0,1.0,1.0,1.0,1.0,1.0,1.0,1.0
5.0,1.0,1.0,1.0,1.0,1.0,1.0,1.0,1.0,1.0,1.0
5.0,1.0,1.0,1.0,1.0,1.0,1.0,1.0,1.0,1.0,1.0
5.0,1.0,1.0,1.0,1.0,1.0,1.0,1.0,1.0,1.0,1.0
5.0,1.0,1.0,1.0,1.0,1.0,1.0,1.0,1.0,1.0,1.0
5.0,1.0,1.0,1.0,1.0,1.0,1.0,1.0,1.0,1.0,1.0
5.0,1.0,1.0,1.0,1.0,1.0,1.0,1.0,1.0,1.0,1.0
5.0,1.0,1.0,1.0,1.0,1.0,1.0,1.0,1.0,1.0,1.0
5.0,1.0,1.0,1.0,1.0,1.0,1.0,1.0,1.0,1.0,1.0
5.0,1.0,1.0,1.0,1.0,1.0,1.0,1.0,1.0,1.0,1.0
5.0,1.0,1.0,1.0,1.0,1.0,1.0,1.0,1.0,1.0,1.0
5.0,1.0,1.0,1.0,1.0,1.0,1.0,1.0,1.0,1.0,1.0
5.0,1.0,1.0,1.0,1.0,1.0,1.0,1.0,1.0,1.0,1.0
5.0,1.0,1.0,1.0,1.0,1.0,1.0,1.0,1.0,1.0,1.0
5.0,1.0,1.0,1.0,1.0,1.0,1.0,1.0,1.0,1.0,1.0
5.0,1.0,1.0,1.0,1.0,1.0,1.0,1.0,1.0,1.0,1.0
5.0,1.0,1.0,1.0,1.0,1.0,1.0,1.0,1.0,1.0,1.0
5.0,1.0,1.0,1.0,1.0,1.0,1.0,1.0,1.0,1.0,1.0
5.0,1.0,1.0,1.0,1.0,1.0,1.0,1.0,1.0,1.0,1.0
5.0,1.0,1.0,1.0,1.0,1.0,1.0,1.0,1.0,1.0,1.0
5.0,1.0,1.0,1.0,1.0,1.0,1.0,1.0,1.0,1.0,1.0
5.0,1.0,1.0,1.0,1.0,1.0,1.0,1.0,1.0,1.0,1.0
5.0,1.0,1.0,1.0,1.0,1.0,1.0,1.0,1.0,1.0,1.0
5.0,1.0,1.0,1.0,1.0,1.0,1.0,1.0,1.0,1.0,1.0
5.0,1.0,1.0,1.0,1.0,1.0,1.0,1.0,1.0,1.0,1.0
5.0,1.0,1.0,1.0,1.0,1.0,1.0,1.0,1.0,1.0,1.0
5.0,1.0,1.0,1.0,1.0,1.0,1.0,1.0,1.0,1.0,1.0
5.0,1.0,1.0,1.0,1.0,1.0,1.0,1.0,1.0,1.0,1.0
5.0,1.0,1.0,1.0,1.0,1.0,1.0,1.0,1.0,1.0,1.0
5.0,1.0,1.0,1.0,1.0,1.0,1.0,1.0,1.0,1.0,1.0
5.0,1.0,1.0,1.0,1.0,1.0,1.0,1.0,1.0,1.0,1.0
5.0,1.0,1.0,1.0,1.0,1.0,1.0,1.0,1.0,1.0,1.0
5.0,1.0,1.0,1.0,1.0,1.0,1.0,1.0,1.0,1.0,1.0
5.0,1.0,1.0,1.0,1.0,1.0,1.0,1.0,1.0,1.0,1.0
5.0,1.0,1.0,1.0,1.0,1.0,1.0,1.0,1.0,1.0,1.0
5.0,1.0,1.0,1.0,1.0,1.0,1.0,1.0,1.0,1.0,1.0
5.0,1.0,1.0,1.0,1.0,1.0,1.0,1.0,1.0,1.0,1.0
5.0,1.0,1.0,1.0,1.0,1.0,1.0,1.0,1.0,1.0,1.0
5.0,1.0,1.0,1.0,1.0,1.0,1.0,1.0,1.0,1.0,1.0
5.0,1.0,1.0,1.0,1.0,1.0,1.0,1.0,1.0,1.0,1.0
5.0,1.0,1.0,1.0,1.0,1.0,1.0,1.0,1.0,1.0,1.0
5.0,1.0,1.0,1.0,1.0,1.0,1.0,1.0,1.0,1.0,1.0
5.0,1.0,1.0,1.0,1.0,1.0,1.0,1.0,1.0,1.0,1.0
5.0,1.0,1.0,1.0,1.0,1.0,1.0,1.0,1.0,1.0,1.0
5.0,1.0,1.0,1.0,1.0,1.0,1.0,1.0,1.0,1.0,1.0
5.0,1.0,1.0,1.0,1.0,1.0,1.0,1.0,1.0,1.0,1.0
5.0,1.0,1.0,1.0,1.0,1.0,1.0,1.0,1.0,1.0,1.0
5.0,1.0,1.0,1.0,1.0,1.0,1.0,1.0,1.0,1.0,1.0
5.0,1.0,1.0,1.0,1.0,1.0,1.0,1.0,1.0,1.0,1.0
5.0,1.0,1.0,1.0,1.0,1.0,1.0,1.0,1.0,1.0,1.0
5.0,1.0,1.0,1.0,1.0,1.0,1.0,1.0,1.0,1.0,1.0
5.0,1.0,1.0,1.0,1.0,1.0,1.0,1.0,1.0,1.0,1.0
5.0,1.0,1.0,1.0,1.0,1.0,1.0,1.0,1.0,1.0,1.0
5.0,1.0,1.0,1.0,1.0,1.0,1.0,1.0,1.0,1.0,1.0
5.0,1.0,1.0,1.0,1.0,1.0,1.0,1.0,1.0,1.0,1.0
5.0,1.0,1.0,1.0,1.0,1.0,1.0,1.0,1.0,1.0,1.0
5.0,1.0,1.0,1.0,1.0,1.0,1.0,1.0,1.0,1.0,1.0
5.0,1.0,1.0,1.0,1.0,1.0,1.0,1.0,1.0,1.0,1.0
5.0,1.0,1.0,1.0,1.0,1.0,1.0,1.0,1.0,1.0,1.0
5.0,1.0,1.0,1.0,1.0,1.0,1.0,1.0,1.0,1.0,1.0
5.0,1.0,1.0,1.0,1.0,1.0,1.0,1.0,1.0,1.0,1.0
5.0,1.0,1.0,1.0,1.0,1.0,1.0,1.0,1.0,1.0,1.0
5.0,1.0,1.0,1.0,1.0,1.0,1.0,1.0,1.0,1.0,1.0
5.0,1.0,1.0,1.0,1.0,1.0,1.0,1.0,1.0,1.0,1.0
5.0,1.0,1.0,1.0,1.0,1.0,1.0,1.0,1.0,1.0,1.0
5.0,1.0,1.0,1.0,1.0,1.0,1.0,1.0,1.0,1.0,1.0
5.0,1.0,1.0,1.0,1.0,1.0,1.0,1.0,1.0,1.0,1.0
5.0,1.0,1.0,1.0,1.0,1.0,1.0,1.0,1.0,1.0,1.0
5.0,1.0,1.0,1.0,1.0,1.0,1.0,1.0,1.0,1.0,1.0
5.0,1.0,1.0,1.0,1.0,1.0,1.0,1.0,1.0,1.0,1.0
5.0,1.0,1.0,1.0,1.0,1.0,1.0,1.0,1.0,1.0,1.0
5.0,1.0,1.0,1.0,1.0,1.0,1.0,1.0,1.0,1.0,1.0
5.0,1.0,1.0,1.0,1.0,1.0,1.0,1.0,1.0,1.0,1.0
5.0,1.0,1.0,1.0,1.0,1.0,1.0,1.0,1.0,1.0,1.0
5.0,1.0,1.0,1.0,1.0,1.0,1.0,1.0,1.0,1.0,1.0
5.0,1.0,1.0,1.0,1.0,1.0,1.0,1.0,1.0,1.0,1.0
5.0,1.0,1.0,1.0,1.0,1.0,1.0,1.0,1.0,1.0,1.0
5.0,1.0,1.0,1.0,1.0,1.0,1.0,1.0,1.0,1.0,1.0
5.0,1.0,1.0,1.0,1.0,1.0,1.0,1.0,1.0,1.0,1.0
5.0,1.0,1.0,1.0,1.0,1.0,1.0,1.0,1.0,1.0,1.0
5.0,1.0,1.0,1.0,1.0,1.0,1.0,1.0,1.0,1.0,1.0
5.0,1.0,1.0,1.0,1.0,1.0,1.0,1.0,1.0,1.0,1.0
5.0,1.0,1.0,1.0,1.0,1.0,1.0,1.0,1.0,1.0,1.0
5.0,1.0,1.0,1.0,1.0,1.0,1.0,1.0,1.0,1.0,1.0
5.0,1.0,1.0,1.0,1.0,1.0,1.0,1.0,1.0,1.0,1.0
5.0,1.0,1.0,1.0,1.0,1.0,1.0,1.0,1.0,1.0,1.0
5.0,1.0,1.0,1.0,1.0,1.0,1.0,1.0,1.0,1.0,1.0
5.0,1.0,1.0,1.0,1.0,1.0,1.0,1.0,1.0,1.0,1.0
5.0,1.0,1.0,1.0,1.0,1.0,1.0,1.0,1.0,1.0,1.0
5.0,1.0,1.0,1.0,1.0,1.0,1.0,1.0,1.0,1.0,1.0
5.0,1.0,1.0,1.0,1.0,1.0,1.0,1.0,1.0,1.0,1.0
5.0,1.0,1.0,1.0,1.0,1.0,1.0,1.0,1.0,1.0,1.0
5.0,1.0,1.0,1.0,1.0,1.0,1.0,1.0,1.0,1.0,1.0
5.0,1.0,1.0,1.0,1.0,1.0,1.0,1.0,1.0,1.0,1.0
5.0,1.0,1.0,1.0,1.0,1.0,1.0,1.0,1.0,1.0,1.0
5.0,1.0,1.0,1.0,1.0,1.0,1.0,1.0,1.0,1.0,1.0
5.0,1.0,1.0,1.0,1.0,1.0,1.0,1.0,1.0,1.0,1.0
5.0,1.0,1.0,1.0,1.0,1.0,1.0,1.0,1.0,1.0,1.0
5.0,1.0,1.0,1.0,1.0,1.0,1.0,1.0,1.0,1.0,1.0
5.0,1.0,1.0,1.0,1.0,1.0,1.0,1.0,1.0,1.0,1.0
5.0,1.0,1.0,1.0,1.0,1.0,1.0,1.0,1.0,1.0,1.0
5.0,1.0,1.0,1.0,1.0,1.0,1.0,1.0,1.0,1.0,1.0
5.0,1.0,1.0,1.0,1.0,1.0,1.0,1.0,1.0,1.0,1.0
5.0,1.0,1.0,1.0,1.0,1.0,1.0,1.0,1.0,1.0,1.0
5.0,1.0,1.0,1.0,1.0,1.0,1.0,1.0,1.0,1.0,1.0
5.0,1.0,1.0,1.0,1.0,1.0,1.0,1.0,1.0,1.0,1.0
5.0,1.0,1.0,1.0,1.0,1.0,1.0,1.0,1.0,1.0,1.0
5.0,1.0,1.0,1.0,1.0,1.0,1.0,1.0,1.0,1.0,1.0
5.0,1.0,1.0,1.0,1.0,1.0,1.0,1.0,1.0,1.0,1.0
5.0,1.0,1.0,1.0,1.0,1.0,1.0,1.0,1.0,1.0,1.0
5.0,1.0,1.0,1.0,1.0,1.0,1.0,1.0,1.0,1.0,1.0
5.0,1.0,1.0,1.0,1.0,1.0,1.0,1.0,1.0,1.0,1.0
5.0,1.0,1.0,1.0,1.0,1.0,1.0,1.0,1.0,1.0,1.0
5.0,1.0,1.0,1.0,1.0,1.0,1.0,1.0,1.0,1.0,1.0
5.0,1.0,1.0,1.0,1.0,1.0,1.0,1.0,1.0,1.0,1.0
5.0,1.0,1.0,1.0,1.0,1.0,1.0,1.0,1.0,1.0,1.0
5.0,1.0,1.0,1.0,1.0,1.0,1.0,1.0,1.0,1.0,1.0
5.0,1.0,1.0,1.0,1.0,1.0,1.0,1.0,1.0,1.0,1.0
5.0,1.0,1.0,1.0,1.0,1.0,1.0,1.0,1.0,1.0,1.0
5.0,1.0,1.0,1.0,1.0,1.0,1.0,1.0,1.0,1.0,1.0
5.0,1.0,1.0,1.0,1.0,1.0,1.0,1.0,1.0,1.0,1.0
5.0,1.0,1.0,1.0,1.0,1.0,1.0,1.0,1.0,1.0,1.0
5.0,1.0,1.0,1.0,1.0,1.0,1.0,1.0,1.0,1.0,1.0
5.0,1.0,1.0,1.0,1.0,1.0,1.0,1.0,1.0,1.0,1.0
5.0,1.0,1.0,1.0,1.0,1.0,1.0,1.0,1.0,1.0,1.0
5.0,1.0,1.0,1.0,1.0,1.0,1.0,1.0,1.0,1.0,1.0
5.0,1.0,1.0,1.0,1.0,1.0,1.0,1.0,1.0,1.0,1.0
5.0,1.0,1.0,1.0,1.0,1.0,1.0,1.0,1.0,1.0,1.0
5.0,1.0,1.0,1.0,1.0,1.0,1.0,1.0,1.0,1.0,1.0
5.0,1.0,1.0,1.0,1.0,1.0,1.0,1.0,1.0,1.0,1.0
5.0,1.0,1.0,1.0,1.0,1.0,1.0,1.0,1.0,1.0,1.0
5.0,1.0,1.0,1.0,1.0,1.0,1.0,1.0,1.0,1.0,1.0
5.0,1.0,1.0,1.0,1.0,1.0,1.0,1.0,1.0,1.0,1.0
5.0,1.0,1.0,1.0,1.0,1.0,1.0,1.0,1.0,1.0,1.0
5.0,1.0,1.0,1.0,1.0,1.0,1.0,1.0,1.0,1.0,1.0
5.0,1.0,1.0,1.0,1.0,1.0,1.0,1.0,1.0,1.0,1.0
5.0,1.0,1.0,1.0,1.0,1.0,1.0,1.0,1.0,1.0,1.0
5.0,1.0,1.0,1.0,1.0,1.0,1.0,1.0,1.0,1.0,1.0
5.0,1.0,1.0,1.0,1.0,1.0,1.0,1.0,1.0,1.0,1.0
5.0,1.0,1.0,1.0,1.0,1.0,1.0,1.0,1.0,1.0,1.0
5.0,1.0,1.0,1.0,1.0,1.0,1.0,1.0,1.0,1.0,1.0
5.0,1.0,1.0,1.0,1.0,1.0,1.0,1.0,1.0,1.0,1.0
5.0,1.0,1.0,1.0,1.0,1.0,1.0,1.0,1.0,1.0,1.0
5.0,1.0,1.0,1.0,1.0,1.0,1.0,1.0,1.0,1.0,1.0
5.0,1.0,1.0,1.0,1.0,1.0,1.0,1.0,1.0,1.0,1.0
5.0,1.0,1.0,1.0,1.0,1.0,1.0,1.0,1.0,1.0,1.0
5.0,1.0,1.0,1.0,1.0,1.0,1.0,1.0,1.0,1.0,1.0
5.0,1.0,1.0,1.0,1.0,1.0,1.0,1.0,1.0,1.0,1.0
5.0,1.0,1.0,1.0,1.0,1.0,1.0,1.0,1.0,1.0,1.0
5.0,1.0,1.0,1.0,1.0,1.0,1.0,1.0,1.0,1.0,1.0
5.0,1.0,1.0,1.0,1.0,1.0,1.0,1.0,1.0,1.0,1.0
5.0,1.0,1.0,1.0,1.0,1.0,1.0,1.0,1.0,1.0,1.0
5.0,1.0,1.0,1.0,1.0,1.0,1.0,1.0,1.0,1.0,1.0
5.0,1.0,1.0,1.0,1.0,1.0,1.0,1.0,1.0,1.0,1.0
5.0,1.0,1.0,1.0,1.0,1.0,1.0,1.0,1.0,1.0,1.0
5.0,1.0,1.0,1.0,1.0,1.0,1.0,1.0,1.0,1.0,1.0
5.0,1.0,1.0,1.0,1.0,1.0,1.0,1.0,1.0,1.0,1.0
5.0,1.0,1.0,1.0,1.0,1.0,1.0,1.0,1.0,1.0,1.0
5.0,1.0,1.0,1.0,1.0,1.0,1.0,1.0,1.0,1.0,1.0
5.0,1.0,1.0,1.0,1.0,1.0,1.0,1.0,1.0,1.0,1.0
5.0,1.0,1.0,1.0,1.0,1.0,1.0,1.0,1.0,1.0,1.0
5.0,1.0,1.0,1.0,1.0,1.0,1.0,1.0,1.0,1.0,1.0
5.0,1.0,1.0,1.0,1.0,1.0,1.0,1.0,1.0,1.0,1.0
5.0,1.0,1.0,1.0,1.0,1.0,1.0,1.0,1.0,1.0,1.0
5.0,1.0,1.0,1.0,1.0,1.0,1.0,1.0,1.0,1.0,1.0
5.0,1.0,1.0,1.0,1.0,1.0,1.0,1.0,1.0,1.0,1.0
5.0,1.0,1.0,1.0,1.0,1.0,1.0,1.0,1.0,1.0,1.0
5.0,1.0,1.0,1.0,1.0,1.0,1.0,1.0,1.0,1.0,1.0
5.0,1.0,1.0,1.0,1.0,1.0,1.0,1.0,1.0,1.0,1.0
5.0,1.0,1.0,1.0,1.0,1.0,1.0,1.0,1.0,1.0,1.0
5.0,1.0,1.0,1.0,1.0,1.0,1.0,1.0,1.0,1.0,1.0
5.0,1.0,1.0,1.0,1.0,1.0,1.0,1.0,1.0,1.0,1.0
5.0,1.0,1.0,1.0,1.0,1.0,1.0,1.0,1.0,1.0,1.0
5.0,1.0,1.0,1.0,1.0,1.0,1.0,1.0,1.0,1.0,1.0
5.0,1.0,1.0,1.0,1.0,1.0,1.0,1.0,1.0,1.0,1.0
5.0,1.0,1.0,1.0,1.0,1.0,1.0,1.0,1.0,1.0,1.0
5.0,1.0,1.0,1.0,1.0,1.0,1.0,1.0,1.0,1.0,1.0
5.0,1.0,1.0,1.0,1.0,1.0,1.0,1.0,1.0,1.0,1.0
5.0,1.0,1.0,1.0,1.0,1.0,1.0,1.0,1.0,1.0,1.0
5.0,1.0,1.0,1.0,1.0,1.0,1.0,1.0,1.0,1.0,1.0
5.0,1.0,1.0,1.0,1.0,1.0,1.0,1.0,1.0,1.0,1.0
5.0,1.0,1.0,1.0,1.0,1.0,1.0,1.0,1.0,1.0,1.0
5.0,1.0,1.0,1.0,1.0,1.0,1.0,1.0,1.0,1.0,1.0
5.0,1.0,1.0,1.0,1.0,1.0,1.0,1.0,1.0,1.0,1.0
5.0,1.0,1.0,1.0,1.0,1.0,1.0,1.0,1.0,1.0,1.0
5.0,1.0,1.0,1.0,1.0,1.0,1.0,1.0,1.0,1.0,1.0
5.0,1.0,1.0,1.0,1.0,1.0,1.0,1.0,1.0,1.0,1.0
5.0,1.0,1.0,1.0,1.0,1.0,1.0,1.0,1.0,1.0,1.0
5.0,1.0,1.0,1.0,1.0,1.0,1.0,1.0,1.0,1.0,1.0
5.0,1.0,1.0,1.0,1.0,1.0,1.0,1.0,1.0,1.0,1.0
5.0,1.0,1.0,1.0,1.0,1.0,1.0,1.0,1.0,1.0,1.0
5.0,1.0,1.0,1.0,1.0,1.0,1.0,1.0,1.0,1.0,1.0
5.0,1.0,1.0,1.0,1.0,1.0,1.0,1.0,1.0,1.0,1.0
5.0,1.0,1.0,1.0,1.0,1.0,1.0,1.0,1.0,1.0,1.0
5.0,1.0,1.0,1.0,1.0,1.0,1.0,1.0,1.0,1.0,1.0
5.0,1.0,1.0,1.0,1.0,1.0,1.0,1.0,1.0,1.0,1.0
5.0,1.0,1.0,1.0,1.0,1.0,1.0,1.0,1.0,1.0,1.0
5.0,1.0,1.0,1.0,1.0,1.0,1.0,1.0,1.0,1.0,1.0
5.0,1.0,1.0,1.0,1.0,1.0,1.0,1.0,1.0,1.0,1.0
5.0,1.0,1.0,1.0,1.0,1.0,1.0,1.0,1.0,1.0,1.0
5.0,1.0,1.0,1.0,1.0,1.0,1.0,1.0,1.0,1.0,1.0
5.0,1.0,1.0,1.0,1.0,1.0,1.0,1.0,1.0,1.0,1.0
5.0,1.0,1.0,1.0,1.0,1.0,1.0,1.0,1.0,1.0,1.0
5.0,1.0,1.0,1.0,1.0,1.0,1.0,1.0,1.0,1.0,1.0
5.0,1.0,1.0,1.0,1.0,1.0,1.0,1.0,1.0,1.0,1.0
5.0,1.0,1.0,1.0,1.0,1.0,1.0,1.0,1.0,1.0,1.0
5.0,1.0,1.0,1.0,1.0,1.0,1.0,1.0,1.0,1.0,1.0
5.0,1.0,1.0,1.0,1.0,1.0,1.0,1.0,1.0,1.0,1.0
5.0,1.0,1.0,1.0,1.0,1.0,1.0,1.0,1.0,1.0,1.0
5.0,1.0,1.0,1.0,1.0,1.0,1.0,1.0,1.0,1.0,1.0
5.0,1.0,1.0,1.0,1.0,1.0,1.0,1.0,1.0,1.0,1.0
5.0,1.0,1.0,1.0,1.0,1.0,1.0,1.0,1.0,1.0,1.0
5.0,1.0,1.0,1.0,1.0,1.0,1.0,1.0,1.0,1.0,1.0
5.0,1.0,1.0,1.0,1.0,1.0,1.0,1.0,1.0,1.0,1.0
5.0,1.0,1.0,1.0,1.0,1.0,1.0,1.0,1.0,1.0,1.0
5.0,1.0,1.0,1.0,1.0,1.0,1.0,1.0,1.0,1.0,1.0
5.0,1.0,1.0,1.0,1.0,1.0,1.0,1.0,1.0,1.0,1.0
5.0,1.0,1.0,1.0,1.0,1.0,1.0,1.0,1.0,1.0,1.0
5.0,1.0,1.0,1.0,1.0,1.0,1.0,1.0,1.0,1.0,1.0
5.0,1.0,1.0,1.0,1.0,1.0,1.0,1.0,1.0,1.0,1.0
5.0,1.0,1.0,1.0,1.0,1.0,1.0,1.0,1.0,1.0,1.0
5.0,1.0,1.0,1.0,1.0,1.0,1.0,1.0,1.0,1.0,1.0
5.0,1.0,1.0,1.0,1.0,1.0,1.0,1.0,1.0,1.0,1.0
5.0,1.0,1.0,1.0,1.0,1.0,1.0,1.0,1.0,1.0,1.0
5.0,1.0,1.0,1.0,1.0,1.0,1.0,1.0,1.0,1.0,1.0
5.0,1.0,1.0,1.0,1.0,1.0,1.0,1.0,1.0,1.0,1.0
5.0,1.0,1.0,1.0,1.0,1.0,1.0,1.0,1.0,1.0,1.0
5.0,1.0,1.0,1.0,1.0,1.0,1.0,1.0,1.0,1.0,1.0
5.0,1.0,1.0,1.0,1.0,1.0,1.0,1.0,1.0,1.0,1.0
5.0,1.0,1.0,1.0,1.0,1.0,1.0,1.0,1.0,1.0,1.0
5.0,1.0,1.0,1.0,1.0,1.0,1.0,1.0,1.0,1.0,1.0
5.0,1.0,1.0,1.0,1.0,1.0,1.0,1.0,1.0,1.0,1.0
5.0,1.0,1.0,1.0,1.0,1.0,1.0,1.0,1.0,1.0,1.0
5.0,1.0,1.0,1.0,1.0,1.0,1.0,1.0,1.0,1.0,1.0
