8.910223810388787892e-20
1.782528295924768968e-19
2.228522010030433599e-19
2.228522010030433599e-19
5.353827563474186687e-19
6.247247534627863031e-19
6.247247534627863031e-19
8.930342914176330763e-19
8.930342914176330763e-19
9.377994162839242583e-19
1.116953074998073162e-18
1.116953074998073162e-18
1.206622491695186885e-18
1.341195631824277625e-18
1.655360004290810858e-18
1.879877217824880714e-18
1.969729554126929353e-18
2.239422363334114100e-18
2.464279080417015607e-18
2.554266669120793866e-18
2.599282824011482922e-18
2.599282824011482922e-18
2.689404037926558862e-18
3.095148334002863970e-18
3.095148334002863970e-18
3.275654816350545669e-18
3.365951716462641440e-18
3.817653645047278873e-18
3.817653645047278873e-18
3.908080486092954930e-18
3.953315392497390546e-18
4.270109546108175050e-18
4.541775294820474436e-18
4.813568444502887590e-18
4.949528470410018962e-18
6.173867538280151444e-18
6.725285986942700965e-18
8.412669732645183785e-18
8.457186019761992441e-18
8.724189627690931679e-18
1.015981635851505344e-17
1.023143769994399970e-17
1.096092129707378693e-17
1.148137598577559660e-17
1.148137598577559660e-17
1.150292826854462337e-17
1.152485701040131786e-17
1.152485701040131786e-17
1.218704854561034610e-17
1.218704854561034610e-17
1.371199019498383865e-17
1.395885324172250931e-17
1.431658348977957446e-17
1.431658348977957446e-17
1.499844501231928624e-17
1.565009569307359360e-17
1.591728753054636747e-17
1.703810034930764145e-17
1.707518156944299604e-17
1.707518156944299604e-17
1.887239725397278673e-17
1.936320578952069588e-17
1.972112426712159567e-17
1.972112426712159567e-17
1.987471957489037443e-17
2.090555867169885795e-17
2.090555867169885795e-17
2.090555867169885795e-17
2.090555867169885795e-17
2.147928232130576968e-17
2.291622665893673232e-17
2.376721242661155375e-17
2.388090307108746463e-17
2.529337756801996833e-17
2.573694048806547130e-17
2.595867489070226336e-17
2.604384875928727843e-17
2.644383653993514283e-17
2.644383653993514283e-17
2.644383653993514283e-17
2.666152400737949801e-17
2.676552083034794232e-17
2.728079920659430733e-17
2.749754552631949245e-17
2.874080166334497379e-17
2.896112434440300766e-17
2.898474715215421229e-17
2.898474715215421229e-17
2.995394107335696343e-17
2.995394107335696343e-17
3.054084079103227779e-17
3.101979086531862674e-17
3.155784501636893901e-17
3.345792814660416622e-17
3.378836511080525913e-17
3.384191641602611160e-17
3.462099849795623636e-17
3.555386411719897452e-17
3.729941079194625597e-17
3.779454860700235241e-17
3.781243041366660849e-17
3.781243041366660849e-17
3.795877888399777090e-17
3.905860410862152200e-17
3.915253065099483356e-17
3.949115560035272215e-17
3.967580878285415962e-17
4.028068442196564584e-17
4.309951595565604159e-17
4.309951595565604159e-17
4.469843181575640715e-17
4.469843181575640715e-17
4.469843181575640715e-17
4.495423576582720585e-17
4.502877466518558428e-17
4.645498991881799450e-17
4.645498991881799450e-17
4.955315409555847165e-17
4.955315409555847165e-17
5.083330322317547295e-17
5.170207668274263161e-17
5.217123882074959822e-17
5.217123882074959822e-17
5.217123882074959822e-17
5.217123882074959822e-17
5.315558522023101099e-17
5.315558522023101099e-17
5.333073281076881961e-17
5.335868489802821152e-17
5.345571722787478680e-17
5.510074932621455383e-17
5.655981063524604406e-17
5.658983324748760767e-17
5.658983324748760767e-17
5.658983324748760767e-17
5.796174427772382689e-17
5.891635040927942337e-17
5.967237437208985048e-17
5.979411182956467413e-17
5.979411182956467413e-17
6.128338398038156567e-17
6.128338398038156567e-17
6.183456714211431959e-17
6.272517522876625235e-17
6.272517522876625235e-17
6.300874303655261141e-17
6.371723903954486959e-17
6.399563053487578708e-17
6.409388635675728592e-17
6.409388635675728592e-17
6.409388635675728592e-17
6.497729466335755712e-17
6.533827187104576889e-17
6.533827187104576889e-17
6.579604612165075418e-17
6.763373115810492281e-17
6.801691945196557794e-17
6.801691945196557794e-17
6.851459836586344344e-17
6.851459836586344344e-17
6.884282363292448482e-17
6.884282363292448482e-17
6.884282363292448482e-17
7.061561653414177138e-17
7.061561653414177138e-17
7.101198089607081989e-17
7.140321600293039087e-17
7.192677647910546426e-17
7.288279433223982201e-17
7.354823282707999071e-17
7.548756181720467538e-17
7.624758565782157839e-17
7.624758565782157839e-17
7.624758565782157839e-17
7.657185810446209559e-17
7.661439798136864216e-17
7.661439798136864216e-17
7.687001370189560931e-17
7.699353934003685733e-17
7.708633650514716727e-17
7.709490094939162605e-17
8.032656693009657744e-17
8.523531108897907946e-17
8.580042323695557761e-17
8.580042323695557761e-17
8.642299245318748836e-17
8.748173657986939973e-17
8.756714573538420424e-17
9.050164432376076372e-17
9.432044530907081274e-17
9.600439386559832587e-17
9.600439386559832587e-17
9.839500318706570875e-17
9.890486996392683350e-17
1.009195848863571509e-16
1.020535267158008635e-16
1.020535267158008635e-16
1.032176793870299835e-16
1.059292671381207945e-16
1.059545840117665077e-16
1.078878425991025325e-16
1.078878425991025325e-16
1.087515809183721232e-16
1.088664009401110450e-16
1.098328184755422376e-16
1.099985075315023691e-16
1.101154451356094266e-16
1.124037517000028707e-16
1.124037517000028707e-16
1.145693326018163570e-16
1.147108341613937892e-16
1.147108341613937892e-16
1.178305976782892449e-16
1.189620925236631226e-16
1.192480132007474130e-16
1.194656065534198401e-16
1.198414538950709539e-16
1.200109545992937420e-16
1.226507327794117690e-16
1.232109039018626212e-16
1.232109039018626212e-16
1.252176661260659262e-16
1.253528149385389512e-16
1.265963534198801922e-16
1.278492563210271699e-16
1.286906894393523892e-16
1.297040702459702314e-16
1.297040702459702314e-16
1.309005983987388587e-16
1.319880945882414523e-16
1.319880945882414523e-16
1.340029506828296372e-16
1.344675482543986209e-16
1.344675482543986209e-16
1.352766529485703093e-16
1.352766529485703093e-16
1.358478354993354674e-16
1.358478354993354674e-16
1.358478354993354674e-16
1.359756904169849027e-16
1.359756904169849027e-16
1.363704077704054066e-16
1.369332611638558892e-16
1.372810623034757076e-16
1.378983140350942969e-16
1.379120547917941973e-16
1.384153805920070832e-16
1.385531175607078352e-16
1.392335203042828339e-16
1.392335203042828339e-16
1.392335203042828339e-16
1.432877964489295784e-16
1.440467379696694315e-16
1.440467379696694315e-16
1.441421232910074684e-16
1.484779908332303038e-16
1.515473088323781892e-16
1.520051771977551025e-16
1.520051771977551025e-16
1.533113961171931618e-16
1.535572239014407404e-16
1.535572239014407404e-16
1.535572239014407404e-16
1.535572239014407404e-16
1.535572239014407404e-16
1.535572239014407404e-16
1.539690230859641979e-16
1.564370418073334335e-16
1.564370418073334335e-16
1.565397680808809994e-16
1.565866842946816850e-16
1.609078699324854622e-16
1.621251503924618199e-16
1.621251503924618199e-16
1.629260671014767249e-16
1.629260671014767249e-16
1.633201256514938061e-16
1.636767265222878666e-16
1.636767265222878666e-16
1.641286656570339998e-16
1.644933603982129402e-16
1.653684395474985605e-16
1.660153374322710504e-16
1.660282311560236965e-16
1.664228779233652543e-16
1.668502531026410129e-16
1.668502531026410129e-16
1.668502531026410129e-16
1.668502531026410129e-16
1.668502531026410129e-16
1.685677300466639923e-16
1.688442863039425214e-16
1.688954847398654425e-16
1.697818106043951397e-16
1.704182617494848183e-16
1.704182617494848183e-16
1.704182617494848183e-16
1.704182617494848183e-16
1.718967342302242175e-16
1.733483134148882927e-16
1.739263192866174246e-16
1.752933128200209799e-16
1.769440153333687617e-16
1.771964782090365072e-16
1.771964782090365072e-16
1.771964782090365072e-16
1.779154209517115767e-16
1.788273930915886985e-16
1.788273930915886985e-16
1.788273930915886985e-16
1.788273930915886985e-16
1.807199470400705651e-16
1.833201029012114715e-16
1.853529113885428463e-16
1.867360926627161367e-16
1.867764208424826441e-16
1.873192513182077651e-16
1.880833220940171081e-16
1.883299733825189590e-16
1.884506049914237507e-16
1.901316124613288558e-16
1.905369177265900385e-16
1.914590072044482726e-16
1.952574323416382543e-16
2.017454223732904353e-16
2.018756301602378019e-16
2.042516046346720784e-16
2.042516046346720784e-16
2.042516046346720784e-16
2.042516046346720784e-16
2.047716358069002548e-16
2.049886174135552232e-16
2.060103273774877409e-16
2.091635016384138020e-16
2.092914977282211295e-16
2.092914977282211295e-16
2.097161906364972330e-16
2.105355538408079011e-16
2.141974184439461090e-16
2.153898526041363323e-16
2.154896142623685082e-16
2.154896142623685082e-16
2.154896142623685082e-16
2.163750930939509511e-16
2.165073714058804894e-16
2.165073714058804894e-16
2.169384641186469643e-16
2.174617422505062903e-16
2.178368837313680173e-16
2.178368837313680173e-16
2.178368837313680173e-16
2.178368837313680173e-16
2.220208500317165978e-16
2.220208500317165978e-16
2.237260214693114325e-16
2.285787438102102406e-16
2.298179294833503246e-16
2.298179294833503246e-16
2.298179294833503246e-16
2.328457193393897426e-16
2.328457193393897426e-16
2.328457193393897426e-16
2.355655656617162584e-16
2.355655656617162584e-16
2.394478941180703799e-16
2.394478941180703799e-16
2.412572270794844869e-16
2.439529329628142551e-16
2.482354609580530762e-16
2.482531310064805310e-16
2.486423191170509246e-16
2.489526390487547402e-16
2.489526390487547402e-16
2.489526390487547402e-16
2.490123313428432110e-16
2.490123313428432110e-16
2.513096258679547657e-16
2.515966523936090880e-16
2.516816850900362171e-16
2.516816850900362171e-16
2.526159624308577104e-16
2.564556333668403752e-16
2.570513798730758834e-16
2.572881726392194244e-16
2.572881726392194244e-16
2.575554585914641202e-16
2.644485656588336523e-16
2.644485656588336523e-16
2.649205982973840685e-16
2.651085454969025951e-16
2.651395916072887412e-16
2.652405649932093312e-16
2.652817402059230928e-16
2.652817402059230928e-16
2.652817402059230928e-16
2.673613002062043283e-16
2.696757706771907399e-16
2.699899728432361213e-16
2.733121301771394153e-16
2.733121301771394153e-16
2.733121301771394153e-16
2.741722921350761573e-16
2.780151394446110258e-16
2.785056185784572297e-16
2.785056185784572297e-16
2.796194198467106706e-16
2.811962657927964788e-16
2.824632388523450559e-16
2.841489755895390058e-16
2.841489755895390058e-16
2.946824420346637138e-16
2.946824420346637138e-16
2.946824420346637138e-16
2.946824420346637138e-16
2.954918996592300833e-16
2.956274249307907713e-16
2.956604592157336890e-16
2.956604592157336890e-16
2.963259447679598341e-16
2.963259447679598341e-16
2.985140191002615481e-16
3.009022520237380053e-16
3.009022520237380053e-16
3.009022520237380053e-16
3.033603416366699848e-16
3.038227039824059474e-16
3.086682265432530939e-16
3.090446856309216663e-16
3.108438777256617283e-16
3.156762359827869971e-16
3.185572185589821649e-16
3.187962583153052058e-16
3.192433034819116201e-16
3.199584110476310632e-16
3.199584110476310632e-16
3.199584110476310632e-16
3.199584110476310632e-16
3.199584110476310632e-16
3.203897037542878729e-16
3.232391696462373033e-16
3.246142805787186959e-16
3.294636147878284867e-16
3.332119355733191006e-16
3.374713466277057566e-16
3.374713466277057566e-16
3.443089024509512107e-16
3.447998521586570058e-16
3.449787172826855553e-16
3.480429413198034362e-16
3.480429413198034362e-16
3.483836838515294359e-16
3.483836838515294359e-16
3.483836838515294359e-16
3.483836838515294359e-16
3.511209296423141502e-16
3.555773464430163525e-16
3.565360465671503283e-16
3.565360465671503283e-16
3.565360465671503283e-16
3.581547030006603389e-16
3.581547030006603389e-16
3.581547030006603389e-16
3.615328821525473022e-16
3.620989119195499884e-16
3.625538039052650331e-16
3.667987212847764379e-16
3.667987212847764379e-16
3.712685612048233448e-16
3.768149329434445035e-16
3.803702596247725010e-16
3.865101661724891532e-16
3.868588143450562259e-16
3.868588143450562259e-16
3.868588143450562259e-16
3.878537015989923657e-16
3.882704888664274455e-16
3.882704888664274455e-16
3.882704888664274455e-16
3.882704888664274455e-16
3.882704888664274455e-16
3.884870234279158048e-16
3.902519342169850250e-16
3.916019635627504876e-16
3.916019635627504876e-16
3.943617616057558476e-16
3.956327345431109253e-16
3.965966580370863191e-16
3.965966580370863191e-16
3.976566727131891119e-16
3.976566727131891119e-16
4.010069468352026473e-16
4.011792474538899760e-16
4.056599811587863034e-16
4.096787054483413740e-16
4.129950747237717308e-16
4.129950747237717308e-16
4.137556632530201284e-16
4.166375987412809572e-16
4.166375987412809572e-16
4.239854095648216778e-16
4.241293345797759874e-16
4.257313091699636403e-16
4.266663276646139811e-16
4.268960971159031887e-16
4.281693758651702584e-16
4.281693758651702584e-16
4.284455321346681176e-16
4.337104418835245496e-16
4.337104418835245496e-16
4.381356125799502709e-16
4.381356125799502709e-16
4.429365600319481599e-16
4.587915933186234592e-16
4.587915933186234592e-16
4.651382700202420888e-16
4.702969830133365622e-16
4.768604530920662793e-16
4.778202120073843723e-16
4.795391477303720894e-16
4.864589363355801812e-16
4.949019254668812761e-16
5.009511406675092261e-16
5.032359296923022519e-16
5.121701155825853915e-16
5.123882030378104164e-16
5.209659880511898305e-16
5.282680355668858615e-16
5.308507684308755874e-16
5.308507684308755874e-16
5.330351958157654572e-16
5.330351958157654572e-16
5.330351958157654572e-16
5.359995758442257374e-16
5.395183389366639573e-16
5.448350471031143150e-16
5.448350471031143150e-16
5.453897478044474749e-16
5.453897478044474749e-16
5.562202522340891368e-16
5.573913693984401351e-16
5.581750631041942191e-16
5.604735811213406912e-16
5.710746690300878019e-16
5.765340787194575518e-16
5.905612737276904645e-16
5.974428987928860995e-16
6.050531133648782757e-16
6.050531133648782757e-16
6.052779064976023643e-16
6.088182218728095554e-16
6.088182218728095554e-16
6.123530550625526496e-16
6.147660401710433376e-16
6.180705509852121342e-16
6.304576313919379931e-16
6.309662511480712431e-16
6.309662511480712431e-16
6.309978031253564658e-16
6.309978031253564658e-16
6.313781679760595614e-16
6.313781679760595614e-16
6.313781679760595614e-16
6.313781679760595614e-16
6.372421770699010826e-16
6.475869669260248953e-16
6.497551830414520480e-16
6.497551830414520480e-16
6.685776197936354110e-16
6.685776197936354110e-16
6.685776197936354110e-16
6.685776197936354110e-16
6.699180611970118200e-16
6.703152843562346508e-16
6.753024025914311576e-16
6.754708915618557927e-16
6.754708915618557927e-16
6.754708915618557927e-16
6.782636297750321916e-16
6.782636297750321916e-16
6.874997476179720532e-16
7.011066260548229767e-16
7.022168391973971148e-16
7.022168391973971148e-16
7.051297737386581750e-16
7.058129293393117256e-16
7.114263813816168728e-16
7.215986176856038678e-16
7.219622477534255009e-16
7.226621910765198160e-16
7.226621910765198160e-16
7.229881752355745475e-16
7.409790197452712339e-16
7.567277151040265839e-16
7.567277151040265839e-16
7.592037924027412387e-16
7.592037924027412387e-16
7.630212934277642095e-16
7.641498001291296659e-16
7.641498001291296659e-16
7.707613687384823106e-16
7.707613687384823106e-16
7.783855064145449793e-16
7.810732595996477598e-16
7.949089722222419971e-16
8.018086614414724681e-16
8.107697700386971778e-16
8.127894848083856209e-16
8.351288200040886063e-16
8.451237617243034356e-16
8.535051174443453014e-16
8.636849123409518044e-16
8.684036858327195968e-16
8.688129909757872801e-16
8.688129909757872801e-16
8.688129909757872801e-16
8.834485909270785513e-16
8.834485909270785513e-16
8.965267796326848500e-16
9.132471629540988239e-16
9.302775603342078718e-16
9.302775603342078718e-16
9.331004388030907691e-16
9.360044206766732657e-16
9.360044206766732657e-16
9.360044206766732657e-16
9.385099676633444435e-16
9.691090093542130859e-16
9.691090093542130859e-16
9.733601971304035471e-16
9.733601971304035471e-16
9.733601971304035471e-16
9.733601971304035471e-16
9.958013233341080815e-16
1.001236921986182783e-15
1.006348883466327470e-15
1.011203441045278678e-15
1.011690790862958544e-15
1.019190255877097221e-15
1.019190255877097221e-15
1.026187242123970241e-15
1.026187242123970241e-15
1.026636487223370240e-15
1.031456069400207674e-15
1.031456069400207674e-15
1.033546840822693551e-15
1.033546840822693551e-15
1.033621815002872134e-15
1.033621815002872134e-15
1.041831752430213312e-15
1.071820971574271484e-15
1.086408384762341188e-15
1.106997944000733737e-15
1.124969130287446295e-15
1.131303166198761792e-15
1.131303166198761792e-15
1.134954978167824521e-15
1.137110641725547181e-15
1.137110641725547181e-15
1.137461631003065681e-15
1.139835882000739154e-15
1.144505398173754833e-15
1.150841704603942787e-15
1.150841704603942787e-15
1.150841704603942787e-15
1.150841704603942787e-15
1.162814721189445847e-15
1.162909000662213803e-15
1.175276322849010317e-15
1.185615548169244485e-15
1.213388323259441213e-15
1.242983025043969315e-15
1.246719593247316677e-15
1.255685731102665709e-15
1.255685731102665709e-15
1.278490193265529712e-15
1.286029951166395459e-15
1.313462048428771968e-15
1.329011479286685744e-15
1.349540899185823237e-15
1.351875474924960411e-15
1.390026550612256699e-15
1.405826373820856148e-15
1.405826373820856148e-15
1.407583026038689737e-15
1.421793933081704905e-15
1.453877988229961235e-15
1.466964741379812004e-15
1.467950781845187839e-15
1.492266980178490666e-15
1.495224442771214971e-15
1.495624289379704915e-15
1.501578883941516732e-15
1.501716856197147353e-15
1.502970041442610091e-15
1.503805874732006229e-15
1.506532991420463278e-15
1.506532991420463278e-15
1.506532991420463278e-15
1.530882153452630151e-15
1.536663553305421420e-15
1.536663553305421420e-15
1.536663553305421420e-15
1.585220987556195069e-15
1.601728718550462299e-15
1.627908789355505256e-15
1.627908789355505256e-15
1.638406398072529598e-15
1.646511303414411243e-15
1.646511303414411243e-15
1.659428838204355009e-15
1.660181074047595700e-15
1.670379421318616348e-15
1.670379421318616348e-15
1.671127727870129607e-15
1.694927271398646846e-15
1.697690610509945594e-15
1.727936392404423278e-15
1.727936392404423278e-15
1.735506761134855165e-15
1.739304033366089151e-15
1.739304033366089151e-15
1.755089251138521554e-15
1.755089251138521554e-15
1.787635886272923652e-15
1.787635886272923652e-15
1.820588514886856578e-15
1.826952361652176677e-15
1.858613870885391186e-15
1.866435673111172750e-15
1.874921672693239958e-15
1.884995341420163523e-15
1.888484875993748378e-15
1.890708637471126270e-15
1.893928533223168375e-15
1.908465789119979508e-15
1.913956986073564153e-15
1.913956986073564153e-15
1.955937503597570225e-15
1.960632024889049574e-15
1.961255358787803487e-15
1.974344264813062125e-15
1.974344264813062125e-15
1.978535736766470960e-15
2.021201115721371866e-15
2.023089463915983633e-15
2.023089463915983633e-15
2.039493903948071753e-15
2.041480719722801833e-15
2.041480719722801833e-15
2.041722647626188054e-15
2.064714527592978648e-15
2.066068286236581256e-15
2.066890243479293014e-15
2.092080491581563738e-15
2.125845230680196590e-15
2.131317116459018574e-15
2.155724070843315883e-15
2.170701807401392407e-15
2.181437908832628038e-15
2.186130389009991609e-15
2.224395637679969950e-15
2.224395637679969950e-15
2.224395637679969950e-15
2.224395637679969950e-15
2.224395637679969950e-15
2.262851951101286627e-15
2.273459532929295889e-15
2.283570494634591403e-15
2.283570494634591403e-15
2.288243281295931312e-15
2.288243281295931312e-15
2.288243281295931312e-15
2.288243281295931312e-15
2.289684143160943369e-15
2.302949161453151832e-15
2.312220054704315133e-15
2.312220054704315133e-15
2.322334869233086312e-15
2.346123895435841743e-15
2.353197855801796695e-15
2.353197855801796695e-15
2.357562775397675715e-15
2.357562775397675715e-15
2.363629595942825438e-15
2.407492697131663396e-15
2.412200959179842473e-15
2.448935848718888972e-15
2.448935848718888972e-15
2.451716169664345432e-15
2.452924262169713456e-15
2.455252967499952341e-15
2.469697308588188229e-15
2.507281895698968670e-15
2.507281895698968670e-15
2.515381883544017885e-15
2.516784875977679649e-15
2.529726710025297970e-15
2.595415785622070315e-15
2.605099725078485072e-15
2.605099725078485072e-15
2.605099725078485072e-15
2.605099725078485072e-15
2.605099725078485072e-15
2.609241663250999397e-15
2.624329308216155061e-15
2.641792780601413919e-15
2.641792780601413919e-15
2.643899963287252650e-15
2.643899963287252650e-15
2.658158239471408475e-15
2.664478105227377131e-15
2.731502069455982916e-15
2.792743769152330509e-15
2.821336713304572656e-15
2.822679825214602094e-15
2.830283528220812252e-15
2.830283528220812252e-15
2.830283528220812252e-15
2.830478157569137083e-15
2.830478157569137083e-15
2.867176354111482341e-15
2.867176354111482341e-15
2.887685192286436292e-15
2.913834693437125933e-15
2.913834693437125933e-15
2.914580400068064938e-15
2.941190281272107158e-15
2.955999558270625194e-15
2.955999558270625194e-15
2.961591410972775357e-15
3.005171167876410568e-15
3.032857433844695662e-15
3.091275331570960942e-15
3.094512538558862557e-15
3.109411895158451614e-15
3.126882273215100068e-15
3.126882273215100068e-15
3.126882273215100068e-15
3.133466577951462965e-15
3.140248823699687351e-15
3.145219918894965096e-15
3.149933098439977194e-15
3.164885141665320206e-15
3.166907021074762798e-15
3.195845589962524038e-15
3.211463459906141421e-15
3.211463459906141421e-15
3.215541594145469080e-15
3.233017001460241856e-15
3.250892684782151492e-15
3.302547953807964085e-15
3.337391671709241171e-15
3.344556299893591671e-15
3.345245825887869297e-15
3.345638360955015885e-15
3.372750385642448478e-15
3.376174845733425784e-15
3.381255796396223860e-15
3.394876268535443774e-15
3.412437196767022791e-15
3.412437196767022791e-15
3.444876394007108443e-15
3.460743997498007707e-15
3.460743997498007707e-15
3.479769004532396311e-15
3.479769004532396311e-15
3.485261260277165024e-15
3.485261260277165024e-15
3.487793559387753584e-15
3.487793559387753584e-15
3.487793559387753584e-15
3.487793559387753584e-15
3.527629848298825127e-15
3.527629848298825127e-15
3.538238483035845562e-15
3.553018255053367837e-15
3.553018255053367837e-15
3.563024061147565544e-15
3.563024061147565544e-15
3.566392358248400945e-15
3.658339214040953738e-15
3.716380299749155444e-15
3.717832067163363006e-15
3.725426064583719078e-15
3.742334712742006503e-15
3.791134204303977539e-15
3.792903014973908437e-15
3.842136399163110489e-15
3.880267057827073936e-15
3.883605444076959419e-15
3.893558763539294198e-15
3.905219872006317045e-15
3.921530056094330364e-15
3.921530056094330364e-15
3.954956429059227883e-15
3.961504817245757724e-15
4.024751496867815449e-15
4.066048805851608570e-15
4.078512830966549819e-15
4.079792256586857968e-15
4.079792256586857968e-15
4.118802423676560551e-15
4.118802423676560551e-15
4.118802423676560551e-15
4.118802423676560551e-15
4.122108975604845322e-15
4.122108975604845322e-15
4.232876803488443157e-15
4.257893798059961039e-15
4.270820367868008916e-15
4.365897875080133075e-15
4.409097120078734158e-15
4.410359510925325392e-15
4.416567068347530890e-15
4.416567068347530890e-15
4.466805386542571494e-15
4.481166453704180838e-15
4.557048717906038540e-15
4.557048717906038540e-15
4.557667828404402758e-15
4.557667828404402758e-15
4.584563124418629946e-15
4.589265939574384757e-15
4.593840393945590809e-15
4.618587584994715042e-15
4.621606333950477010e-15
4.662173824053265828e-15
4.662173824053265828e-15
4.662173824053265828e-15
4.664050637306144544e-15
4.680897840282717089e-15
4.684079601905612884e-15
4.709851267540094616e-15
4.713359742711527709e-15
4.715970374723217820e-15
4.724923136516608457e-15
4.771903395419594598e-15
4.771903395419594598e-15
4.811922284634705223e-15
4.828550864878287224e-15
4.853358695251392497e-15
4.853358695251392497e-15
4.853358695251392497e-15
4.944038460340931532e-15
4.944496252238056433e-15
4.944496252238056433e-15
4.962198387920551161e-15
4.969477024386732616e-15
5.024557671122548445e-15
5.048403036780642865e-15
5.113999456384462694e-15
5.141244174077038988e-15
5.147254966922032049e-15
5.147254966922032049e-15
5.161709113593066747e-15
5.175420738829974776e-15
5.243435893366632544e-15
5.325990736078738354e-15
5.330416839099623473e-15
5.404176844605615264e-15
5.439622994103020264e-15
5.533280194704536702e-15
5.533280194704536702e-15
5.533280194704536702e-15
5.596248679884067040e-15
5.601366323543565961e-15
5.617675484133434155e-15
5.632936835556682731e-15
5.698824337444609526e-15
5.735437845397661984e-15
5.735437845397661984e-15
5.763531513625970478e-15
5.795797892616123493e-15
5.797411490380642935e-15
5.797411490380642935e-15
5.822311856162148505e-15
5.897546398974979001e-15
5.923286892032350064e-15
5.956235561943689312e-15
5.980923890085152265e-15
5.982885727211198079e-15
6.035096593969763842e-15
6.070915020329660790e-15
6.090504210128652855e-15
6.090504210128652855e-15
6.090504210128652855e-15
6.090504210128652855e-15
6.090504210128652855e-15
6.097840059552900155e-15
6.097840059552900155e-15
6.127660127982043945e-15
6.133501687761696780e-15
6.133501687761696780e-15
6.158495477159763316e-15
6.183647805832210991e-15
6.186937837676937857e-15
6.207452069804757659e-15
6.221392611577834845e-15
6.229629298188006564e-15
6.229761091220643413e-15
6.229761091220643413e-15
6.272070131061459828e-15
6.272859604002427015e-15
6.292998538771793829e-15
6.301799284620931920e-15
6.310897444913674678e-15
6.310897444913674678e-15
6.383044687923748493e-15
6.406097366033197343e-15
6.425612875730124862e-15
6.442709147568402797e-15
6.531229063933955855e-15
6.540114633662370807e-15
6.600894956277000693e-15
6.683819699453606404e-15
6.705698025203420054e-15
6.734784554276981490e-15
6.823155107558415066e-15
6.862989055364535082e-15
6.944159919767992488e-15
6.946756319861516228e-15
6.946756319861516228e-15
7.022176495238693423e-15
7.089359639898564078e-15
7.105366109735427527e-15
7.108563226771579542e-15
7.110800549599374028e-15
7.168550667725848094e-15
7.182333026096025539e-15
7.220325294870057632e-15
7.304008611931575220e-15
7.335154198690573055e-15
7.356548312762132863e-15
7.383517000651935426e-15
7.406859608139535346e-15
7.406859608139535346e-15
7.431809834162551171e-15
7.449313322972394506e-15
7.552857595060075569e-15
7.646428151249696312e-15
7.650783882890967096e-15
7.710161633647322397e-15
7.733495273761810236e-15
7.825687960279696882e-15
7.829222375835138849e-15
7.853850382289976771e-15
7.864946713892899131e-15
7.911814020364151937e-15
7.962279858079214914e-15
7.991595277219165118e-15
8.014250823343076027e-15
8.017134091143577169e-15
8.039958937977820532e-15
8.040921337988924815e-15
8.106637756868025714e-15
8.163504069641205828e-15
8.219080004187494795e-15
8.252451152368883044e-15
8.262746914311011423e-15
8.344370094308303414e-15
8.390149257550996510e-15
8.434371209541894673e-15
8.504399340818788733e-15
8.552925105448812963e-15
8.565658354692083860e-15
8.565658354692083860e-15
8.652090546600891881e-15
8.696479943476463930e-15
8.776813186409858662e-15
8.822413231595073523e-15
8.861504143276907859e-15
8.974710043737885895e-15
8.988292117050163089e-15
9.008283738672786329e-15
9.070458553980739387e-15
9.090332132150686426e-15
9.090332132150686426e-15
9.229084111020034745e-15
9.329305284626093530e-15
9.343630002898136850e-15
