-2.5176425398798023e-12,-2.5176426528876206e-12,-2.5176426593534454e-12,-2.517642645584243e-12,-2.5176428256254004e-12,-2.517642688546733e-12,-2.5176425991838963e-12,-2.5176427289230213e-12,-2.5176426626903142e-12,-2.5176425936533494e-12,-2.5176427427833376e-12,-2.5176426612873533e-12,-2.5176425934255637e-12,-2.5176427459303236e-12,-2.5176426603635117e-12,-2.5176425934247074e-12,-2.517642744996532e-12,-2.5176426603626724e-12,-2.5176425934247074e-12,-2.517642744996532e-12,-2.5176426603626724e-12,-2.517642593413426e-12,-2.5176427459303236e-12,-2.517642660363291e-12,-2.51764259444655e-12,-2.5176427427608143e-12,-2.5176426611393017e-12,-2.5176425956924457e-12,-2.5176427355139686e-12,-2.517642663467362e-12,-2.5176425945977477e-12,-2.5176427683525114e-12,-2.517642697156507e-12,-2.517642659790124e-12,-2.5176427233019316e-12,-2.5176426494370847e-12,5.495980558503331e-14,5.4959667309853927e-14,5.495978269426025e-14,5.495968947978836e-14,5.4959487463588005e-14,5.495977011062453e-14,5.49597475004422e-14,5.4959569763308724e-14,5.4959799309094855e-14,5.495974695073666e-14,5.495956771548135e-14,5.4959799301608224e-14,5.495974692888665e-14,5.495956864923417e-14,5.4959799302073917e-14,5.495974692888665e-14,5.495956865006175e-14,5.4959799302073917e-14,5.495974692888665e-14,5.495956865006175e-14,5.4959799302073917e-14,5.495974692888665e-14,5.495956864923417e-14,5.4959799302073917e-14,5.495974694010327e-14,5.495956772290255e-14,5.4959799288963023e-14,5.495974713970825e-14,5.4959566420116915e-14,5.495979873084714e-14,5.495971204847716e-14,5.495949982180853e-14,5.49597398460016e-14,5.495978496325141e-14,5.4959702955123164e-14,5.495987758300993e-14,5.86567635851376e-14,5.865663253357787e-14,5.86567296006475e-14,5.865666017204453e-14,5.865639281616864e-14,5.865663041795763e-14,5.865671896710381e-14,5.865647246729015e-14,5.865667595355726e-14,5.865671958613258e-14,5.865647166689759e-14,5.865667531829305e-14,5.865671958842954e-14,5.865647258254816e-14,5.865667436293337e-14,5.865671958842954e-14,5.865647258335515e-14,5.865667436203753e-14,5.865671958842954e-14,5.865647258335515e-14,5.865667436203753e-14,5.865671958842954e-14,5.865647258335515e-14,5.865667436293337e-14,5.865671960153599e-14,5.865647258395453e-14,5.865667531534259e-14,5.865672029099144e-14,5.86564715699555e-14,5.86566735775064e-14,5.865668642176258e-14,5.865641026352418e-14,5.865662260976887e-14,5.865672754530603e-14,5.86565758472851e-14,5.865674540956343e-14,5.676500671043316e-14,5.676484804099299e-14,5.676493745929031e-14,5.6764889422432616e-14,5.676479572061765e-14,5.6764915678274554e-14,5.676496097139031e-14,5.6764838777731734e-14,5.676493476252965e-14,5.676494416398903e-14,5.6764839974778806e-14,5.676494265021701e-14,5.676494475786836e-14,5.676483364717387e-14,5.6764946953565175e-14,5.6764944758828424e-14,5.6764834543646613e-14,5.676494600751653e-14,5.6764944758828424e-14,5.676483454400043e-14,5.676494600751653e-14,5.6764944759181833e-14,5.676483454548717e-14,5.6764946954361255e-14,5.676494570453053e-14,5.6764835253436645e-14,5.6764943546478106e-14,5.676494007061913e-14,5.6764838105388184e-14,5.6764933466605815e-14,5.6764935575072637e-14,5.676478650125432e-14,5.6764901368760815e-14,5.676493348041747e-14,5.6764865986812894e-14,5.676501835484326e-14,5.493854661304288e-14,5.493839718474294e-14,5.493850525392299e-14,5.4938443225249096e-14,5.493820200522266e-14,5.49384860440766e-14,5.493842312158558e-14,5.493827259937846e-14,5.493851724481999e-14,5.4938503517155514e-14,5.4938258452424693e-14,5.493851591761637e-14,5.4938494807229623e-14,5.4938258385188804e-14,5.493851497741494e-14,5.4938493863128566e-14,5.4938258385104793e-14,5.4938514976542116e-14,5.493849386269438e-14,5.4938258385104793e-14,5.4938514976542116e-14,5.4938493863128566e-14,5.4938258385104793e-14,5.493851497741494e-14,5.493849480801682e-14,5.4938258375203264e-14,5.4938515910911684e-14,5.4938504369355513e-14,5.4938258687332274e-14,5.493852293957642e-14,5.493838424773429e-14,5.493821657881906e-14,5.493843991465822e-14,5.493852429846534e-14,5.4938412251689163e-14,5.493851440743095e-14,5.3184715193703846e-14,5.3184579390691854e-14,5.3184672217468074e-14,5.318461595353138e-14,5.31844671992346e-14,5.3184642615066635e-14,5.31846752915996e-14,5.318452267894147e-14,5.3184660675532643e-14,5.318466022827673e-14,5.3184535697415295e-14,5.318465756608196e-14,5.318465930229287e-14,5.318453337865275e-14,5.318465753802123e-14,5.318465930152062e-14,5.318453338884993e-14,5.318465753802123e-14,5.318465930152062e-14,5.318453338884993e-14,5.318465753802123e-14,5.31846593022856e-14,5.318453338927725e-14,5.318465753802123e-14,5.3184660186902354e-14,5.31845342800813e-14,5.318465757433155e-14,5.318466129177695e-14,5.318452745704486e-14,5.3184658359110273e-14,5.3184649015526874e-14,5.318448425904269e-14,5.318462226106022e-14,5.3184671172876285e-14,5.318458030268756e-14,5.318472991406624e-14,5.1500236404060074e-14,5.1500143394581145e-14,5.150019108589343e-14,5.150015974570952e-14,5.1499903902886805e-14,5.150010311736826e-14,5.150021026496854e-14,5.1499948275013286e-14,5.1500228059366735e-14,5.150021417568986e-14,5.149995108222841e-14,5.150020954082563e-14,5.150021326071541e-14,5.149995046704312e-14,5.150020974285763e-14,5.150021326029536e-14,5.14999504522815e-14,5.1500209707922175e-14,5.150021326071541e-14,5.14999504522815e-14,5.1500209707922175e-14,5.150021416034259e-14,5.1499950467883227e-14,5.150020974285763e-14,5.150021019977758e-14,5.149995199163958e-14,5.1500209539657563e-14,5.1500207711962014e-14,5.1499948059557375e-14,5.1500225555603305e-14,5.1500188256801234e-14,5.149989734989858e-14,5.1500091881607595e-14,5.1500169190243686e-14,5.150013216953142e-14,5.1500231550119004e-14,4.988178233947058e-14,4.988169194776101e-14,4.988174899629184e-14,4.988171391623253e-14,4.988156294608812e-14,4.9881753072637496e-14,4.988176237351083e-14,4.988161735878168e-14,4.9881758699435466e-14,4.988176059413911e-14,4.988161588505764e-14,4.9881762082313366e-14,4.988176059329456e-14,4.988161588183333e-14,4.98817612287692e-14,4.988176059329456e-14,4.988161588183333e-14,4.988176125067212e-14,4.988176059329456e-14,4.988161588183333e-14,4.988176125067212e-14,4.988176059371138e-14,4.988161588183333e-14,4.98817612287692e-14,4.9881760576097846e-14,4.9881615884538226e-14,4.988176207231813e-14,4.988176817322105e-14,4.988161620318371e-14,4.988176086290374e-14,4.988172331847063e-14,4.988156940726738e-14,4.988170452234621e-14,4.9881775405109686e-14,4.9881663378647903e-14,4.9881845876782975e-14,4.8326491377381706e-14,4.832634681727393e-14,4.8326413138694107e-14,4.832635692315152e-14,4.832623740790215e-14,4.8326405534170704e-14,4.8326411417771903e-14,4.8326288231039783e-14,4.8326421329973715e-14,4.8326409987405776e-14,4.8326288970622454e-14,4.83264213298065e-14,4.832640998599052e-14,4.8326288970962535e-14,4.8326421351930756e-14,4.832640998599052e-14,4.8326288970962535e-14,4.832642135152807e-14,4.832640998599052e-14,4.8326288970962535e-14,4.832642135152807e-14,4.832640998631283e-14,4.8326288969912403e-14,4.832642135225589e-14,4.832640998446258e-14,4.832628806671074e-14,4.832642223510681e-14,4.8326408216891914e-14,4.832628804470564e-14,4.8326421835759117e-14,4.832639651849535e-14,4.832622183316114e-14,4.832637068468072e-14,4.832640736717305e-14,4.832635524343244e-14,4.8326485728719995e-14,4.683136655864901e-14,4.683127792908698e-14,4.6831364717255706e-14,4.6831318876404615e-14,4.68310886785037e-14,4.6831342869610713e-14,4.683136508067032e-14,4.683115430545042e-14,4.6831371605145046e-14,4.6831369239795427e-14,4.6831148676323986e-14,4.683137147835619e-14,4.683136816772573e-14,4.683114937992955e-14,4.683137217062235e-14,4.683136837285239e-14,4.6831149574040325e-14,4.683137147867567e-14,4.683136846564929e-14,4.683114967602386e-14,4.683137159263313e-14,4.6831369587302565e-14,4.6831148162879086e-14,4.68313727679344e-14,4.6831369577403055e-14,4.6831155275427126e-14,4.683136503682894e-14,4.683136452925064e-14,4.6831124422757136e-14,4.683137994036943e-14,4.6831326474304514e-14,4.6831164789093076e-14,4.6831305846036836e-14,4.683136272254601e-14,4.6831286079951466e-14,4.683132961722491e-14,4.5393758491619493e-14,4.539366292805038e-14,4.539364892040425e-14,4.53936834644582e-14,4.5393552481115425e-14,4.539364540652203e-14,4.5393734238071626e-14,4.539352678184891e-14,4.539368130837114e-14,4.539373293431785e-14,4.5393538954273277e-14,4.539368049317576e-14,4.539373423245867e-14,4.5393540192604255e-14,4.539367469421436e-14,4.5393732935623245e-14,4.539353899597562e-14,4.5393680515100085e-14,4.5393735856425856e-14,4.539353925434799e-14,4.539368064117364e-14,4.53937304044017e-14,4.539354586529338e-14,4.539367882771343e-14,4.539373208517939e-14,4.539352514818497e-14,4.5393681067577974e-14,4.539372040894424e-14,4.53936165708637e-14,4.539365176491157e-14,4.5393708328554216e-14,4.5393530310371585e-14,4.539368657635246e-14,4.539363259500289e-14,4.539367112133574e-14,4.5393726628520516e-14,4.4011011888861465e-14,4.401086450658267e-14,4.4010954569159986e-14,4.4010839921654456e-14,4.401077019839908e-14,4.4010925762981683e-14,4.4010889818992e-14,4.4010830988489966e-14,4.401093616299105e-14,4.401089241098345e-14,4.401082486515987e-14,4.4010945119662734e-14,4.4010885807548116e-14,4.401081020122751e-14,4.4010950578261523e-14,4.4010892613475893e-14,4.4010825245996166e-14,4.401094539282015e-14,4.4010890223234924e-14,4.4010830035046776e-14,4.401093667171197e-14,4.40108963413285e-14,4.401083360376203e-14,4.401094295237521e-14,4.401089647785975e-14,4.401083826456087e-14,4.401094468056756e-14,4.401088995149236e-14,4.401082001510994e-14,4.401095974471316e-14,4.401094125136714e-14,4.401070020036949e-14,4.401089812784879e-14,4.401096228764327e-14,4.401087496964638e-14,4.4010982465923484e-14,4.2680610104979645e-14,4.26805388110448e-14,4.268057662191327e-14,4.268054788647911e-14,4.268037054946073e-14,4.268062536928276e-14,4.268058803279672e-14,4.268039805985212e-14,4.2680622799020957e-14,4.2680560793968964e-14,4.268037618300054e-14,4.2680540921707207e-14,4.2680527160004734e-14,4.268045299647372e-14,4.268051853511931e-14,4.268056176115555e-14,4.2680376602790664e-14,4.2680541585598004e-14,4.268058626193187e-14,4.268039878415416e-14,4.2680623615958747e-14,4.268060301993657e-14,4.268041508624987e-14,4.268063426631909e-14,4.2680615232923486e-14,4.268042122689502e-14,4.268065603403089e-14,4.2680619769954216e-14,4.2680440991767085e-14,4.268058793092183e-14,4.268056228832971e-14,4.2680381511687143e-14,4.268061928787271e-14,4.268058428268415e-14,4.268059866591592e-14,4.268065201659964e-14,4.140041338119256e-14,4.140026848491543e-14,4.140036128210177e-14,4.1400255456554616e-14,4.140013771115591e-14,4.14002656357734e-14,4.140019811487267e-14,4.140005478395811e-14,4.1400183943149935e-14,4.140004269400745e-14,4.13999050434298e-14,4.140004132786293e-14,4.1399958214890785e-14,4.139979386166644e-14,4.139995176355409e-14,4.14000422776561e-14,4.1399904439810904e-14,4.140004323818445e-14,4.1400199273816524e-14,4.140006278628471e-14,4.1400190545209195e-14,4.1400310066133315e-14,4.1400178930302945e-14,4.140029552822887e-14,4.1400366550488195e-14,4.140024359957687e-14,4.1400350238916666e-14,4.140038427810731e-14,4.140026910614019e-14,4.140038013909222e-14,4.1400376839227226e-14,4.1400224886584505e-14,4.1400343958392365e-14,4.1400401907760447e-14,4.140034650526289e-14,4.140041288397825e-14,4.016785476261172e-14,4.016774282809744e-14,4.0167808119711685e-14,4.016750683555158e-14,4.016732879934101e-14,4.016750816048085e-14,4.016688651743993e-14,4.016673539118659e-14,4.01668777523066e-14,4.016597378520966e-14,4.016566547882818e-14,4.016593845141391e-14,4.016533262691902e-14,4.016486618316595e-14,4.016529456032694e-14,4.016596708941444e-14,4.016565197554412e-14,4.016593600178678e-14,4.016689158682641e-14,4.016674656004902e-14,4.016687973715233e-14,4.016755114482445e-14,4.01673890892437e-14,4.0167556343085105e-14,4.016786056897291e-14,4.016773892940377e-14,4.01678599001994e-14,4.016797225602447e-14,4.016784086902523e-14,4.0167988659496656e-14,4.0167981004724455e-14,4.01678433103131e-14,4.016797267237299e-14,4.0168030999067505e-14,4.016796600652227e-14,4.016808396077116e-14,3.898042905269926e-14,3.898030248262496e-14,3.898036783472739e-14,3.897885185064804e-14,3.897859375888704e-14,3.89789013867504e-14,3.8975273546148487e-14,3.8974473458724566e-14,3.8975159679841334e-14,3.896903872709319e-14,3.8967233943974786e-14,3.8968858792730515e-14,3.896454702393206e-14,3.8961740170632035e-14,3.8964294358844434e-14,3.896908636156811e-14,3.8967286896144656e-14,3.896883425025569e-14,3.89752472726603e-14,3.897446582238359e-14,3.897516722151335e-14,3.897901043410545e-14,3.897870007371031e-14,3.897897360333352e-14,3.8980651465829954e-14,3.898042043343527e-14,3.89806675277234e-14,3.898121914800716e-14,3.8981136160831496e-14,3.898116159134974e-14,3.898137325284701e-14,3.898116961233111e-14,3.898137229717128e-14,3.8981426081241904e-14,3.8981397354956e-14,3.8981420274726425e-14,3.783388895495887e-14,3.7833371482042437e-14,3.7833724957157235e-14,3.7826108230623216e-14,3.7824661499836453e-14,3.782584247165888e-14,3.780479866376711e-14,3.779963263848919e-14,3.780411270834435e-14,3.776591993038534e-14,3.775164817420666e-14,3.7764440206887535e-14,3.773335835129119e-14,3.770884941416467e-14,3.77313412019041e-14,3.7765700357877886e-14,3.77514491375549e-14,3.7764295888657387e-14,3.780482629063648e-14,3.779953198827327e-14,3.780401849540386e-14,3.782638734038826e-14,3.782479792818709e-14,3.782607949661622e-14,3.7834867103028506e-14,3.783438051373469e-14,3.7834780471820736e-14,3.78375920805195e-14,3.7837411329367665e-14,3.7837579188254934e-14,3.7838351381039046e-14,3.783818566970753e-14,3.7838356687421255e-14,3.783855457282905e-14,3.783845461666573e-14,3.78386031144622e-14,3.6717036411487037e-14,3.67145251691297e-14,3.671645005181394e-14,3.667785716814622e-14,3.666833709067498e-14,3.667635738988812e-14,3.656014566876224e-14,3.6522707700974635e-14,3.6555597729533695e-14,3.6322273985132683e-14,3.6211953729923605e-14,3.6312364598388814e-14,3.610186973458978e-14,3.588539565654057e-14,3.60875183244926e-14,3.632130066573048e-14,3.621061707424846e-14,3.6311298654087495e-14,3.655934454660343e-14,3.652183508636571e-14,3.6554774073992116e-14,3.667852803157934e-14,3.666877567383492e-14,3.667691172744808e-14,3.672096555947433e-14,3.671891747509198e-14,3.6720517917213265e-14,3.673345290745782e-14,3.673296728254856e-14,3.673344774583787e-14,3.673671427177041e-14,3.673653197197673e-14,3.673658072417783e-14,3.6737412221344565e-14,3.67373686108721e-14,3.673745642167678e-14,3.559322755125149e-14,3.558000988092519e-14,3.559027124041283e-14,3.540838995391997e-14,3.534973642082485e-14,3.539908496376883e-14,3.480159316466604e-14,3.454776831162034e-14,3.477367947649242e-14,3.3411141997704316e-14,3.252236364728749e-14,3.334260119120251e-14,3.186018278029699e-14,2.993547190395706e-14,3.1751731694091714e-14,3.3404000984993714e-14,3.2512324728446217e-14,3.333530728383284e-14,3.479675630953152e-14,3.454109984982128e-14,3.4768565806138763e-14,3.5409268936620034e-14,3.535009154087049e-14,3.539996081434446e-14,3.560795106531383e-14,3.559642879383432e-14,3.560555192127858e-14,3.566097082083154e-14,3.5658802096012246e-14,3.566032873707827e-14,3.567336901100549e-14,3.5672862313784625e-14,3.567318569481807e-14,3.5675898397036015e-14,3.5675813808947395e-14,3.567594015268339e-14,3.43493296995218e-14,3.428290757237947e-14,3.4334217272318503e-14,3.356210360822899e-14,3.3234069087393135e-14,3.351175273853018e-14,3.064591071252564e-14,2.898316036866308e-14,3.047176352940121e-14,2.2943465851310216e-14,1.630224554114342e-14,2.2476735487874937e-14,1.264178783936706e-14,-4.102687134386461e-15,1.1839042623182027e-14,2.2896463856326406e-14,1.6229100827564827e-14,2.2429393329576356e-14,3.061537291979634e-14,2.893930695748144e-14,3.044057100699577e-14,3.355914136073103e-14,3.322829318462576e-14,3.3509333776122494e-14,3.439798829537029e-14,3.433944720778007e-14,3.438571927455809e-14,3.4600338926171525e-14,3.459106116093551e-14,3.45977752264203e-14,3.464359616616064e-14,3.464210601366681e-14,3.4643062824816916e-14,3.4651902294144176e-14,3.465168261310986e-14,3.465181535079124e-14,3.270868692539343e-14,3.242332501965127e-14,3.26384936408593e-14,2.977378898977081e-14,2.8120889869177947e-14,2.950691576261741e-14,1.742245619789524e-14,7.835810719548965e-15,1.6399899301459456e-14,-2.0851329929176757e-14,-6.623703951051381e-14,-2.393603220612075e-14,-8.437717213404483e-14,-1.9532561420697043e-13,-9.029231932481837e-14,-2.1146435702434877e-14,-6.671750717173236e-14,-2.4230997211805144e-14,1.725053616199604e-14,7.563986811369615e-15,1.6227348011693388e-14,2.9737463591433296e-14,2.8064138138516335e-14,2.947284893681069e-14,3.2844227963731695e-14,3.258915447462088e-14,3.2785809138093947e-14,3.3510835403086044e-14,3.347391928627688e-14,3.34991782342731e-14,3.3639846660730796e-14,3.3634748791337305e-14,3.363779994075237e-14,3.3662628326349496e-14,3.3661850594373636e-14,3.366222318217564e-14,3.030968214948714e-14,2.931917354657162e-14,3.001448830368044e-14,2.1573528781594397e-14,1.4965008486517077e-14,2.0289383032473603e-14,-2.0653723405014073e-14,-6.589511469839823e-14,-2.6246259366262274e-14,-1.7780911142294755e-13,-3.8536774807129624e-13,-1.9717624858598e-13,-4.589118103523596e-13,1.1200655838001509e-11,-5.016521680667858e-13,-1.7936889072672417e-13,-3.583845307193183e-13,-1.9875076367174513e-13,-2.1514734290273343e-14,-6.731160614748773e-14,-2.7115615146646443e-14,2.136110083405337e-14,1.4613750822532386e-14,2.0081998704620817e-14,3.059747212844134e-14,2.9693144625734706e-14,3.034659346226274e-14,3.2349279069662116e-14,3.2232869148811314e-14,3.230399482924094e-14,3.265645244916038e-14,3.264183696235118e-14,3.2648856633529696e-14,3.2706310539089256e-14,3.270421702739442e-14,3.270493081050746e-14,2.772105636707212e-14,2.544304873642798e-14,2.662218675647751e-14,1.0669702475007618e-14,-6.622234461261249e-15,5.245646248847717e-15,-8.40037827466048e-14,-1.9752286676804394e-13,-1.1126628549086257e-13,-4.585203576883513e-13,1.1107782022370819e-11,-5.699109045798184e-13,1.094423969637829e-11,-5.5091809410122524e-11,1.0675875284464198e-11,-4.0618637950701356e-13,2.3842079643987666e-11,-5.176850549277863e-13,-8.731350195422385e-14,-1.4459809265244616e-13,-1.1461177184020365e-13,9.79217753695521e-15,-8.074620110497866e-15,4.382867734820649e-15,2.8073312525693686e-14,2.591866567799943e-14,2.7125972645543887e-14,3.120124095804331e-14,3.0947939511282597e-14,3.105011425273778e-14,3.1706767234900594e-14,3.167685024128806e-14,3.1683843813101925e-14,3.1784049746640604e-14,3.178005430826937e-14,3.1780323753640036e-14,2.7913715369481216e-14,2.5897154673389405e-14,2.47200217757943e-14,1.7131594871718767e-14,4.993901756636566e-15,-1.4138517319787688e-15,-3.426682768075504e-14,-1.0953185664047741e-13,-1.4475905050431536e-13,-2.2185933269897814e-13,-5.342765858832356e-13,-7.226897737178304e-13,-5.017191324700099e-13,2.328673214923475e-11,1.0288026660562024e-11,1.2474487691319091e-11,-6.433186482773296e-11,1.1973727585822578e-11,1.504042121860012e-14,1.2559536773720284e-11,-9.542092156876691e-14,1.4847152764262975e-14,2.99884380947819e-14,-3.63844901747229e-15,2.7879284965340152e-14,2.5827553636802255e-14,2.5084633266913092e-14,3.0390677205965305e-14,3.0109505452149037e-14,2.9990943138007815e-14,3.082912451341977e-14,3.079247493634963e-14,3.077461291854967e-14,3.0899834610507777e-14,3.0894672373062343e-14,3.089171081981691e-14,2.791680850531715e-14,2.5605714479014144e-14,2.193867086472464e-14,2.045057128754607e-14,6.485441617871593e-15,-1.9895502210112267e-14,-1.4307376642746836e-14,-1.0104145078462299e-13,-2.7693179412343806e-13,-1.3779379150191407e-13,-5.099484239299816e-13,1.0625520905816321e-11,-3.049425118223005e-13,2.328637535045362e-11,-3.061255872134692e-11,1.2533485848397383e-11,-5.1389210717803e-11,2.329794992260771e-11,3.1676614831696924e-14,1.2543866315007105e-11,-2.3091949325420246e-13,1.7501538662663092e-14,2.9959797549782873e-14,-2.2755913340213412e-14,2.7634017488122295e-14,2.5236849421907785e-14,2.233270169379176e-14,2.963483075750271e-14,2.930589757085252e-14,2.895950878659219e-14,2.9990323731714766e-14,2.9947782575051273e-14,2.9905821570909274e-14,3.0048488628603727e-14,3.0042406074984574e-14,3.00368260166362e-14,2.8155794421356374e-14,2.6956177530797183e-14,2.503997624542204e-14,2.4724023574849817e-14,1.826287974418637e-14,6.4642851979046624e-15,9.993927455033571e-15,-2.5066258313915464e-14,-7.149360451292838e-14,-3.6933890080923416e-14,-1.0704799993904217e-13,1.2053239410492854e-11,-3.5321120694668636e-14,2.4638178618876475e-11,-3.9883520297608584e-11,1.2551652576265856e-11,-5.062714655975005e-11,2.4641859382858103e-11,5.42956967313201e-14,1.2537748319610892e-11,-2.721840693562009e-14,2.1543654807175896e-14,4.0825599768474876e-14,3.326729618119143e-15,2.767086359305144e-14,2.6239404548987644e-14,2.4934895318851806e-14,2.895079441881657e-14,2.87435769118551e-14,2.856711981301019e-14,2.9187663583892625e-14,2.915956765916102e-14,2.913575604746918e-14,2.922779328550699e-14,2.922357911836404e-14,2.922015038086925e-14,2.800261215971552e-14,2.7561142094331552e-14,2.6885597281170805e-14,2.6724199744910214e-14,2.4535934290709357e-14,2.0871307713819522e-14,2.1508847359899108e-14,1.0712708315214736e-14,1.8394653472026547e-14,5.6449361004800626e-15,4.620869488712264e-14,1.2441402091037082e-11,6.009890192071307e-14,2.4913545422311374e-11,-3.793164873712635e-11,1.251184084811673e-11,-5.015522287537956e-11,2.4947090617293732e-11,6.351645344412914e-14,1.2491661228254822e-11,6.01453935116729e-14,2.3040045885845264e-14,4.588924003872078e-14,1.7130749233481027e-14,2.7280172299706615e-14,2.6468094218121317e-14,2.6294404289116862e-14,2.821847784527026e-14,2.809777854813447e-14,2.8067604370144748e-14,2.8400824476788302e-14,2.838412662085363e-14,2.8378573114377283e-14,2.8433134284630925e-14,2.8430663231825923e-14,2.842961577961673e-14,2.746668713997912e-14,2.72976949961092e-14,2.7063341585890337e-14,2.6846255688121303e-14,2.599367230066033e-14,2.4734581432201328e-14,2.4128002214447395e-14,1.9779592833580928e-14,4.0397913385437994e-14,1.4780459900274054e-14,7.853894714513373e-14,1.2456260822835988e-11,7.42151431443817e-14,2.48289532227882e-11,-3.746917050566028e-11,1.2427501331558596e-11,-4.983527332915116e-11,2.4892430128969818e-11,5.723937123237862e-14,1.240821936958198e-11,7.182245704348067e-14,2.0527373118134838e-14,4.279581152656168e-14,1.7960819545882372e-14,2.6027227264213516e-14,2.518000170491325e-14,2.558082052258792e-14,2.7337671354952934e-14,2.7208858854557073e-14,2.7264771640553523e-14,2.760907476834883e-14,2.759137722623431e-14,2.7597682478793842e-14,2.7659443369868692e-14,2.7656656177748312e-14,2.7657446031673357e-14,2.6720360411604343e-14,2.6613250104183643e-14,2.6532997096831728e-14,2.5953823191770753e-14,2.5319575127347337e-14,2.4890144441011043e-14,2.208563841671268e-14,1.82476790428076e-14,4.2830547341601903e-14,5.8938762409699425e-15,6.620484361955934e-14,1.2330346598271594e-11,3.557524913765191e-14,2.4550021878642954e-11,-4.9462700762596397e-11,1.2251381498745383e-11,-4.970441136376417e-11,3.689194251073288e-11,1.209456435993238e-14,1.2243619923169394e-11,7.830982834444893e-14,7.400505429680623e-15,2.0490230971453975e-14,4.313265313216296e-15,2.2472429696972433e-14,2.018696169929664e-14,2.1899820345028418e-14,2.60342150013506e-14,2.5700131421338323e-14,2.5938357167842565e-14,2.6764214215481297e-14,2.6718002552524645e-14,2.6748373220060533e-14,2.6896681634792586e-14,2.688988457446658e-14,2.6893804330289166e-14,2.5817366275003593e-14,2.56716950521083e-14,2.5734116988178287e-14,2.4110458327936512e-14,2.305393226685805e-14,2.3630967479645384e-14,1.4293286675420495e-14,6.153351427156404e-15,1.1521927961028142e-14,-3.398560326200979e-14,-6.428188545779576e-14,3.221758997066193e-14,-1.6841212379293942e-13,1.1827112951475553e-11,2.430820123433698e-11,1.1690050177071559e-11,-3.8955214518202556e-11,-3.750540226785934e-11,-1.810644559868156e-13,1.1751592015544924e-11,1.2068326414981845e-11,-4.0856338512754015e-14,-7.48090935744871e-14,-2.179763689282259e-14,1.205752334974422e-14,3.0808295851072654e-15,1.0579374473174791e-14,2.3559563634183267e-14,2.234050895558073e-14,2.3291288922811774e-14,2.5748075511824533e-14,2.559183451019278e-14,2.570210584156118e-14,2.6124486149801385e-14,2.610274970682933e-14,2.6115838322921232e-14,2.4791365291658753e-14,2.450387310360581e-14,2.4737008131149715e-14,2.1256178829997764e-14,1.8814647980676082e-14,2.0939398943611968e-14,-1.235843768070268e-15,-2.3293915858315352e-14,-3.1871225186319045e-15,-1.2787060189317094e-13,-2.9172313089833e-13,-1.1221580665825816e-13,-6.693174131151265e-13,1.0094357481252335e-11,1.1573646168008951e-11,9.765807254079272e-12,-1.75240758749937e-11,-2.71251962764498e-11,-7.607260141119583e-13,9.86335526821942e-12,1.1460100128376338e-11,-1.697500399318601e-13,-3.7778737701161707e-13,-1.6416399950632935e-13,-1.2958501241761193e-14,-4.3985893186563936e-14,-1.773908850440523e-14,1.8683174501036508e-14,1.4767271348928768e-14,1.7745539437032477e-14,2.4382046783634926e-14,2.3904100530291105e-14,2.4216406558804756e-14,2.531369281206052e-14,2.524968865288716e-14,2.528256212846235e-14,2.3914985033895398e-14,2.3544148119120424e-14,2.3828653998428855e-14,1.937736419651407e-14,1.6245401134731884e-14,1.8839042425491384e-14,-9.406759737409621e-15,-3.7226558936321006e-14,-1.2924971400298143e-14,-1.6990071098327884e-13,-3.275124593603343e-13,-1.646090324084843e-13,-8.088682651706368e-13,2.1567905456811148e-11,1.1227074089848934e-11,9.087544590327792e-12,-1.9618204624207405e-11,-3.972456413853064e-11,-1.3157971606360837e-12,1.9917636676221908e-11,2.2636074110072925e-11,-3.587634895329288e-13,-8.066959574905889e-13,-3.7693248310123456e-13,-5.438010186488947e-14,-1.299921053992774e-13,-7.568372753995305e-14,1.0703936849855623e-14,8.28657964837235e-16,6.767528298404468e-15,2.2534629554631693e-14,2.13234914493653e-14,2.1892944900901364e-14,2.4442119655880967e-14,2.4281340012671918e-14,2.4330608355309666e-14,2.3137092714175577e-14,2.271249424701805e-14,2.2947156754005623e-14,1.8038659178414474e-14,1.4493036122821635e-14,1.6684166927972606e-14,-1.3897262920149394e-14,-1.9918453731402144e-14,-2.4021585006331202e-14,-1.3966443308359544e-13,1.1582238187132488e-11,-2.0705697824529228e-13,1.1081484809838383e-11,-5.1051782900529976e-11,1.0827817821155991e-11,8.721574695148774e-12,-9.2679591945234e-12,4.3326815978981345e-11,9.09831485728891e-12,-2.004658119655512e-11,-4.0858364731685604e-11,-7.300701198566982e-13,9.70854303701843e-12,1.0843209112191963e-11,-1.3230751423150132e-13,-3.1297412175974046e-13,-2.002177807773667e-13,-2.2014475949880803e-15,-2.6596913291079452e-14,-1.727997793310035e-14,2.0108255513006717e-14,1.727709650748275e-14,1.788166319386304e-14,2.351605925660708e-14,2.316072640363774e-14,2.3169064226749076e-14,2.229061972912724e-14,2.1885746418973964e-14,2.2017279424407326e-14,1.634835085971963e-14,1.2869386128897218e-14,1.3820862314218919e-14,-1.9646653443443744e-14,-2.542754448947061e-14,-4.2623913738523143e-14,-1.5807874188282793e-13,1.1556203533144834e-11,-3.2507527110963363e-13,1.105121739010133e-11,-3.869243405310248e-11,2.1667033743566037e-11,8.949767271511761e-12,-9.186896805141847e-12,-2.034157566072005e-11,9.300434806036913e-12,-2.0869072599815612e-11,-9.451635247035831e-12,-7.370404492594927e-13,9.689078387366492e-12,9.35150090550989e-12,-1.45203172824553e-13,-3.5502201436234746e-13,-4.3349365644967485e-13,-6.295343318599483e-15,-3.752201531909148e-14,-5.057523812134557e-14,1.8743580992704447e-14,1.4837830073720215e-14,1.2879198276752143e-14,2.274040471507448e-14,2.221236594107429e-14,2.1905876607487687e-14,2.0931741820213874e-14,2.0786939636956897e-14,2.1172373766519375e-14,1.1202801560369792e-14,9.165069715964022e-15,1.1803651136911584e-14,-4.8399172819814846e-14,-4.797997319721514e-14,-5.275534217818418e-14,-3.1257411833755e-13,1.133228112008244e-11,-3.9144698154991344e-13,1.0381407348180822e-11,-3.9538572410960366e-11,2.1139805810030513e-11,1.8855867596476252e-11,1.3394477592349104e-11,-1.126045726889073e-11,8.65680240912209e-12,-2.2948042235239787e-11,9.954909122841932e-12,-8.755491446307641e-13,9.082546903336571e-12,7.43826760530706e-12,-1.7221186397240754e-13,-4.4762822546640947e-13,-7.088077490764514e-13,-1.164432488771812e-14,-5.260426947303627e-14,-8.870020873681262e-14,1.7349684751058037e-14,1.2062570887306384e-14,7.306131351376562e-15,2.1989451917429778e-14,2.12541548852763e-14,2.0580736095734612e-14,1.8524024891955497e-14,1.9297061531160112e-14,2.043036427833285e-14,-1.6786513974433668e-15,3.4410117627080427e-15,1.1310352717998645e-14,-1.3331687109750434e-13,-7.456378417689842e-14,-4.34911939840977e-14,-7.384306867933995e-13,1.1214856413115026e-11,-2.5178555696527913e-13,3.1728525651903094e-11,-3.8314175553530985e-11,2.230326064721003e-11,-4.0474626214635396e-11,-6.405752817373948e-12,-2.8719905246635482e-11,1.986747984607648e-11,-8.020432310234553e-12,-9.582211061049807e-12,-9.330516657713338e-13,8.968051382669405e-12,1.974006521381015e-11,-1.909705337264328e-13,-4.98428201409562e-13,-7.250408309132221e-13,-1.635854352433369e-14,-6.525176679750758e-14,-1.1309693636207558e-13,1.5946087517497527e-14,9.225792308161939e-15,2.2256880986293735e-15,2.1238332023469675e-14,2.0261937144181337e-14,1.922640352649052e-14,1.5284590686797456e-14,1.695057851038445e-14,1.9276954226339138e-14,-2.4747997411349307e-14,-1.1648317063887737e-14,6.699603300828624e-15,-3.075734769759033e-13,-1.9832899303755076e-13,-7.111826915188479e-14,9.368323288589942e-12,1.0274363977866887e-11,-4.2082486389646525e-13,-3.008795347542031e-11,-1.682621952627629e-11,1.0081122640605333e-11,4.324990279046533e-11,-2.612178702395492e-11,3.283579133384049e-11,1.042774946370839e-11,-2.7589015733820742e-11,-6.058803529262343e-12,-6.448626983391168e-13,3.242482653813629e-11,-2.9094152851094746e-11,-1.947003016360505e-13,-5.455135959760072e-13,1.0202255356345621e-11,-2.2776995830688327e-14,-9.836746081041944e-14,-1.9749703374800933e-13,1.402516911460321e-14,3.5202330622191346e-15,-1.1271929095742507e-14,2.0414390813932738e-14,1.892876127670377e-14,1.7040867093637257e-14,1.747529750968669e-14,1.7682050263160316e-14,1.9298541843009512e-14,-2.772102277244986e-15,-3.3672326219039178e-15,9.546662624320022e-15,-1.3485481979618752e-13,-1.3639645374339402e-13,-5.0740023040854484e-14,-7.23786785316323e-13,1.0490668385880452e-11,-3.102599643931316e-13,3.182976090577314e-11,-3.845482638431363e-11,1.0365556322098152e-11,-3.6244283118521494e-11,-1.301301424449284e-11,2.2523050374229766e-11,2.2821358790654863e-11,-1.3478701500877765e-11,-1.453646783156936e-11,1.056837576031767e-11,-3.8692416419451304e-11,-1.6900397015086883e-11,-2.4631708441874267e-13,1.0550979094377162e-11,1.0231151439494099e-11,-3.760564616768231e-14,-1.2503640263536207e-13,-1.929861847558487e-13,1.1813498250695695e-14,-1.4888767064063383e-15,-1.0885568503412566e-14,1.969657661402592e-14,1.8005067576264862e-14,1.6678446774304794e-14,2.1017243302770615e-14,2.098705128194356e-14,2.1537192276635145e-14,1.478943055383326e-14,1.3942072678161198e-14,1.7832211440290355e-14,-2.0425795766036598e-14,-3.0814473260988174e-14,-2.671868747269149e-15,-1.5287692265529606e-13,-1.985527327382241e-13,-9.208936994364172e-14,1.116110271391194e-11,2.216634172397013e-11,-2.255953522561516e-13,-3.5308751451526814e-11,-2.3329269121913963e-11,2.300572985223404e-11,2.307570048274054e-11,-3.526507069251183e-11,-3.571851619761315e-11,-1.838825185080356e-13,2.213010324408641e-11,2.1933656838682713e-11,-8.168486202890438e-14,-2.1088429639825646e-13,-3.046149906525268e-13,-5.382482220620256e-16,-3.375083006139882e-14,-5.263469891464658e-14,1.82204775747317e-14,1.3464746123413153e-14,1.0389090577622604e-14,2.161174196385366e-14,2.0918190110686864e-14,2.0418410040034652e-14,1.138003546489635e-12,1.13797821610078e-12,1.1381365755859632e-12,1.1362223695886139e-12,1.1358910775785398e-12,1.1369015549230761e-12,1.127187611713311e-12,1.1240017671218629e-12,1.1306258463528605e-12,1.091192521438317e-12,1.0897450682087961e-12,1.105031362781569e-12,1.085715833765389e-12,1.2450109715766859e-11,1.0756348648979343e-12,2.4075460682051553e-11,-4.456906023352187e-11,1.256524098869587e-11,1.170284622482057e-12,2.40238795767945e-11,1.2627161889308863e-11,1.0629761356358647e-12,1.0283770669335829e-12,9.703064979101047e-13,1.1111400668177918e-12,1.0739081879134776e-12,1.056795088443666e-12,1.13155045670988e-12,1.1239178231725782e-12,1.119632614562507e-12,1.1370254653150855e-12,1.1357381137680575e-12,1.1349129464561803e-12,1.1381540845817756e-12,1.1379359762223179e-12,1.1377806806490262e-12
-2.5014126836598466e-12,-2.5014128232865624e-12,-2.5014128133046516e-12,-2.5014128243328513e-12,-2.5014128959826196e-12,-2.501412856325067e-12,-2.5014127487521467e-12,-2.5014129106204506e-12,-2.501412804206923e-12,-2.5014127504884476e-12,-2.501412896308407e-12,-2.501412815260476e-12,-2.5014127500228047e-12,-2.501412896366877e-12,-2.5014128127773256e-12,-2.501412750022137e-12,-2.5014128963670534e-12,-2.5014128128505912e-12,-2.501412750022137e-12,-2.5014128963670534e-12,-2.5014128128505912e-12,-2.501412750022137e-12,-2.501412896366877e-12,-2.5014128127773256e-12,-2.501412750021784e-12,-2.501412896299954e-12,-2.501412815257867e-12,-2.5014127498035954e-12,-2.5014129056760423e-12,-2.50141280356898e-12,-2.5014127618646e-12,-2.501412866019293e-12,-2.501412874443231e-12,-2.501412812318697e-12,-2.5014129002400456e-12,-2.5014127493877118e-12,5.4658271764747895e-14,5.465809914869201e-14,5.4658270282053304e-14,5.465814099729845e-14,5.465799332211048e-14,5.4658195481871904e-14,5.465819959827079e-14,5.4658054650170475e-14,5.4658232492185446e-14,5.4658200284806466e-14,5.465805468508816e-14,5.465823575076007e-14,5.4658200442052774e-14,5.465805460315487e-14,5.465823536246461e-14,5.465820044222645e-14,5.4658054603153254e-14,5.465823536211766e-14,5.465820044222645e-14,5.4658054603153254e-14,5.465823536211766e-14,5.465820044222645e-14,5.465805460592722e-14,5.465823536246461e-14,5.4658200447774375e-14,5.465805794518063e-14,5.46582357548055e-14,5.465820384252805e-14,5.4658037825130215e-14,5.4658235268226604e-14,5.465816588363343e-14,5.465797810819187e-14,5.465818624974261e-14,5.4658268182478674e-14,5.465814841675635e-14,5.4658277817818126e-14,5.822634074082109e-14,5.822614555882695e-14,5.822622344962936e-14,5.822616848497813e-14,5.822602925878378e-14,5.822619197909503e-14,5.822623461761534e-14,5.822607858985521e-14,5.822621953450799e-14,5.822623344243281e-14,5.822609052647212e-14,5.822621940104393e-14,5.822623348364886e-14,5.822607862592723e-14,5.82262192234174e-14,5.822623348398975e-14,5.822607860380661e-14,5.82262192234174e-14,5.822623348398975e-14,5.822607860397706e-14,5.82262192234174e-14,5.822623348398975e-14,5.822607860397706e-14,5.82262192234174e-14,5.822623348887206e-14,5.82260786083351e-14,5.8226219224102e-14,5.822623182540781e-14,5.822608142368269e-14,5.822621936969266e-14,5.822620890621455e-14,5.8226036023069e-14,5.822615397855502e-14,5.822622108637839e-14,5.8226134687052e-14,5.822633838116278e-14,5.6349014160921814e-14,5.6348886283618006e-14,5.6349015541841686e-14,5.634892885241886e-14,5.634884455803772e-14,5.634898507302106e-14,5.6348968143113445e-14,5.634889357112646e-14,5.6349008280152335e-14,5.634898418114426e-14,5.6348806799596666e-14,5.634901986253843e-14,5.6348974410171424e-14,5.6348893020530324e-14,5.634900806788721e-14,5.6348974442029994e-14,5.6348880293285466e-14,5.6349008032932365e-14,5.6348974442029994e-14,5.6348880353561406e-14,5.6349008032932365e-14,5.634897436550367e-14,5.6348880353743564e-14,5.6349008032932365e-14,5.634897113948555e-14,5.634888067683999e-14,5.634900803311654e-14,5.634897245582919e-14,5.634888033257816e-14,5.63490082310712e-14,5.6348943176606975e-14,5.63488423601635e-14,5.634896175772744e-14,5.634903589998239e-14,5.634889190787587e-14,5.634904077509411e-14,5.453705361435943e-14,5.4536893910644606e-14,5.453697928493346e-14,5.453693075908601e-14,5.453680018070025e-14,5.453694659288723e-14,5.45369697249975e-14,5.453683298410446e-14,5.4536966800626864e-14,5.4536994993046846e-14,5.4536840557886876e-14,5.4536970038419385e-14,5.4536972558926357e-14,5.453683208590587e-14,5.4536969927023844e-14,5.45369761741374e-14,5.453683212683031e-14,5.4536969927023844e-14,5.45369761741374e-14,5.4536832127159483e-14,5.4536969927023844e-14,5.453697255960652e-14,5.4536832513542495e-14,5.4536969927517406e-14,5.453699529842149e-14,5.453682614420412e-14,5.453697031847495e-14,5.4536960911268116e-14,5.453683513328287e-14,5.4536970217577496e-14,5.453697913597148e-14,5.453677136196399e-14,5.4536921916034124e-14,5.453695929579286e-14,5.4536905551260906e-14,5.4537012848180616e-14,5.2796991472583576e-14,5.279694786035416e-14,5.279697089841585e-14,5.2796946205362854e-14,5.2796759527479704e-14,5.2796957382663095e-14,5.279697642354977e-14,5.279688612068174e-14,5.279698877521384e-14,5.2796972252679344e-14,5.2796874389350625e-14,5.279697191370937e-14,5.27969758175079e-14,5.279687434441428e-14,5.279697514278903e-14,5.2796975891467054e-14,5.2796874344253933e-14,5.27969751453768e-14,5.2796975891467054e-14,5.2796874344253933e-14,5.27969751453768e-14,5.279697589265855e-14,5.279687434975097e-14,5.27969751453768e-14,5.279696900025849e-14,5.279687812162105e-14,5.279697514349868e-14,5.279699207954512e-14,5.279687126818128e-14,5.2796969120500986e-14,5.2796950184627474e-14,5.279683171600755e-14,5.279693320733267e-14,5.279697343433149e-14,5.27969164801465e-14,5.279705274633157e-14,5.112578964169702e-14,5.1125691686314975e-14,5.1125755268602487e-14,5.1125732022154285e-14,5.112563049831346e-14,5.112573497896066e-14,5.112575157060755e-14,5.1125603954242295e-14,5.1125762634243156e-14,5.112575142951065e-14,5.1125636074478525e-14,5.112574559154736e-14,5.1125763482735787e-14,5.1125632668834175e-14,5.112574886435693e-14,5.1125763396673864e-14,5.112563250869193e-14,5.112574886658442e-14,5.112576355380829e-14,5.112563251091982e-14,5.112574886658442e-14,5.112576355921324e-14,5.112563586664132e-14,5.1125748869128563e-14,5.1125766916374626e-14,5.1125612800772945e-14,5.112574887752194e-14,5.1125761152189954e-14,5.11256262171158e-14,5.112576385997902e-14,5.112573938483439e-14,5.1125607329352856e-14,5.1125716075047904e-14,5.112575835087051e-14,5.112567511252598e-14,5.112579078652347e-14,4.9520170923083715e-14,4.9519971048191436e-14,4.952006134762756e-14,4.951999221374483e-14,4.9519876215401257e-14,4.952009042115928e-14,4.9520108580500027e-14,4.951990989495655e-14,4.9520101964135954e-14,4.9520095755913216e-14,4.95199086415582e-14,4.9520105409635627e-14,4.9520038564026087e-14,4.951992005203694e-14,4.952010543377371e-14,4.9520048211075314e-14,4.9519921838110926e-14,4.9520105200736575e-14,4.952004817880396e-14,4.951992168461278e-14,4.952010520026886e-14,4.9520048333085667e-14,4.9519921688083466e-14,4.9520105200112555e-14,4.952004772483892e-14,4.9519923428848714e-14,4.95201050630211e-14,4.95200485317217e-14,4.951991618345337e-14,4.9520111498997196e-14,4.9520031201066484e-14,4.9519877417891646e-14,4.95200126604815e-14,4.952006221565102e-14,4.952004100652726e-14,4.952013836652587e-14,4.7976939638965686e-14,4.7976860738709696e-14,4.7976958457022103e-14,4.7976889636892455e-14,4.7976758826788685e-14,4.797688599830508e-14,4.797690317647472e-14,4.7976818490455063e-14,4.7976910421875317e-14,4.7976964862159063e-14,4.797678539255961e-14,4.797691392495694e-14,4.79769645099643e-14,4.797678847192402e-14,4.7976913929724536e-14,4.7976964868579407e-14,4.797678824370295e-14,4.7976913929262074e-14,4.797696487480709e-14,4.7976788169480453e-14,4.797691385452865e-14,4.7976964715257764e-14,4.7976786291237626e-14,4.7976913702875503e-14,4.797696371324114e-14,4.797679613846981e-14,4.7976912723260206e-14,4.7976974358821767e-14,4.797679720735801e-14,4.797691065979314e-14,4.7976881835175334e-14,4.797679576391411e-14,4.797687322032755e-14,4.7976960287420934e-14,4.797683655806318e-14,4.7976974264864066e-14,4.649356937740153e-14,4.6493474870570997e-14,4.64935301978456e-14,4.6493497656149946e-14,4.649338479065843e-14,4.649350614732211e-14,4.649353080862034e-14,4.649342938425121e-14,4.649352690816931e-14,4.6493515720664616e-14,4.649342723769127e-14,4.6493526505416766e-14,4.6493515585652826e-14,4.649342704677653e-14,4.649352638866919e-14,4.6493515704051533e-14,4.6493427233766605e-14,4.6493526505416766e-14,4.6493519233538715e-14,4.649343068415343e-14,4.6493526904807677e-14,4.649351926087485e-14,4.649343071117695e-14,4.649352700206481e-14,4.6493519029038503e-14,4.649342937695926e-14,4.6493526776910125e-14,4.64935189692743e-14,4.6493427961432705e-14,4.6493525088044e-14,4.6493510254430965e-14,4.649339555687576e-14,4.6493504412726383e-14,4.649351673904835e-14,4.6493489795580216e-14,4.649350282584379e-14,4.5067109551550126e-14,4.506704781927669e-14,4.5067105959511854e-14,4.506705290712853e-14,4.506698172943235e-14,4.5067066306908786e-14,4.5067085133265685e-14,4.506700267185862e-14,4.5067089928657475e-14,4.5067097080975615e-14,4.5067017299182584e-14,4.506708675707535e-14,4.506709730372025e-14,4.506701519708077e-14,4.5067083965101676e-14,4.5067097155250214e-14,4.5067017367752544e-14,4.50670867529245e-14,4.506708517847345e-14,4.5067003027899695e-14,4.5067087395122004e-14,4.506708854070697e-14,4.506700586272722e-14,4.5067087276745915e-14,4.5067088504818723e-14,4.506700656033532e-14,4.5067087477635694e-14,4.506708702662233e-14,4.506701013278783e-14,4.506708396805376e-14,4.5067090771643376e-14,4.50669321721658e-14,4.5067068435398387e-14,4.50671048960387e-14,4.506702244133632e-14,4.5067194725262224e-14,4.369518619516737e-14,4.3695022317239876e-14,4.369508006444429e-14,4.3695043530958365e-14,4.3694954455092814e-14,4.369507782212971e-14,4.369507466305748e-14,4.369500806141533e-14,4.369507748145085e-14,4.369507425548685e-14,4.3695002731255716e-14,4.369507225146087e-14,4.3695062220960115e-14,4.369499983222839e-14,4.3695089022143894e-14,4.369507471266812e-14,4.369500289746328e-14,4.369506974998067e-14,4.369507429691091e-14,4.3695001567443695e-14,4.369509042137766e-14,4.369507944266094e-14,4.3695004675036856e-14,4.369508982943865e-14,4.3695079048681845e-14,4.369500897962539e-14,4.369509128715505e-14,4.3695080766753345e-14,4.3695009635226207e-14,4.369509281958751e-14,4.3695068805424016e-14,4.369498071816895e-14,4.369504486555976e-14,4.369509550448532e-14,4.3695033888142784e-14,4.369511496708507e-14,4.23751438103247e-14,4.237505172148083e-14,4.237511942650639e-14,4.237505521658266e-14,4.2374982024926666e-14,4.237509399314209e-14,4.2375131953684207e-14,4.237499898464469e-14,4.2375089259757746e-14,4.237509682217612e-14,4.2374949516361047e-14,4.2375089636248113e-14,4.237505391159781e-14,4.237495321733311e-14,4.237506607467116e-14,4.237509611230652e-14,4.2374950481249056e-14,4.237508913115822e-14,4.2375126357296433e-14,4.2374996906830406e-14,4.2375087821205035e-14,4.2375118116388816e-14,4.237500081694426e-14,4.237511527985523e-14,4.2375148196115473e-14,4.2374988662647185e-14,4.237512413993621e-14,4.237514070659683e-14,4.2374993864550586e-14,4.2375121201692125e-14,4.237508687397701e-14,4.237498692321237e-14,4.237510092270267e-14,4.2375103424518917e-14,4.237508731610424e-14,4.237514697467142e-14,4.110480884380459e-14,4.1104750957889096e-14,4.1104788307105967e-14,4.1104739837481755e-14,4.110463599139477e-14,4.1104698983478415e-14,4.1104671317166305e-14,4.110449779200339e-14,4.110471773310462e-14,4.110457800257365e-14,4.1104436428741364e-14,4.1104491198226434e-14,4.110448281738514e-14,4.110435468742693e-14,4.1104508712853405e-14,4.110456323545818e-14,4.110443357528935e-14,4.110448975239106e-14,4.110466981657424e-14,4.110451261310693e-14,4.110471394113825e-14,4.110476838046153e-14,4.110467491146519e-14,4.110470983820528e-14,4.11048094614177e-14,4.1104713978984184e-14,4.1104768648768545e-14,4.1104812462582444e-14,4.110471857734947e-14,4.110479432522782e-14,4.11048151222052e-14,4.1104701346863076e-14,4.11047832766103e-14,4.110482401620382e-14,4.110476097391217e-14,4.1104851636121114e-14,3.9881863887930805e-14,3.988176112581979e-14,3.988181937377745e-14,3.98815226111138e-14,3.9881469194800085e-14,3.988159428812495e-14,3.9881116997214043e-14,3.9880864337320935e-14,3.988109249493624e-14,3.988022321189033e-14,3.9880059095587196e-14,3.9880279341875665e-14,3.9879738750839134e-14,3.987935544847396e-14,3.9879700603885727e-14,3.988029865627377e-14,3.988003773180934e-14,3.9880290720518857e-14,3.988110368027382e-14,3.988088454461972e-14,3.988110409992561e-14,3.9881565356732183e-14,3.988151848371923e-14,3.98816371045113e-14,3.988180574555196e-14,3.988172813835678e-14,3.98818665737913e-14,3.988194844463281e-14,3.988185436558451e-14,3.988192502640549e-14,3.988194889315958e-14,3.988183198369494e-14,3.988193948720099e-14,3.9881970934992896e-14,3.9881923497528935e-14,3.988200126472823e-14,3.8703776152074564e-14,3.870368097333326e-14,3.870370618622323e-14,3.870255662684144e-14,3.8702293304712215e-14,3.8702551130902395e-14,3.869944944083511e-14,3.869873990571739e-14,3.8699363905448586e-14,3.8694102388070887e-14,3.8692384515347037e-14,3.869389697944068e-14,3.868991590585807e-14,3.868728589744011e-14,3.8689730230489955e-14,3.8694062210576685e-14,3.869236178353079e-14,3.8693884237495996e-14,3.869945600701985e-14,3.8698721794962194e-14,3.869936368541006e-14,3.8702628133108863e-14,3.8702354628837246e-14,3.870257409653732e-14,3.870397043046174e-14,3.870379251315677e-14,3.8703947363033515e-14,3.870432564532457e-14,3.870429956817364e-14,3.8704373137811997e-14,3.870452360537936e-14,3.8704398317443894e-14,3.870448152749889e-14,3.8704534576796647e-14,3.8704503480800857e-14,3.870456992593078e-14,3.7566791271899744e-14,3.7566355964137333e-14,3.756667424555283e-14,3.756018050347616e-14,3.755875836708556e-14,3.755996005827014e-14,3.7541506123559426e-14,3.7536618370216386e-14,3.754091067665622e-14,3.750622581248821e-14,3.749262954129141e-14,3.750505926142098e-14,3.747613002239384e-14,3.7452188842007504e-14,3.747437009073329e-14,3.7506157177651665e-14,3.7492487086301143e-14,3.7504909477521826e-14,3.7541410927220944e-14,3.753651431508939e-14,3.754083384909371e-14,3.756035344236916e-14,3.755892674705521e-14,3.7560134111572934e-14,3.756752467381174e-14,3.756711726097429e-14,3.7567444827128047e-14,3.756972613432317e-14,3.7569593597946975e-14,3.75697316887081e-14,3.757031559399455e-14,3.757020066315704e-14,3.757030688468258e-14,3.7570449742524957e-14,3.757043283945608e-14,3.757047124958661e-14,3.646099616276306e-14,3.645878509821277e-14,3.646055494695218e-14,3.642659083922547e-14,3.6417555191294405e-14,3.642527814524359e-14,3.632003033146683e-14,3.62838980082284e-14,3.631612682081817e-14,3.6097231436894184e-14,3.598673822975391e-14,3.6088314349623647e-14,3.588205126840313e-14,3.566963663982625e-14,3.586881390412157e-14,3.609624640622222e-14,3.5985457369941494e-14,3.608732556348102e-14,3.631939033988193e-14,3.6283016318617143e-14,3.631543969165581e-14,3.642696649175709e-14,3.641786213566e-14,3.6425640059833173e-14,3.6464175892625235e-14,3.6462242599547784e-14,3.646382501799725e-14,3.647470276749554e-14,3.647426119972497e-14,3.647462258348129e-14,3.647726898007445e-14,3.6477138778394536e-14,3.6477212169972776e-14,3.6477848572846905e-14,3.647777494544363e-14,3.647786829466721e-14,3.535383737561558e-14,3.534129820190854e-14,3.535129118888018e-14,3.5186142431769524e-14,3.5129130399540974e-14,3.517815473259432e-14,3.461539685775197e-14,3.436662184071053e-14,3.4589930549455486e-14,3.328010828284593e-14,3.239658732068436e-14,3.321668645865255e-14,3.175908093887824e-14,2.9829604147662575e-14,3.165728576767694e-14,3.327335585049745e-14,3.238708964916726e-14,3.320980127392832e-14,3.461080253161418e-14,3.436027647185221e-14,3.458506314620934e-14,3.518656310283393e-14,3.512917475566466e-14,3.517850491642067e-14,3.536597144897197e-14,3.535502041417805e-14,3.536392623871368e-14,3.5412122810965426e-14,3.541028749492091e-14,3.5411683615648006e-14,3.542259636881459e-14,3.5422165496268404e-14,3.5422414407326066e-14,3.542462360603417e-14,3.542452069955873e-14,3.542470183588612e-14,3.414039278734849e-14,3.407657430188908e-14,3.4127344679940495e-14,3.340091397486097e-14,3.307918795088556e-14,3.335501780159171e-14,3.060470594184875e-14,2.8948174289756745e-14,3.0442669301467284e-14,2.3054461157773783e-14,1.639611951950576e-14,2.2609935541072737e-14,1.2798291383961465e-14,-4.040526974565295e-15,1.2023220610899322e-14,2.3008893461192684e-14,1.6324250204021498e-14,2.2564119716641337e-14,3.057545472215324e-14,2.890583766303874e-14,3.041286650817384e-14,3.3397194414182244e-14,3.307274582496151e-14,3.3351740372061e-14,3.41819706201254e-14,3.4125729221554155e-14,3.417125428362403e-14,3.436424915447308e-14,3.435550665321127e-14,3.436204431883857e-14,3.4401753199735887e-14,3.440042206125829e-14,3.440130615011035e-14,3.4408701300988e-14,3.440845087169929e-14,3.440860107446344e-14,3.255433566058496e-14,3.2274218445420865e-14,3.2491035792918117e-14,2.9742242748206644e-14,2.809902901114227e-14,2.949365534936005e-14,1.7662324282400297e-14,8.055257297099136e-15,1.66850821476097e-14,-2.0357654379554184e-14,-6.602063501091995e-14,-2.33607218728415e-14,-8.408026821368095e-14,-1.9523822380161933e-13,-8.990414880145025e-14,-2.064883418185146e-14,-6.649870556871744e-14,-2.3652786249142364e-14,1.749494254922858e-14,7.787265957052075e-15,1.651683947750996e-14,2.970524914401909e-14,2.804125405345911e-14,2.945850181677226e-14,3.2674097163376794e-14,3.242301058307305e-14,3.262112490180296e-14,3.329248163728549e-14,3.3257323379531847e-14,3.328227490932834e-14,3.340798778668392e-14,3.340321100911951e-14,3.3406241717771936e-14,3.342754486179737e-14,3.342684115586566e-14,3.342725317142563e-14,3.023149013962039e-14,2.9255644249404164e-14,2.995615077143478e-14,2.1715988640566286e-14,1.5111433485777654e-14,2.0488884270257153e-14,-2.011330367418491e-14,-6.55946634465939e-14,-2.5568792489123474e-14,-1.7746198365263925e-13,-3.8534414609557425e-13,-1.9662333704169038e-13,-4.591118973361845e-13,1.1616723435254827e-11,-5.017338381908335e-13,-1.7901791033975057e-13,-3.5767823029368524e-13,-1.9819405145819694e-13,-2.096489574873265e-14,-6.700572426058807e-14,-2.6427822471300462e-14,2.150495130183677e-14,1.4760014983565398e-14,2.028205086354744e-14,3.049119576878183e-14,2.9598076457103584e-14,3.025603460870654e-14,3.215338812368424e-14,3.2040295346661036e-14,3.211249804922981e-14,3.243516530692598e-14,3.2421432561911476e-14,3.2428551258378865e-14,3.247926108819561e-14,3.247741677253347e-14,3.2478127528463544e-14,2.7703591202737317e-14,2.5445459630237485e-14,2.666187292936284e-14,1.092474215720883e-14,-6.39712143728424e-15,5.6399904917195735e-15,-8.348420548806585e-14,-1.970889849997587e-13,-1.1047557257342692e-13,-4.584107337110367e-13,1.1521290804443343e-11,-5.697594376660816e-13,1.1357311999568936e-11,-5.761607482188164e-11,1.1088484772412182e-11,-4.0473622372496085e-13,2.4673000250106886e-11,-5.161952996700275e-13,-8.67834967792018e-14,-1.4281707009511555e-13,-1.1381231073832685e-13,1.0054243703650187e-14,-7.850047583863633e-15,4.780175841973944e-15,2.802139861711953e-14,2.588207002765767e-14,2.711884093750345e-14,3.102453615193309e-14,3.0777378844676817e-14,3.088402283606994e-14,3.14953055683294e-14,3.1466849180410895e-14,3.1474691317542274e-14,3.156466223412826e-14,3.1561018100624345e-14,3.15614287511073e-14,2.7903529210130333e-14,2.5942521484875623e-14,2.4804393490589584e-14,1.744164862476348e-14,5.398241860815157e-15,-8.961717518377724e-16,-3.3314531114359724e-14,-1.0868924954807584e-13,-1.4375740930307932e-13,-2.2080964085202234e-13,-5.33367332420126e-13,-7.228913901947123e-13,-5.000443141013175e-13,2.4111728535522846e-11,1.0691063401423496e-11,1.2891267188169538e-11,-6.642439692523326e-11,1.2389256855013985e-11,1.7327331875660515e-14,1.2975463104191421e-11,-9.308443348288579e-14,1.5164329108693325e-14,3.1074497765726157e-14,-3.1132282938697696e-15,2.7839377907925224e-14,2.5827710653504867e-14,2.5119908070968996e-14,3.022181179518202e-14,2.995124762982806e-14,2.98421969801765e-14,3.062467192674594e-14,3.0590372164503e-14,3.0574351332657666e-14,3.0687224382842036e-14,3.068247238913813e-14,3.068007608342532e-14,2.7872576445872365e-14,2.5619714641592297e-14,2.2009990106189653e-14,2.0672071484720835e-14,6.826077057547795e-15,-1.9532883982886267e-14,-1.3504681213798498e-14,-1.0034169828198639e-13,-2.7653346978892877e-13,-1.3663906942822467e-13,-5.092040084195476e-13,1.1026019725813902e-11,-3.029555077412885e-13,2.409674874728742e-11,-3.225212351968981e-11,1.2945036226240953e-11,-5.3033590302909e-11,2.4108925413770122e-11,3.378798947614362e-14,1.2954332296637473e-11,-2.292130469607144e-13,1.7752547337329093e-14,3.094390174698132e-14,-2.2373327337421303e-14,2.7573707130953988e-14,2.5221541423839123e-14,2.2362871622008e-14,2.94656121363519e-14,2.9149615187005657e-14,2.881542118979855e-14,2.979071848723932e-14,2.97510054970408e-14,2.9711648577441424e-14,2.984199869816771e-14,2.983653320511975e-14,2.983146573901019e-14,2.805591328546115e-14,2.690626273150818e-14,2.503743589610931e-14,2.4794715885751658e-14,1.8455975974524788e-14,6.752431973825381e-15,1.0480625392565792e-14,-2.4391462067945245e-14,-7.02864437755946e-14,-3.595330568948492e-14,-1.0451097325155635e-13,1.2456251475203519e-11,-3.2515308466012684e-14,2.544779575908409e-11,-4.110658000455012e-11,1.2960336012379685e-11,-5.226192968307623e-11,2.5452586434558566e-11,5.609733004409144e-14,1.2945517979245317e-11,-2.469556766874322e-14,2.165799331482826e-14,4.168836350196519e-14,3.6553620649663645e-15,2.7573681860590313e-14,2.6181647103541397e-14,2.4916015186397457e-14,2.877709398522822e-14,2.857964153697446e-14,2.841318040980169e-14,2.89920641084378e-14,2.8966017761512454e-14,2.8944276285486655e-14,2.902694923251229e-14,2.902332086520191e-14,2.902018362281173e-14,2.7857936984487214e-14,2.744183974616269e-14,2.6796442316800147e-14,2.6669308333155347e-14,2.454892705759412e-14,2.0954838036169337e-14,2.1675878305089203e-14,1.1040663569211418e-14,1.9458380481125396e-14,6.152711998847577e-15,4.8748271506138113e-14,1.2843773695489337e-11,6.264096656473905e-14,2.5719747984377414e-11,-3.914073132450452e-11,1.2917486947655147e-11,-5.177927088217252e-11,2.575460408847127e-11,6.50664853588517e-14,1.2896538737105089e-11,6.259231970401144e-14,2.307776019931876e-14,4.6613175179484415e-14,1.7306017066949964e-14,2.7167404707618443e-14,2.6376820495683617e-14,2.6227201695347438e-14,2.8046217106878117e-14,2.793130815328141e-14,2.7905963220343775e-14,2.8210336689591334e-14,2.8195119882174414e-14,2.8190356909497317e-14,2.8238202613291413e-14,2.8235971238059706e-14,2.8235152556135834e-14,2.73044331015164e-14,2.7146479690693186e-14,2.692336689155617e-14,2.67349595135719e-14,2.5914967113658305e-14,2.4685219354298892e-14,2.416898005800659e-14,1.989376815678446e-14,4.117603921146331e-14,1.5089150537277843e-14,8.078548006569862e-14,1.28559922404455e-11,7.663488868610535e-14,2.563009419277432e-11,-3.866635100081126e-11,1.2830583499201008e-11,-5.144899743628115e-11,2.56955380440433e-11,5.890600228140645e-14,1.2810559035959756e-11,7.424121712122381e-14,2.0664130824390732e-14,4.3590324929586255e-14,1.816971032042851e-14,2.5960972374190048e-14,2.5129276683461282e-14,2.5536798882043673e-14,2.7185184076989762e-14,2.7061823782885044e-14,2.7118230647859344e-14,2.7428204151201043e-14,2.7411622868703832e-14,2.7418128303777165e-14,2.7471305201829918e-14,2.746887360218557e-14,2.746962117902179e-14,2.656382072961226e-14,2.6462713443502706e-14,2.638575508017499e-14,2.5860592679182378e-14,2.5243577253109778e-14,2.4820824065251335e-14,2.2194974878176424e-14,1.8396027745890394e-14,4.359983308048086e-14,6.4629621658267554e-15,6.862753197029869e-14,1.2730250832343722e-11,3.8536496455761654e-14,2.5348866680176723e-11,-5.106756829806676e-11,1.26524288091951e-11,-5.13106570027116e-11,3.808735644979357e-11,1.447875980578232e-14,1.2643850415669981e-11,8.256239378996435e-14,7.983594952990602e-15,2.1708175387157152e-14,4.9471281772058325e-15,2.2584692454089066e-14,2.0328111619352638e-14,2.203471677764837e-14,2.5939104384265328e-14,2.5613384907460122e-14,2.5849886214134078e-14,2.6602114073440217e-14,2.6558634042174267e-14,2.658799545670488e-14,2.6717600366906845e-14,2.6711454262087106e-14,2.671520849207403e-14,2.5683738979756933e-14,2.5544055200852487e-14,2.5605738253908376e-14,2.409052078048167e-14,2.3053589281601878e-14,2.3626393725734598e-14,1.4668239237113385e-14,6.564586007363638e-15,1.193069257402011e-14,-3.2723821324094653e-14,-6.260712519516942e-14,3.530210727474457e-14,-1.6523674603349524e-13,1.22226945633064e-11,2.510044389046656e-11,1.2084835255743326e-11,-4.014635926686585e-11,-3.869295348307845e-11,-1.7763587885979021e-13,1.2146183359055662e-11,1.2464881239292475e-11,-3.932658800466827e-14,-7.284971103275756e-14,-1.957061899957897e-14,1.2576714065833163e-14,3.650031442490045e-15,1.1150399856006997e-14,2.3589902271807978e-14,2.239917697012825e-14,2.333997376444295e-14,2.5622896263664456e-14,2.5472964049349662e-14,2.5581570019460995e-14,2.5958866190625612e-14,2.5938762203455226e-14,2.5951424719815105e-14,2.468994524005696e-14,2.441053617395375e-14,2.4640322347274558e-14,2.1347757588294647e-14,1.8927503476193174e-14,2.104726765053685e-14,-4.941504622775427e-16,-2.256884907809763e-14,-2.3896816398938543e-15,-1.2585031112797302e-13,-2.900467196880663e-13,-1.0948285403175109e-13,-6.665161036018845e-13,1.0480571618287757e-11,1.1965391661545721e-11,1.0151382431699904e-11,-1.8701989810108676e-11,-2.790281821187634e-11,-7.574384406126516e-13,1.0249217916489016e-11,1.1852460921817177e-11,-1.6693313002220282e-13,-3.7544349650373097e-13,-1.6043175167330394e-13,-1.1752769669627546e-14,-4.2743266312917047e-14,-1.636443682716721e-14,1.894648347324583e-14,1.5080710935467822e-14,1.8065301079476612e-14,2.4319153981801855e-14,2.3856592373085486e-14,2.4168874181957193e-14,2.5168117051468125e-14,2.510832544765246e-14,2.514121974095806e-14,2.384185780868887e-14,2.348235508598256e-14,2.376352271539915e-14,1.9564021869340163e-14,1.6470155659407703e-14,1.90551703483304e-14,-8.319635712356372e-15,-3.6099389684464714e-14,-1.1713549766308741e-14,-1.668393336619441e-13,-3.235759547329877e-13,-1.606274656907721e-13,-8.02813470301509e-13,2.2343308873832663e-11,1.1621878332405753e-11,9.473075273974116e-12,-2.0827876939060686e-11,-4.090197067815739e-11,-1.3107467256203234e-12,2.0682753106772912e-11,2.34173856966583e-11,-3.544254006954326e-13,-8.030434353848553e-13,-3.7005807825436243e-13,-5.226509108598823e-14,-1.2787613684937585e-13,-7.308119309238718e-14,1.1287194191127223e-14,1.5250722842990818e-15,7.525155653249268e-15,2.2560819576706766e-14,2.1385980216635406e-14,2.1962649718276495e-14,2.4323948716924023e-14,2.417257302958748e-14,2.4224567299742848e-14,2.3087794164213513e-14,2.267705711222328e-14,2.291121134268228e-14,1.829968235228688e-14,1.4804751678019694e-14,1.699690250603561e-14,-1.2556373819751223e-14,-1.7830372972789285e-14,-2.243769272494443e-14,-1.3453985111387328e-13,1.1974257505198835e-11,-2.01488647665372e-13,1.147695137098954e-11,-5.2629415528368823e-11,1.1225889661558318e-11,9.103310603518283e-12,-1.0046836743925077e-11,4.485564664285594e-11,9.48204745804717e-12,-2.1211283962364657e-11,-4.2036937604509725e-11,-7.24683966797192e-13,1.0091345656094556e-11,1.123473655382819e-11,-1.2940300564241964e-13,-3.0989756477783784e-13,-1.9577741611132951e-13,-1.2400544576621153e-15,-2.5539768122593177e-14,-1.5927653790625405e-14,2.0240165333508214e-14,1.747997640789455e-14,1.8127783260126412e-14,2.3428591856271394e-14,2.3091909782365497e-14,2.31109223057106e-14,2.2272510630389357e-14,2.1880763300273352e-14,2.2009463405225302e-14,1.670210389095271e-14,1.3275656171318116e-14,1.423982190882711e-14,-1.792324226415102e-14,-2.3101289360751177e-14,-4.072337007249113e-14,-1.522182157289063e-13,1.1944588056790051e-11,-3.1857487032323665e-13,1.1443959489750792e-11,-3.9853730558416944e-11,2.2434591408576882e-11,9.33105738264342e-12,-9.578290832601604e-12,-2.112126231361657e-11,9.684219190660598e-12,-2.1649600146531365e-11,-9.842740921722604e-12,-7.29078898468354e-13,1.0070642923521364e-11,9.731513084282169e-12,-1.4127062950644082e-13,-3.504817050018108e-13,-4.28054158865509e-13,-5.049112210852874e-15,-3.584795484212378e-14,-4.860271089245058e-14,1.8963272995998885e-14,1.516896462554361e-14,1.3311507599123432e-14,2.267986888368578e-14,2.2182883805681595e-14,2.190092761305615e-14,2.0965301856065636e-14,2.0819483832237354e-14,2.1190196795100377e-14,1.1721378600058512e-14,9.688481674683598e-15,1.2291729074805523e-14,-4.628475521044097e-14,-4.532967088023159e-14,-5.06423949592551e-14,-3.063348860634415e-13,1.1718381245836122e-11,-3.84678810038739e-13,1.0770846955427805e-11,-4.0699799848725197e-11,2.1899093841171458e-11,1.9609475771689833e-11,1.2995137166328593e-11,-1.1650656116940267e-11,9.037208233848405e-12,-2.373895550166364e-11,9.54099491093242e-12,-8.67115902349849e-13,9.460660917936378e-12,7.809342391827147e-12,-1.6775040111155444e-13,-4.424446002509104e-13,-7.03325855088991e-13,-1.016457455900716e-14,-5.062934694459736e-14,-8.628398484795151e-14,1.7633103453681378e-14,1.2506518146775634e-14,7.90083156308753e-15,2.195025464058044e-14,2.1259018382637994e-14,2.062568448488468e-14,1.8631583662695204e-14,1.9372901231622258e-14,2.0467726310003383e-14,-9.679412917759005e-16,4.076847224242699e-15,1.1830183499376781e-14,-1.3104672258497538e-13,-7.175975215179419e-14,-4.133622196717878e-14,-7.329971812762149e-13,1.1598413013882521e-11,-2.4460560649540344e-13,3.2863424582996976e-11,-3.947011578146007e-11,2.3066945773095413e-11,-4.2013161740568225e-11,-6.382327956621325e-12,-2.949362724398815e-11,2.062088191823238e-11,-8.779442479414955e-12,-9.979232976660592e-12,-9.257218835327411e-13,9.343733846858317e-12,2.0487809563925278e-11,-1.867674721680078e-13,-4.936981016301086e-13,-7.189218328953597e-13,-1.4849294700822383e-14,-6.321464683196707e-14,-1.1056439983518669e-13,1.6259392834730334e-14,9.737462029615007e-15,2.915977009863551e-15,2.1215063916066325e-14,2.0292622038556494e-14,1.930861563005048e-14,1.543267828379656e-14,1.7057030055657453e-14,1.9324904956529808e-14,-2.402441059415371e-14,-1.1015951270039675e-14,7.20744287089529e-15,-3.0581419781697554e-13,-1.9628818498466485e-13,-6.927902379806469e-14,9.741431123318098e-12,1.0647191786913786e-11,-4.16303535638618e-13,-3.1618427287037126e-11,-1.7575558140327766e-11,1.0459575494613897e-11,4.475192930008631e-11,-2.6882235692819087e-11,3.395807459004641e-11,1.0810236340346983e-11,-2.8354565506946624e-11,-6.434822450470235e-12,-6.373713625751784e-13,3.3548330658704913e-11,-3.0241075266220407e-11,-1.912167198957146e-13,-5.405682020478647e-13,1.0577737828483987e-11,-2.1378713946522927e-14,-9.660532599059913e-14,-1.9524085286106988e-13,1.4346364219430163e-14,4.037514579012678e-15,-1.0588343242479772e-14,2.0401342575071287e-14,1.8977709965549176e-14,1.71525745947068e-14,1.7558201579697016e-14,1.773056740720121e-14,1.9304841782203257e-14,-2.1903357362380872e-15,-2.91601046066685e-15,9.903130499486447e-15,-1.3320393083752235e-13,-1.3478684238986412e-13,-4.945245421614459e-14,-7.206496008498109e-13,1.0865857166674814e-11,-3.071186821998323e-13,3.2948263289862206e-11,-3.99836178082282e-11,1.0743843075844082e-11,-3.7375047946441796e-11,-1.3364087917772779e-11,2.326787060134409e-11,2.357126219215748e-11,-1.3834226816749381e-11,-1.4904611862804733e-11,1.0945919880040357e-11,-4.021989769207024e-11,-1.7647278487458095e-11,-2.4368449743682547e-13,1.092604216344018e-11,1.0600183624631313e-11,-3.6605545951175305e-14,-1.2356591071406244e-13,-1.9126131423145713e-13,1.2068577956535717e-14,-1.09748193376618e-15,-1.0340970165854609e-14,1.9673796809110628e-14,1.8033960106204476e-14,1.6758250900449933e-14,2.0955939992971128e-14,2.0913917976986994e-14,2.1440593670934475e-14,1.4998844790389016e-14,1.4103681464128722e-14,1.7926460731474807e-14,-1.944796013747576e-14,-3.0058327638678707e-14,-2.000736333098383e-15,-1.5043644712786562e-13,-1.9605239697466913e-13,-9.048604007311502e-14,1.1537078631031461e-11,2.2908500705041755e-11,-2.2114808763694487e-13,-3.643208431698624e-11,-2.4061662242541542e-11,2.3752417256683293e-11,2.382447414631261e-11,-3.6394055062376467e-11,-3.68453961705279e-11,-1.7976146995661506e-13,2.287500698386884e-11,2.267320476955747e-11,-8.029965730107087e-14,-2.0837696630024245e-13,-3.0187211387254327e-13,4.4789282977111965e-17,-3.2971635583431554e-14,-5.1587245796584795e-14,1.8288320533943788e-14,1.3634883951125579e-14,1.0658867623317634e-14,2.150711144956779e-14,2.0846630164991604e-14,2.037724161718162e-14,1.1315291253839665e-12,1.1315003907296273e-12,1.1316489448120148e-12,1.1298741158690605e-12,1.1295310882385927e-12,1.1305102775775115e-12,1.1212282701469938e-12,1.1179917672798106e-12,1.124533829157636e-12,1.0859511838508607e-12,1.084776785759376e-12,1.0995382422206807e-12,1.0829219823848223e-12,1.2818027880079183e-11,1.0716813165709735e-12,2.4814084637544783e-11,-4.608046657209129e-11,1.2935045350728779e-11,1.1686190733243482e-12,2.4762045957910354e-11,1.2995111286441819e-11,1.0579470888793413e-12,1.0252489356181103e-12,9.67017407315991e-13,1.1055786168819948e-12,1.068583470938886e-12,1.0517813240384005e-12,1.1254321061695811e-12,1.117958863481345e-12,1.1138236156154187e-12,1.1306272702105787e-12,1.1293936159171859e-12,1.1286168046969424e-12,1.131664865830937e-12,1.1314627394804876e-12,1.131321543115528e-12
-2.5014127292822622e-12,-2.501412791871827e-12,-2.5014128041064282e-12,-2.5014127885983156e-12,-2.5014129493220633e-12,-2.5014128462157395e-12,-2.501412758021533e-12,-2.5014128914687605e-12,-2.501412815046297e-12,-2.501412754904861e-12,-2.50141289144929e-12,-2.501412815043566e-12,-2.5014127549022135e-12,-2.50141289144929e-12,-2.501412815043566e-12,-2.5014127549022135e-12,-2.50141289144929e-12,-2.501412815043566e-12,-2.5014127549022135e-12,-2.50141289144929e-12,-2.501412815043566e-12,-2.5014127549022135e-12,-2.50141289144929e-12,-2.501412815043566e-12,-2.5014127549022135e-12,-2.50141289144929e-12,-2.501412815043566e-12,-2.5014127549009045e-12,-2.5014128915123555e-12,-2.501412815083951e-12,-2.5014127548522115e-12,-2.5014129128171276e-12,-2.5014128554759914e-12,-2.5014128008658084e-12,-2.501412887956337e-12,-2.50141276690166e-12,5.465830196066637e-14,5.465809869642334e-14,5.465821973531516e-14,5.465810676007924e-14,5.465804517411943e-14,5.465818915792951e-14,5.4658197508490255e-14,5.465808644870009e-14,5.465820873509902e-14,5.465819362966588e-14,5.465808585333321e-14,5.465820943103782e-14,5.4658193626081295e-14,5.4658085852677684e-14,5.4658209431693343e-14,5.4658193626081295e-14,5.4658085852677684e-14,5.4658209431693343e-14,5.4658193626081295e-14,5.4658085852677684e-14,5.4658209431693343e-14,5.4658193626081295e-14,5.4658085852849744e-14,5.4658209431693343e-14,5.465819362689151e-14,5.465808585282753e-14,5.4658209427920543e-14,5.465819392551179e-14,5.465808611750513e-14,5.465821102529193e-14,5.4658166108492867e-14,5.465804461939507e-14,5.4658146455658135e-14,5.465822004796843e-14,5.465813073495044e-14,5.465830909463346e-14,5.822633019235866e-14,5.822612417154997e-14,5.82262428709654e-14,5.82261549790958e-14,5.822601305142853e-14,5.822624013907703e-14,5.822621770134408e-14,5.82260609666939e-14,5.822625738288232e-14,5.822621740823659e-14,5.822606051870613e-14,5.822625724132538e-14,5.822621740744011e-14,5.822606051688981e-14,5.822625724115494e-14,5.822621740744011e-14,5.822606051688981e-14,5.822625724115494e-14,5.822621740744011e-14,5.822606051722868e-14,5.822625724115494e-14,5.82262174078024e-14,5.822606059460884e-14,5.822625724149421e-14,5.822621724679622e-14,5.822606051698351e-14,5.822625724119088e-14,5.822621549084768e-14,5.822606039947136e-14,5.822625724862016e-14,5.822619611266196e-14,5.822600018863632e-14,5.82262184675585e-14,5.822624108317526e-14,5.822620092452102e-14,5.822625711703746e-14,5.6349003288244566e-14,5.6348958341343477e-14,5.634894566845141e-14,5.634897041810166e-14,5.6348820867301036e-14,5.634898875939508e-14,5.634900779055633e-14,5.634886474716135e-14,5.6348997108716675e-14,5.634900768458916e-14,5.634886598977848e-14,5.634899705673031e-14,5.6349007684255945e-14,5.634886567856389e-14,5.634899705602834e-14,5.6349007684255945e-14,5.634886567856389e-14,5.634899705602834e-14,5.634900768477899e-14,5.634886598946748e-14,5.634899705669517e-14,5.634900773095974e-14,5.634886460501755e-14,5.6348997132657657e-14,5.634900728733163e-14,5.6348865817228523e-14,5.634899699218801e-14,5.634900448654049e-14,5.634886528170945e-14,5.6348996325539405e-14,5.6348998085816503e-14,5.634882025611352e-14,5.634895396600394e-14,5.634894594745725e-14,5.634894529792781e-14,5.63490400067342e-14,5.453702448337864e-14,5.453690438314092e-14,5.453698731559382e-14,5.453691492806643e-14,5.4536812172267715e-14,5.4536933513408427e-14,5.453695895072082e-14,5.4536854120201663e-14,5.453696364117295e-14,5.4536959649265555e-14,5.453685031682642e-14,5.453696577066947e-14,5.4536959419175655e-14,5.4536852309983536e-14,5.453696553526913e-14,5.4536959419175655e-14,5.453685230981915e-14,5.453696553526913e-14,5.453695977629271e-14,5.453685008611613e-14,5.4536965764681294e-14,5.4536957095498895e-14,5.453685626770713e-14,5.453696487401053e-14,5.4536962346034295e-14,5.453684963721313e-14,5.453696235421603e-14,5.4536972913143836e-14,5.4536848399874527e-14,5.4536959754203594e-14,5.4536944430578945e-14,5.453680900098851e-14,5.453690935615359e-14,5.4536985544140495e-14,5.4536888314831174e-14,5.453704778281487e-14,5.2796986905601477e-14,5.2796937214304606e-14,5.279695717336459e-14,5.279695848448302e-14,5.279678459982854e-14,5.279701185793238e-14,5.2796992125734355e-14,5.279683947215381e-14,5.279697400062063e-14,5.279699031159116e-14,5.279684129277026e-14,5.2796980254353647e-14,5.279699054208778e-14,5.279684108102656e-14,5.279698147310411e-14,5.279699054224934e-14,5.279684108102656e-14,5.279698147320549e-14,5.279699054257448e-14,5.2796841309306196e-14,5.2796981471534166e-14,5.2796990667549836e-14,5.2796840484626916e-14,5.279697852625985e-14,5.27969925142455e-14,5.279683775206767e-14,5.2796985453074744e-14,5.2796972561107045e-14,5.2796842291958393e-14,5.279702741135572e-14,5.279697960666396e-14,5.279676199146657e-14,5.2796938992887114e-14,5.2796967605489e-14,5.279693164361396e-14,5.279698965626055e-14,5.1125794975204535e-14,5.1125697701308645e-14,5.1125755975942885e-14,5.112571481433781e-14,5.1125586392177243e-14,5.112571850865608e-14,5.112576426767889e-14,5.1125626066653746e-14,5.1125768833400835e-14,5.112576405290476e-14,5.112563194253244e-14,5.112574927569268e-14,5.112576397061806e-14,5.1125631951331734e-14,5.1125752839315603e-14,5.112576397045933e-14,5.1125631951331734e-14,5.1125752842199426e-14,5.112576397045933e-14,5.112563195149208e-14,5.1125752842018884e-14,5.112576397061806e-14,5.112563195038581e-14,5.1125752700961164e-14,5.1125764055458194e-14,5.112563171823119e-14,5.112574701682762e-14,5.1125766860663123e-14,5.112562312383351e-14,5.1125760032569895e-14,5.11257321396414e-14,5.112562879548866e-14,5.1125701201045193e-14,5.1125758219006694e-14,5.112568084129335e-14,5.1125805849313194e-14,4.952009914499618e-14,4.9520044964111106e-14,4.952004596555056e-14,4.9520063234151885e-14,4.951985571472942e-14,4.952007167535515e-14,4.952006075612597e-14,4.951993311412758e-14,4.952007844673925e-14,4.9520068003796466e-14,4.9519914083392446e-14,4.9520082054654705e-14,4.952006894838866e-14,4.951991687307118e-14,4.9520082200920674e-14,4.9520068866573714e-14,4.951991695108909e-14,4.9520082277488195e-14,4.952006886641862e-14,4.951991695108909e-14,4.95200822773331e-14,4.952006894838866e-14,4.9519916950982464e-14,4.9520082201467147e-14,4.952006800911175e-14,4.9519916957925854e-14,4.9520082587972135e-14,4.952006436679923e-14,4.9519916998916126e-14,4.9520078228990416e-14,4.952008327441693e-14,4.9519845048428887e-14,4.952004950975534e-14,4.9520045883528415e-14,4.952003894365635e-14,4.952010349337884e-14,4.7977012961568655e-14,4.797681034124494e-14,4.797695731689903e-14,4.7976844414711475e-14,4.79768226851966e-14,4.797692582022006e-14,4.797690269954734e-14,4.797685811873547e-14,4.797694735417256e-14,4.797690433921197e-14,4.7976859273158504e-14,4.7976947356372586e-14,4.7976904041155937e-14,4.7976860105925413e-14,4.7976947357537424e-14,4.797690411497777e-14,4.7976859428654323e-14,4.797694743151435e-14,4.7976904040398226e-14,4.797685942789661e-14,4.7976947357088695e-14,4.797690404055211e-14,4.79768594280505e-14,4.7976947428755736e-14,4.7976904263843217e-14,4.797685949669599e-14,4.7976946613422224e-14,4.7976902765957664e-14,4.797685464170923e-14,4.797695046307556e-14,4.7976862886501524e-14,4.7976853578235264e-14,4.7976904501550206e-14,4.797695864572995e-14,4.7976882583186926e-14,4.797695164774158e-14,4.64935465183485e-14,4.649349348613982e-14,4.649349436821364e-14,4.649351124549795e-14,4.649338703757097e-14,4.6493464193054654e-14,4.649355203623086e-14,4.649336317275841e-14,4.6493486310368604e-14,4.6493554859822784e-14,4.6493371078621126e-14,4.6493485667488114e-14,4.649355474438585e-14,4.649337276539911e-14,4.64934858931198e-14,4.6493554711832175e-14,4.649337400628231e-14,4.649348563758925e-14,4.6493555106249905e-14,4.649337425425272e-14,4.64934860362071e-14,4.6493555203809154e-14,4.6493374351511065e-14,4.649348613181957e-14,4.649355528129231e-14,4.6493374264427284e-14,4.649348631188887e-14,4.6493551916659234e-14,4.6493375078882724e-14,4.6493485641612466e-14,4.6493541707497563e-14,4.6493328451537564e-14,4.6493441176919304e-14,4.649349074122214e-14,4.6493444636985514e-14,4.649357563218993e-14,4.50671189355955e-14,4.506706589665992e-14,4.506714910232435e-14,4.506705269784658e-14,4.5066931665550795e-14,4.50670614521264e-14,4.5067105384047795e-14,4.506696562862547e-14,4.506715305683616e-14,4.506708370729153e-14,4.5066996192667186e-14,4.50671378063661e-14,4.5067088437550926e-14,4.506697797143693e-14,4.506714004246956e-14,4.506709092530752e-14,4.50669772437054e-14,4.506714087767318e-14,4.506708853772258e-14,4.5066977950614435e-14,4.506714439657786e-14,4.506708849558847e-14,4.506697774403335e-14,4.506714144743179e-14,4.506708463171514e-14,4.506697922909558e-14,4.506714178253324e-14,4.506710331819491e-14,4.5066973494845314e-14,4.506714056356992e-14,4.5067070031735396e-14,4.5066927739884894e-14,4.506711872984927e-14,4.506715219246796e-14,4.5067046942445856e-14,4.5067124776909515e-14,4.369511845487395e-14,4.369501999072332e-14,4.369508048351103e-14,4.369504556663329e-14,4.369504220402899e-14,4.369505992200507e-14,4.369508260875088e-14,4.369504270107407e-14,4.369507259792313e-14,4.3695067170673595e-14,4.3695028970749124e-14,4.369507206111199e-14,4.369508903924044e-14,4.3695008354233227e-14,4.369507271323647e-14,4.369506738343067e-14,4.3695034951035136e-14,4.369507532106269e-14,4.369508803415824e-14,4.369503086952889e-14,4.3695059413291415e-14,4.369508724999667e-14,4.369503396229904e-14,4.3695076074027675e-14,4.369508684793439e-14,4.3695035461042066e-14,4.369507464207625e-14,4.369508436589172e-14,4.3695026375246193e-14,4.3695075686305746e-14,4.3695067295816974e-14,4.369503899586957e-14,4.3695031316886585e-14,4.3695080328168694e-14,4.369502670565113e-14,4.36951369673566e-14,4.237518648950974e-14,4.23750674593396e-14,4.2375107614891904e-14,4.237506527353381e-14,4.237494639359187e-14,4.2375093169037555e-14,4.237508736874855e-14,4.2374974587866544e-14,4.237509174269626e-14,4.237508370903858e-14,4.23749555277665e-14,4.23750672946733e-14,4.2375066416029777e-14,4.237495214057417e-14,4.237507266345595e-14,4.2375083193580256e-14,4.2374953418340825e-14,4.2375066723429964e-14,4.237508281567625e-14,4.2374996428007134e-14,4.237509061483105e-14,4.237509500962347e-14,4.237498218016884e-14,4.2375111689876426e-14,4.237511964332343e-14,4.237498710373283e-14,4.2375115242877267e-14,4.237511451989435e-14,4.23750084770273e-14,4.2375112799646655e-14,4.237509486627121e-14,4.237498178738891e-14,4.237507595013129e-14,4.237512286294383e-14,4.237504461638388e-14,4.2375180431343944e-14,4.1104837142690956e-14,4.110466187350132e-14,4.1104818496543915e-14,4.110466748006245e-14,4.110467819474618e-14,4.110474343450088e-14,4.1104695151714073e-14,4.11045783713302e-14,4.1104626449004087e-14,4.1104500717471815e-14,4.110443924473155e-14,4.1104579884308164e-14,4.1104484793252245e-14,4.110436652809775e-14,4.110443317741426e-14,4.110449932708137e-14,4.110445244013559e-14,4.1104578039585134e-14,4.1104683903290436e-14,4.1104573500611257e-14,4.110464181727266e-14,4.1104763144188126e-14,4.110467417293063e-14,4.110476462225083e-14,4.110481285147527e-14,4.1104700469697813e-14,4.110479657366628e-14,4.1104780338655406e-14,4.110472302329622e-14,4.11048381466685e-14,4.1104753527772854e-14,4.1104728161777326e-14,4.1104806665531075e-14,4.1104844784292083e-14,4.1104795540728934e-14,4.110479553033465e-14,3.988181505953437e-14,3.988180460175949e-14,3.988182285005729e-14,3.988159889167344e-14,3.9881388799198245e-14,3.988160212303835e-14,3.9881062995684584e-14,3.988093045403895e-14,3.9881058359391373e-14,3.9880289088734654e-14,3.988004652438665e-14,3.988026459102149e-14,3.987974032870029e-14,3.9879397520318394e-14,3.987965076002775e-14,3.9880292236636916e-14,3.987997018006665e-14,3.988027667553368e-14,3.988110485738859e-14,3.988093938212404e-14,3.98810626012923e-14,3.988161498456273e-14,3.9881456049342725e-14,3.9881618835295885e-14,3.98818696871612e-14,3.98817778982224e-14,3.9881855958184866e-14,3.988189154167506e-14,3.9881863953829797e-14,3.98818898581955e-14,3.988199601581225e-14,3.98818481267886e-14,3.9881893060084225e-14,3.9881935549876404e-14,3.988188763128817e-14,3.988202732995936e-14,3.870379094970201e-14,3.870367428227474e-14,3.870370360535651e-14,3.87025568550823e-14,3.8702299331357096e-14,3.870254457239896e-14,3.8699457060871983e-14,3.8698743327804984e-14,3.8699380945002466e-14,3.869407920546241e-14,3.869238665605088e-14,3.8693907672805526e-14,3.868995704105536e-14,3.868727695139434e-14,3.8689741045290006e-14,3.869407045759385e-14,3.869236580428813e-14,3.869389735772576e-14,3.869945507377231e-14,3.8698710701822935e-14,3.869937732792421e-14,3.870264302538669e-14,3.870234724646293e-14,3.870260622264641e-14,3.870392649341307e-14,3.8703815648431575e-14,3.870393026844345e-14,3.870439005015313e-14,3.8704271558694665e-14,3.8704394408510426e-14,3.8704487090932724e-14,3.870439179020954e-14,3.8704495895500315e-14,3.870455483402333e-14,3.870452376918172e-14,3.8704559276655105e-14,3.756678163830654e-14,3.7566369659505616e-14,3.756668517135341e-14,3.756017220058149e-14,3.755875513583334e-14,3.7559989323512275e-14,3.754149357719954e-14,3.753660730206279e-14,3.7540910822080466e-14,3.750628945539134e-14,3.7492639185499226e-14,3.75050632746931e-14,3.747612089893237e-14,3.745221873629505e-14,3.747437679112183e-14,3.750614867777977e-14,3.749250791984189e-14,3.75049276713285e-14,3.754145381542923e-14,3.75364907042338e-14,3.754084127219637e-14,3.75602751817431e-14,3.755895026172137e-14,3.7560125046983864e-14,3.7567534886833656e-14,3.7567119930092054e-14,3.7567442804573706e-14,3.7569724778179536e-14,3.7569615915835664e-14,3.7569715299850516e-14,3.757031644644739e-14,3.757023524658103e-14,3.757027672706423e-14,3.757044968702025e-14,3.7570400634624274e-14,3.7570507710237627e-14,3.646103123611566e-14,3.645871804362865e-14,3.646056464466319e-14,3.642659405565064e-14,3.641759837534315e-14,3.642523230285648e-14,3.632006161313821e-14,3.628392571147748e-14,3.631616239561065e-14,3.609726559242083e-14,3.5986800734070996e-14,3.608835485295875e-14,3.588216665495839e-14,3.566970720601462e-14,3.586892688988224e-14,3.6096324449017454e-14,3.598551172969711e-14,3.6087376792556125e-14,3.6319382248028383e-14,3.6283084425959845e-14,3.6315455127252965e-14,3.6426978903948117e-14,3.641788546068551e-14,3.642564668753766e-14,3.646419584933353e-14,3.646221690857226e-14,3.6463840836936076e-14,3.647469725597941e-14,3.647428123292546e-14,3.647459473091824e-14,3.647726391592651e-14,3.6477126180929994e-14,3.6477251766015754e-14,3.6477850528042975e-14,3.6477772023216274e-14,3.647786529134646e-14,3.5353855689173615e-14,3.534136131110872e-14,3.535128852036382e-14,3.5186150273512817e-14,3.5129158528813713e-14,3.517821355692441e-14,3.4615471082061776e-14,3.4366820995753525e-14,3.458996073155564e-14,3.328044214541127e-14,3.2397035846063926e-14,3.321700724007221e-14,3.175957949418699e-14,2.983044150482799e-14,3.1657816500209534e-14,3.327365842642085e-14,3.2387517079668704e-14,3.321009847307576e-14,3.461094602805493e-14,3.43604206481605e-14,3.458521917417182e-14,3.5186584522122556e-14,3.5129170357002305e-14,3.5178549982653874e-14,3.536596388662327e-14,3.5355053768555235e-14,3.536392288749765e-14,3.541214955699205e-14,3.541026012898785e-14,3.541171012716529e-14,3.5422539875173515e-14,3.5422149099886426e-14,3.542242564399691e-14,3.542465909919911e-14,3.542453595399061e-14,3.5424668170279004e-14,3.414043282213687e-14,3.40766047671437e-14,3.412738480964543e-14,3.3401049117738003e-14,3.3079435376594425e-14,3.3355152887227277e-14,3.0605281051760704e-14,2.8948964028486994e-14,3.04432922214188e-14,2.305608964593599e-14,1.639861581192133e-14,2.261158155465323e-14,1.2801316039092308e-14,-4.0350381447368144e-15,1.2026412425364165e-14,2.3010440815878057e-14,1.6326926308104586e-14,2.256580853210344e-14,3.0575960391924906e-14,2.89066314247829e-14,3.041348508929041e-14,3.33973942671712e-14,3.3072949428340513e-14,3.3351831898121154e-14,3.418201071403599e-14,3.4125784039254404e-14,3.417130980584144e-14,3.4364264035885075e-14,3.435551386431214e-14,3.436201430888751e-14,3.440176575475411e-14,3.440043531358674e-14,3.440131986365338e-14,3.4408695272523766e-14,3.4408451139421064e-14,3.440860766104356e-14,3.25544448004138e-14,3.227440143229851e-14,3.249118985284101e-14,2.974275530870543e-14,2.8099796651440137e-14,2.9494212607519865e-14,1.766453734471536e-14,8.058900992643028e-15,1.668743138216001e-14,-2.034995036901442e-14,-6.600656429257619e-14,-2.335258463315353e-14,-8.406354940555257e-14,-1.9519986296955115e-13,-8.988657545136655e-14,-2.064101335755464e-14,-6.648436505592128e-14,-2.3644678626250916e-14,1.7497166248843983e-14,7.791022247988172e-15,1.6519283113763333e-14,2.970582245973126e-14,2.8041961129808305e-14,2.94591259888656e-14,3.2674210939622234e-14,3.242327376056401e-14,3.262115600780913e-14,3.3292428662082395e-14,3.325735867124014e-14,3.328231570551547e-14,3.3408004645815495e-14,3.340319377390328e-14,3.340621326647027e-14,3.342753121623885e-14,3.342686165594841e-14,3.342725527831544e-14,3.023179909559775e-14,2.9256167552860464e-14,2.995647217130927e-14,2.1717518180999717e-14,1.511391247732176e-14,2.0490549777079026e-14,-2.0105850237860904e-14,-6.558077297861358e-14,-2.5560510812454855e-14,-1.774320697018215e-13,-3.8527320340964986e-13,-1.965906263103759e-13,-4.590303922547771e-13,1.1617751015235691e-11,-5.016460149876004e-13,-1.7898737789510986e-13,-3.576047138154598e-13,-1.9816068400563147e-13,-2.095711265325166e-14,-6.699116423182859e-14,-2.641923151072907e-14,2.1506575735868252e-14,1.47626344042355e-14,2.028386370111209e-14,3.049144184346423e-14,2.959847882912157e-14,3.025642625201972e-14,3.215345725322811e-14,3.204038202538464e-14,3.2112527301694875e-14,3.243521128555131e-14,3.242142542806818e-14,3.2428610794693154e-14,3.247927715792768e-14,3.2477392141508514e-14,3.247813566332483e-14,2.7704169711942346e-14,2.5446297834501683e-14,2.6662593576996763e-14,1.0927675913207503e-14,-6.391667536226643e-15,5.643753820082544e-15,-8.346777281647055e-14,-1.9705066292362616e-13,-1.1045510296271934e-13,-4.583295531243881e-13,1.1522313088022982e-11,-5.696615862396188e-13,1.1358363782007415e-11,-5.7623962673370517e-11,1.1089582437318423e-11,-4.0464980209607687e-13,2.4674689077008922e-11,-5.160920864406045e-13,-8.676566170429644e-14,-1.4277371335713534e-13,-1.137905431862871e-13,1.0057482664722619e-14,-7.843996653744009e-15,4.7842392127577614e-15,2.8021915731829196e-14,2.5882959867244236e-14,2.7119514595479834e-14,3.102462743111497e-14,3.0777490288348256e-14,3.0884139178341113e-14,3.149532640556297e-14,3.146687883810439e-14,3.1474716838717975e-14,3.156465376962722e-14,3.1561016065121276e-14,3.1561437733734605e-14,2.79038960100678e-14,2.5943221373159186e-14,2.480527575987916e-14,1.744362367112672e-14,5.401906458444311e-15,-8.915011353555414e-16,-3.33052922885216e-14,-1.0866885030984732e-13,-1.4373162651515715e-13,-2.2077295135213068e-13,-5.332675868135205e-13,-7.227688602993566e-13,-4.999434301555505e-13,2.4113480607323292e-11,1.0691966078835464e-11,1.289197072521484e-11,-6.642783723006059e-11,1.2390046222781552e-11,1.7342849790791396e-14,1.2976148219701695e-11,-9.305234121733031e-14,1.5167161058720786e-14,3.108113579436565e-14,-3.1076773500005764e-15,2.7839900948708463e-14,2.5828691874053482e-14,2.5120823998403094e-14,3.022191264825308e-14,2.995136094157685e-14,2.984238278924515e-14,3.062461342648607e-14,3.059039694665826e-14,3.057433448926373e-14,3.0687237756294283e-14,3.0682539819359384e-14,3.0680031670009685e-14,2.7872870672503656e-14,2.5620359797167005e-14,2.2011205710088868e-14,2.0673504579025648e-14,6.829460681831543e-15,-1.9525427389586256e-14,-1.3498143751741635e-14,-1.0032192354624019e-13,-2.7648199338033164e-13,-1.3661363643420953e-13,-5.091064346864399e-13,1.1026839443502705e-11,-3.0288701186946787e-13,2.4098091460261387e-11,-3.2257297258029076e-11,1.2945590283972817e-11,-5.3035519418104855e-11,2.4110273446241604e-11,3.380125003167685e-14,1.2954878548881141e-11,-2.2915487591607837e-13,1.7754987483446746e-14,3.095050679152186e-14,-2.2364753438579742e-14,2.7574184394102445e-14,2.522244135735682e-14,2.2364106272772978e-14,2.9465634604558654e-14,2.914978627979491e-14,2.8815583408878337e-14,2.9790815167290214e-14,2.9750995893980777e-14,2.9711672243246165e-14,2.984198429687024e-14,2.983652396498442e-14,2.983147023902701e-14,2.805607142789579e-14,2.690658860565733e-14,2.5038056904661505e-14,2.4795371725323637e-14,1.845776205110611e-14,6.755954968394664e-15,1.0483604223146818e-14,-2.4382828897326643e-14,-7.026488369991908e-14,-3.5942356311110283e-14,-1.0447187931265247e-13,1.2456735049860015e-11,-3.248610887770135e-14,2.544879044533258e-11,-4.1107387117979114e-11,1.2960869880277093e-11,-5.2264027596063183e-11,2.5453592997610624e-11,5.610703138494207e-14,1.294604763458317e-11,-2.466737126211221e-14,2.1659811228137534e-14,4.1693272644905996e-14,3.6600763158331665e-15,2.7574053346901973e-14,2.6182247684468103e-14,2.491683945108627e-14,2.877720285244551e-14,2.857973061065372e-14,2.8413321015556795e-14,2.899204531410951e-14,2.8966105472636825e-14,2.894421768810314e-14,2.9026944864641407e-14,2.9023299475704714e-14,2.902023247325689e-14,2.7857993305904074e-14,2.7442020484811493e-14,2.679671001393186e-14,2.6669616310377305e-14,2.454951052640386e-14,2.095620282910428e-14,2.167711525691878e-14,1.1044128165875951e-14,1.9466528575266388e-14,6.157223403772709e-15,4.876453503332306e-14,1.284418364808876e-11,6.265560189231009e-14,2.572066724060876e-11,-3.914188710753064e-11,1.2918007883765641e-11,-5.178136444437342e-11,2.5755530665351306e-11,6.5074240597682e-14,1.2897056427790059e-11,6.260718349099774e-14,2.3079170978893558e-14,4.6617040752114664e-14,1.7308464381300907e-14,2.7167679673306358e-14,2.6377266320197313e-14,2.6227617884299972e-14,2.8046238282708058e-14,2.7931384201644425e-14,2.7905975540042845e-14,2.8210376333115812e-14,2.8195060952117274e-14,2.819041760076274e-14,2.8238235695780427e-14,2.8235958835496567e-14,2.8235180626215077e-14,2.7304452502043476e-14,2.7146573855787254e-14,2.6923473147223306e-14,2.673508549168518e-14,2.5915285373917685e-14,2.4685885752155873e-14,2.4169572673945746e-14,1.9895394715534156e-14,4.118062049449906e-14,1.5091555687417804e-14,8.079538847624395e-14,1.285638194965488e-11,7.664465727316751e-14,2.5630987409417963e-11,-3.866740076652601e-11,1.283109452784228e-11,-5.145107412459434e-11,2.5696438690159115e-11,5.89120792641019e-14,1.2811067716715098e-11,7.425187630343821e-14,2.0664947156088092e-14,4.359321982141524e-14,1.8171296476120578e-14,2.5961114130069922e-14,2.512955049699182e-14,2.5537037576971637e-14,2.7185238337121003e-14,2.7061873262417014e-14,2.7118291519466295e-14,2.742819055399018e-14,2.7411618083393306e-14,2.7418088717007253e-14,2.747127495996132e-14,2.7468880070872256e-14,2.7469616789817082e-14,2.656382497130195e-14,2.6462725625720762e-14,2.6385822766953502e-14,2.5860512231658193e-14,2.524373917334633e-14,2.4821100394734302e-14,2.219491986769119e-14,1.8396525994729737e-14,4.360293809694916e-14,6.462803418863039e-15,6.863302260126004e-14,1.2730753982611985e-11,3.853896684507612e-14,2.5349858996178976e-11,-5.106974450811472e-11,1.2652920506143875e-11,-5.131286515827044e-11,3.808872486722318e-11,1.447873912670362e-14,1.2644343036778436e-11,8.257011344085513e-14,7.982743628645476e-15,2.1708514205234716e-14,4.947350534226984e-15,2.258445883212409e-14,2.0327885594292158e-14,2.2034696085503607e-14,2.593911526742794e-14,2.5613307648356115e-14,2.5849866031667272e-14,2.6602040283131235e-14,2.655859371982208e-14,2.658801429003748e-14,2.6717663197399665e-14,2.6711438728093423e-14,2.671523768676186e-14,2.5683670722476638e-14,2.5544036701799606e-14,2.560567641330821e-14,2.4090182758788196e-14,2.305314904548425e-14,2.3626248267135202e-14,1.4666469637178428e-14,6.562036276107816e-15,1.1929918576121308e-14,-3.273250327124813e-14,-6.262029356050088e-14,3.530120306702955e-14,-1.6526845526365465e-13,1.2222996380438453e-11,2.510128282782548e-11,1.2085118845522916e-11,-4.014766263894869e-11,-3.869433066513899e-11,-1.7766566957762178e-13,1.2146485922557172e-11,1.2465226470258815e-11,-3.933417388005963e-14,-7.286165825192804e-14,-1.9575126646691444e-14,1.2575261225032377e-14,3.647891621795435e-15,1.1149293774755444e-14,2.358960683785145e-14,2.2398851435933772e-14,2.3339780565999842e-14,2.5622883478040356e-14,2.5472917202484176e-14,2.5581557795144372e-14,2.5958889353107308e-14,2.5938714364126284e-14,2.595141618543447e-14,2.4689758665094182e-14,2.4410279533010393e-14,2.4640181621346426e-14,2.1346802317106446e-14,1.892599075712535e-14,2.104635684198759e-14,-5.004909884895643e-16,-2.2579696807172217e-14,-2.3954096924874544e-15,-1.2588534774946786e-13,-2.9011731896860736e-13,-1.0951359830056577e-13,-6.666724681327025e-13,1.0480520267264827e-11,1.1965492001950696e-11,1.0151267771903983e-11,-1.870393737106552e-11,-2.7903478588197597e-11,-7.575783440675138e-13,1.0249208198496519e-11,1.185257856057954e-11,-1.6696067938010705e-13,-3.7549897156569027e-13,-1.6045476969228142e-13,-1.1757010934187121e-14,-4.275058195907163e-14,-1.636802756071422e-14,1.8945866068170264e-14,1.5079921612443693e-14,1.806478123210208e-14,2.431906594452053e-14,2.385654674907527e-14,2.4168789720136198e-14,2.516810409829512e-14,2.5108340446845806e-14,2.5141217686806875e-14,2.3841631605480626e-14,2.3481916901712292e-14,2.3763300799926847e-14,1.956215642287146e-14,1.646710956529726e-14,1.9053471609306083e-14,-8.332546758338233e-15,-3.6124346257667835e-14,-1.172536398189946e-14,-1.669201461537648e-13,-3.237692401124374e-13,-1.6070161718828324e-13,-8.032414418890634e-13,2.2342729722532913e-11,1.1621834584092848e-11,9.471851811849946e-12,-2.0812489939922583e-11,-4.090478930530629e-11,-1.3110811436030306e-12,2.0682358186692348e-11,2.341780426793962e-11,-3.5447158985520344e-13,-8.03150926092296e-13,-3.700925524648643e-13,-5.2269860129691195e-14,-1.2788484427664508e-13,-7.308442860793187e-14,1.1286857377072407e-14,1.5246069582546294e-15,7.525021546947483e-15,2.2560841144937983e-14,2.1385955055879423e-14,2.1962681604104158e-14,2.4323950793773602e-14,2.4172557389858265e-14,2.422455785106167e-14,2.3087596201256324e-14,2.2676787761600537e-14,2.2911034321915888e-14,1.829846739537922e-14,1.480293406997783e-14,1.6996014396876958e-14,-1.2564398466184006e-14,-1.784324898702294e-14,-2.244315535626069e-14,-1.3458526181616036e-13,1.1974626659901541e-11,-2.0151702867975944e-13,1.1477191824864075e-11,-5.263248448651614e-11,1.1226228057041257e-11,9.102783971810981e-12,-1.0042760822533822e-11,4.4856412588942176e-11,9.48254035989735e-12,-2.1216664418058027e-11,-4.203808234660688e-11,-7.246193752955624e-13,1.009193831437003e-11,1.123517826694553e-11,-1.2938945386526476e-13,-3.0985984684302457e-13,-1.9576083139137543e-13,-1.2377333579659954e-15,-2.5534964253703305e-14,-1.592523522036959e-14,2.0240510846299162e-14,1.7480574678572044e-14,1.8128135535057072e-14,2.342866390399638e-14,2.3092051260957708e-14,2.311095838196719e-14,2.2272391129190748e-14,2.1880624766394644e-14,2.200946104606641e-14,1.670149642581677e-14,1.3274834543464002e-14,1.4239910176811852e-14,-1.792686973985763e-14,-2.310703716901163e-14,-4.07212456418428e-14,-1.522378871727737e-13,1.1944897710914748e-11,-3.185461432206903e-13,1.1444214899964866e-11,-3.985523531396095e-11,2.2435418423490524e-11,9.330925126372504e-12,-9.579861957186255e-12,-2.1125049111363294e-11,9.684757640468182e-12,-2.165314497953837e-11,-9.84418733251307e-12,-7.289810189567198e-13,1.0071190983470236e-11,9.731695558094905e-12,-1.4125137653260433e-13,-3.504358347953778e-13,-4.2804634544496657e-13,-5.045951617868089e-15,-3.5842071936764564e-14,-4.8601676021268135e-14,1.896374422249713e-14,1.5169673595758966e-14,1.3311647822484008e-14,2.2679961704771095e-14,2.2182966718789858e-14,2.1900955482364158e-14,2.0965230502842583e-14,2.081934069012374e-14,2.1190133780811498e-14,1.1721081466274906e-14,9.687060167332752e-15,1.2291421399402908e-14,-4.628806391983239e-14,-4.5342955050839716e-14,-5.0644210208041135e-14,-3.063620551511494e-13,1.1718599070038213e-11,-3.8468543248997064e-13,1.0770991648673788e-11,-4.070227518172565e-11,2.189953467004438e-11,1.9609085350735872e-11,1.3011516905014481e-11,-1.165558874215392e-11,9.037533515226282e-12,-2.3744436809127456e-11,9.551009616804214e-12,-8.670579447825574e-13,9.460978111157183e-12,7.808727315901574e-12,-1.6773650055917838e-13,-4.4242694254926365e-13,-7.034069995307531e-13,-1.0161931013991935e-14,-5.062630924330819e-14,-8.629146533073713e-14,1.763356986561243e-14,1.2506918563656719e-14,7.900363776896865e-15,2.1950284733675273e-14,2.1259109804531348e-14,2.0625707975939035e-14,1.8631838863115236e-14,1.9372909673355838e-14,2.0467717601734075e-14,-9.660280929269343e-16,4.076700552276983e-15,1.1830059562273908e-14,-1.3103273890385966e-13,-7.17613481518845e-14,-4.133697406211065e-14,-7.329038217317595e-13,1.1598731671788576e-11,-2.4460737939133143e-13,3.286511673563257e-11,-3.9471906156346114e-11,2.3067514953816546e-11,-4.201796479626776e-11,-6.381546552312797e-12,-2.949451847839433e-11,2.0622120067208552e-11,-8.783642715231431e-12,-9.981030606848509e-12,-9.255760390167347e-13,9.34434276212939e-12,2.048855426251683e-11,-1.867378003370642e-13,-4.936270631147025e-13,-7.188410979261988e-13,-1.4843963242677762e-14,-6.320311832755522e-14,-1.1054947805049091e-13,1.6260276000170343e-14,9.739248809310352e-15,2.918280021203176e-15,2.1215273045538702e-14,2.0292869759508857e-14,1.9309014206652208e-14,1.543325471276372e-14,1.7057181802068458e-14,1.932491410777352e-14,-2.40196999376696e-14,-1.1015425960479548e-14,7.207444877596683e-15,-3.057752435545371e-13,-1.9628751753889807e-13,-6.928007865010906e-14,9.742152776790057e-12,1.064737675308367e-11,-4.163145502802804e-13,-3.162319081922692e-11,-1.7573280087650194e-11,1.0459724421332857e-11,4.475393133405796e-11,-2.6883284704071733e-11,3.3958622189632723e-11,1.0810688472667196e-11,-2.835501133664247e-11,-6.4328577380251325e-12,-6.372215665089527e-13,3.3549894202314865e-11,-3.0244654741155304e-11,-1.911738031680711e-13,-5.404234035370624e-13,1.0578411866621485e-11,-2.1369770095999972e-14,-9.658029099852238e-14,-1.9518962794854354e-13,1.4347864124994104e-14,4.041278309008793e-15,-1.0581377498401022e-14,2.0401604097052947e-14,1.897828452875008e-14,1.715353472545589e-14,1.7558605417104633e-14,1.7730831399558578e-14,1.930497705782662e-14,-2.1877038209684827e-15,-2.9138691457290277e-15,9.903929457983517e-15,-1.3318555523331992e-13,-1.3476918617205662e-13,-4.944679583053607e-14,-7.20538444474048e-13,1.0866424067225686e-11,-3.0708398295146187e-13,3.294990902980015e-11,-3.998754831780428e-11,1.0744425648802005e-11,-3.7376153906222955e-11,-1.3363469733849434e-11,2.326822013403998e-11,2.357186080991877e-11,-1.3833482781692832e-11,-1.490422382812953e-11,1.0946644125820057e-11,-4.022426095478948e-11,-1.7649355034580694e-11,-2.4360825134920207e-13,1.0926762775312184e-11,1.0600785158269701e-11,-3.659175098596814e-14,-1.23524563507729e-13,-1.9120291160876226e-13,1.2070717231664324e-14,-1.092185865262099e-15,-1.0333495538098735e-14,1.9674128234917396e-14,1.8034737173312715e-14,1.6759262604141554e-14,2.0956095685699882e-14,2.091402642389859e-14,2.144068465118588e-14,1.499975952612202e-14,1.4104594155196257e-14,1.7926899740478276e-14,-1.944247716648698e-14,-3.005196557391845e-14,-1.997986957066435e-15,-1.5040822904796176e-13,-1.9601220680422025e-13,-9.047208274857855e-14,1.1537506433892043e-11,2.290932524613841e-11,-2.2109387634037826e-13,-3.643317331285584e-11,-2.4061914863214095e-11,2.3753046907499378e-11,2.382520481512314e-11,-3.639538135519039e-11,-3.684651048999422e-11,-1.7967871915001984e-13,2.287605948921711e-11,2.267410505355319e-11,-8.027442143476407e-14,-2.0830047062385015e-13,-3.0177292888764074e-13,5.020261083050983e-17,-3.295806571199966e-14,-5.156910891638201e-14,1.8289252273159862e-14,1.3636942967066869e-14,1.0661708236960586e-14,2.1507281498191162e-14,2.0846959522814327e-14,2.0377691984528023e-14,1.1315291685985557e-12,1.1315004632453294e-12,1.1316489653398566e-12,1.1298744329927543e-12,1.1295314429435956e-12,1.130510496133719e-12,1.1212299805457404e-12,1.1179940552179285e-12,1.124534987831407e-12,1.0859594368987797e-12,1.0847910717919253e-12,1.0995441046928094e-12,1.0829558438107468e-12,1.2818533186899549e-11,1.0717066919559909e-12,2.481492067038518e-11,-4.608275749722684e-11,1.2935548669223405e-11,1.1686544711394435e-12,2.4762889807694513e-11,1.2995484596836607e-11,1.0579665768918209e-12,1.0253038807858092e-12,9.67078250412274e-13,1.1055852777228825e-12,1.0685994700378966e-12,1.051801441913014e-12,1.125433704038243e-12,1.1179623823015045e-12,1.1138281127326973e-12,1.1306276312993136e-12,1.1293942441900006e-12,1.128617622965357e-12,1.1316649198034275e-12,1.1314628439682464e-12,1.1313216968946132e-12
-2.5014127374892583e-12,-2.501412777205618e-12,-2.5014128118637264e-12,-2.5014127625529564e-12,-2.501412913497835e-12,-2.5014128607288306e-12,-2.5014127815516315e-12,-2.501412852135253e-12,-2.501412829707563e-12,-2.501412769557127e-12,-2.5014128531218236e-12,-2.5014128286072296e-12,-2.5014127689049495e-12,-2.5014128540281947e-12,-2.501412828524738e-12,-2.5014127689039466e-12,-2.501412853785907e-12,-2.501412828524385e-12,-2.5014127689039466e-12,-2.501412853785907e-12,-2.501412828524385e-12,-2.501412768905126e-12,-2.5014128540283946e-12,-2.5014128283647655e-12,-2.5014127695569564e-12,-2.5014128529612282e-12,-2.5014128298124766e-12,-2.5014127816150574e-12,-2.5014128521454068e-12,-2.501412839653212e-12,-2.501412725031425e-12,-2.501412899174661e-12,-2.5014128265510977e-12,-2.501412796294084e-12,-2.5014128690199127e-12,-2.501412778668729e-12,5.4658237590460645e-14,5.465809233986385e-14,5.4658231819992146e-14,5.4658116814188164e-14,5.465804525903227e-14,5.4658172641123885e-14,5.465817441986876e-14,5.4658074886134823e-14,5.465819912757756e-14,5.465817482963376e-14,5.465807587918898e-14,5.465819875007624e-14,5.4658175752053234e-14,5.4658075744763243e-14,5.465819875038118e-14,5.4658175599823325e-14,5.4658075817264735e-14,5.465819875055324e-14,5.4658175599823325e-14,5.4658075817264735e-14,5.465819875055324e-14,5.465817575222489e-14,5.465807581743639e-14,5.465819875007664e-14,5.465817482945847e-14,5.46580758800824e-14,5.46581989121168e-14,5.4658174281225535e-14,5.465807559458634e-14,5.465820001970558e-14,5.46581409217019e-14,5.4658041237034965e-14,5.465813219233767e-14,5.465821968487128e-14,5.465811011276666e-14,5.465830251643157e-14,5.822631917556983e-14,5.822618765186526e-14,5.822621220785507e-14,5.82262048395818e-14,5.822596353648229e-14,5.822625088224356e-14,5.822624304456185e-14,5.822610713207121e-14,5.822625877280626e-14,5.82262431820782e-14,5.82260931162902e-14,5.82262565309089e-14,5.822624320460838e-14,5.822609426229037e-14,5.822625706577205e-14,5.822624327579074e-14,5.822609383696929e-14,5.822625713824002e-14,5.822624327596119e-14,5.82260939090063e-14,5.822625713729611e-14,5.822624327579397e-14,5.822609382928919e-14,5.822625669158753e-14,5.822624318224865e-14,5.822609312319885e-14,5.822625856304449e-14,5.822624312112251e-14,5.822610882292411e-14,5.822624988764733e-14,5.822623848981015e-14,5.822596291209017e-14,5.822623095244105e-14,5.822621310335402e-14,5.822621032605674e-14,5.82262653539994e-14,5.634899959439603e-14,5.6348935737964386e-14,5.634900256187255e-14,5.63489585026958e-14,5.634882000912054e-14,5.63489743693831e-14,5.634899519914923e-14,5.634885273867505e-14,5.634899478928487e-14,5.634899518771814e-14,5.634885219194663e-14,5.634899744778843e-14,5.634899549538288e-14,5.6348845919255505e-14,5.6348995394977776e-14,5.634899567094429e-14,5.634884712623642e-14,5.63489959314456e-14,5.634899567094429e-14,5.634884712530503e-14,5.634899548617484e-14,5.634899549508602e-14,5.634884554634124e-14,5.6348998177137566e-14,5.634899518669709e-14,5.634885271993101e-14,5.634899476269513e-14,5.634899490683014e-14,5.634885298220098e-14,5.6348996702516064e-14,5.634897536401124e-14,5.634881106966374e-14,5.634895034908926e-14,5.634899971062339e-14,5.634892936457775e-14,5.6349037594799126e-14,5.4537018123737826e-14,5.453689239349116e-14,5.4536954882550033e-14,5.453692003918272e-14,5.453681406870609e-14,5.453692891051627e-14,5.453696773186825e-14,5.453684845008738e-14,5.453694706973706e-14,5.453696629886589e-14,5.453685361505361e-14,5.453695008326912e-14,5.453696649010819e-14,5.4536853847980886e-14,5.4536950240559454e-14,5.453696649012798e-14,5.453685385343309e-14,5.453695023230461e-14,5.453696649012798e-14,5.453685385343309e-14,5.453695024072505e-14,5.4536966489961575e-14,5.453685385607296e-14,5.4536950168744587e-14,5.453696631905023e-14,5.4536853206974476e-14,5.453694617335075e-14,5.453696630505238e-14,5.4536854626946724e-14,5.453694709246595e-14,5.453694444548112e-14,5.4536808271044435e-14,5.453690382211577e-14,5.453696061080445e-14,5.453688940030297e-14,5.45370201208499e-14,5.27970135706264e-14,5.2796954818004954e-14,5.27970038689053e-14,5.279695166865331e-14,5.279677601596812e-14,5.2796984488059104e-14,5.279696756233424e-14,5.279685516886559e-14,5.27970134820066e-14,5.279697491322056e-14,5.279685127523597e-14,5.279700379322958e-14,5.2796973788090543e-14,5.279685143821398e-14,5.279700487497826e-14,5.27969738727049e-14,5.27968514385375e-14,5.2797004955880804e-14,5.27969738727049e-14,5.279685143821398e-14,5.279700487497826e-14,5.279697387254334e-14,5.279685135502053e-14,5.279700379254094e-14,5.279697378238025e-14,5.2796850851109615e-14,5.2797011698664166e-14,5.279697225208077e-14,5.279684465657898e-14,5.2797007345858433e-14,5.279697065287811e-14,5.279678410600858e-14,5.279698427251353e-14,5.2796964262907477e-14,5.279695652709783e-14,5.279703292770165e-14,5.112578307179643e-14,5.1125690856164913e-14,5.112574609094837e-14,5.112571133739518e-14,5.1125562823271986e-14,5.112573478282717e-14,5.112576435338135e-14,5.112560378359348e-14,5.112575826567333e-14,5.1125762136725926e-14,5.112560363435362e-14,5.112575623686061e-14,5.1125762287806345e-14,5.112560363934215e-14,5.1125759447228943e-14,5.1125762287806345e-14,5.112560363934215e-14,5.112575945229825e-14,5.1125762287806345e-14,5.112560363934215e-14,5.112575945197958e-14,5.1125762287806345e-14,5.112560363850285e-14,5.11257593696638e-14,5.112576228754866e-14,5.112560322253157e-14,5.112575788765139e-14,5.112576236513319e-14,5.112560375892064e-14,5.112575469795005e-14,5.112573515007759e-14,5.112558303934886e-14,5.1125693686243826e-14,5.11257578552314e-14,5.1125681063514126e-14,5.112580232208097e-14,4.9520121395808924e-14,4.952000899504105e-14,4.952005309004264e-14,4.952005626659552e-14,4.951994386235696e-14,4.9520013767483826e-14,4.952006018107631e-14,4.951998511134308e-14,4.95200328207976e-14,4.952006503805751e-14,4.951998277535191e-14,4.952004821911205e-14,4.952006495823377e-14,4.951998579720667e-14,4.952003012097015e-14,4.952006495823377e-14,4.951998580189793e-14,4.952003322590567e-14,4.952006495823377e-14,4.951998580189793e-14,4.952003322871881e-14,4.952006495823377e-14,4.9519985802365645e-14,4.952003353759524e-14,4.952006495823377e-14,4.9519985875558204e-14,4.952003010159522e-14,4.952006503982254e-14,4.951998254046937e-14,4.95200368010554e-14,4.952005339671581e-14,4.9519940451076634e-14,4.952004789535849e-14,4.952005261321946e-14,4.951997436046293e-14,4.9520093266683203e-14,4.7977000676270485e-14,4.7976864942845466e-14,4.7976951274603555e-14,4.7976829703790976e-14,4.7976811571006037e-14,4.79769318885584e-14,4.7976940620028146e-14,4.797682702071151e-14,4.7976953105257244e-14,4.7976929721134765e-14,4.797682892118643e-14,4.797695160757889e-14,4.797692963830725e-14,4.7976828777293356e-14,4.7976954373304524e-14,4.797692963830725e-14,4.797682877713947e-14,4.7976954377937624e-14,4.797692956509288e-14,4.797682870423287e-14,4.797695461249745e-14,4.797692956524676e-14,4.7976829013834296e-14,4.7976952749170935e-14,4.797692956498827e-14,4.7976828853607634e-14,4.797695460777913e-14,4.7976929665673275e-14,4.797682669533509e-14,4.7976950404376835e-14,4.7976908617823885e-14,4.797678216906665e-14,4.797691654996857e-14,4.797694993337341e-14,4.797690374555075e-14,4.797694470230947e-14,4.649348945881633e-14,4.6493525816340176e-14,4.6493500952057155e-14,4.649351507588056e-14,4.6493302413153654e-14,4.6493479733798866e-14,4.6493541202864075e-14,4.649335163763187e-14,4.6493499013822327e-14,4.6493533802867945e-14,4.649335183760965e-14,4.6493513544182384e-14,4.649353375278717e-14,4.6493351558611487e-14,4.6493512805691446e-14,4.649353387405556e-14,4.649335167747629e-14,4.649351291917998e-14,4.6493537327469995e-14,4.649335512877269e-14,4.649351339494858e-14,4.649353742939941e-14,4.649335523100664e-14,4.6493513651429904e-14,4.649353742946807e-14,4.649335521428895e-14,4.6493513893108815e-14,4.6493537452732524e-14,4.649334175970959e-14,4.6493498379006847e-14,4.649352836008858e-14,4.649339270560721e-14,4.6493452566145803e-14,4.6493498719009986e-14,4.649342885288945e-14,4.649359567592768e-14,4.506721323449108e-14,4.506699496748022e-14,4.506708924599234e-14,4.5067040342759893e-14,4.506698461186517e-14,4.506710821930951e-14,4.506711372508829e-14,4.506702612176054e-14,4.506712543570798e-14,4.506712475051365e-14,4.506703221520066e-14,4.506706086088169e-14,4.506711896478795e-14,4.506703237313803e-14,4.5067074544582e-14,4.506712465265875e-14,4.5067035109899824e-14,4.5067074106156886e-14,4.506711017176191e-14,4.506702061844674e-14,4.5067077256023097e-14,4.5067113085566606e-14,4.506702346601317e-14,4.5067078317023596e-14,4.5067113307563627e-14,4.506702395065175e-14,4.5067064448754976e-14,4.506712660163723e-14,4.5067009501365085e-14,4.506714288103838e-14,4.50670254573988e-14,4.50670068563743e-14,4.506702021176145e-14,4.506711257149486e-14,4.5067033753408034e-14,4.506713551095283e-14,4.369508963406287e-14,4.369508010270543e-14,4.3695075412316305e-14,4.3695088057389574e-14,4.369499100688455e-14,4.3695092673032755e-14,4.369505299688331e-14,4.3695003718800316e-14,4.3695099504055447e-14,4.3695054981665225e-14,4.3695005207439863e-14,4.369510969853951e-14,4.369507092297569e-14,4.369500328683513e-14,4.369511090513591e-14,4.3695052399524816e-14,4.36950082527481e-14,4.369511315280132e-14,4.3695072490731345e-14,4.369501081328811e-14,4.369511574817702e-14,4.3695074372249776e-14,4.3695013396605476e-14,4.3695117206553795e-14,4.3695077004341716e-14,4.369501178336256e-14,4.3695117152514424e-14,4.3695063733723206e-14,4.3695007463915065e-14,4.369510521037019e-14,4.369511670054019e-14,4.36949885418524e-14,4.369509040481466e-14,4.36950732488658e-14,4.3695081906281477e-14,4.369511031919598e-14,4.2375141785698774e-14,4.237506564921719e-14,4.237510852813161e-14,4.237507114143231e-14,4.237496458573994e-14,4.23750665882033e-14,4.237507986133849e-14,4.237498760281314e-14,4.2375088899922467e-14,4.237507856729399e-14,4.237497834322775e-14,4.2375062413501106e-14,4.237506032152256e-14,4.2374950045197646e-14,4.237505368663861e-14,4.237506409382724e-14,4.2374967595388536e-14,4.237505381423647e-14,4.237510042516565e-14,4.237497900240467e-14,4.2375069203802924e-14,4.2375096185187676e-14,4.23749851379587e-14,4.23750836553296e-14,4.237510250138172e-14,4.237501118427191e-14,4.237510269680152e-14,4.237511556735623e-14,4.237502226199948e-14,4.23750891701173e-14,4.23750883155852e-14,4.2374981998446385e-14,4.2375080662616397e-14,4.237510617338307e-14,4.23750654638318e-14,4.2375148647876045e-14,4.110480877195741e-14,4.110467157421389e-14,4.110481143910638e-14,4.110470819902169e-14,4.110466173550918e-14,4.110475245487315e-14,4.1104688548153125e-14,4.1104601569941674e-14,4.110461902509121e-14,4.1104502522536623e-14,4.110440867552157e-14,4.1104578711574466e-14,4.110449293800658e-14,4.110438330354595e-14,4.110444599915885e-14,4.1104572188955644e-14,4.110440079834805e-14,4.110457129784625e-14,4.110466981341375e-14,4.1104577781390884e-14,4.110468638658438e-14,4.110475968149295e-14,4.1104692667349805e-14,4.110474923188587e-14,4.11047872562873e-14,4.1104721479097844e-14,4.110480187913326e-14,4.110481234704979e-14,4.110466379725726e-14,4.11048522628837e-14,4.1104805001655253e-14,4.110474404405706e-14,4.110473439179918e-14,4.110483344440642e-14,4.1104718346820935e-14,4.110485820520382e-14,3.988182006108275e-14,3.9881778342461405e-14,3.9881810953120014e-14,3.988158838658326e-14,3.988145292706004e-14,3.988158343839106e-14,3.988104244688602e-14,3.9880938064299306e-14,3.98811075398198e-14,3.9880299991437185e-14,3.987997415731623e-14,3.988026150613096e-14,3.987972925754291e-14,3.9879399614773835e-14,3.9879647437252924e-14,3.9880284886084215e-14,3.987997626695354e-14,3.988025837789504e-14,3.9881047034598124e-14,3.9880932873168236e-14,3.98811001529483e-14,3.988162400313685e-14,3.9881486272231e-14,3.988162702310784e-14,3.988186327572446e-14,3.988176295780432e-14,3.9881812475156575e-14,3.9881956323558436e-14,3.988180247322546e-14,3.988195024651491e-14,3.9881967621225775e-14,3.988178112038775e-14,3.9881957348687246e-14,3.988196093685962e-14,3.9881962091057283e-14,3.988199023028406e-14,3.870380330919925e-14,3.8703676380297595e-14,3.8703742350435614e-14,3.8702555601744944e-14,3.870227290407228e-14,3.8702546979147595e-14,3.8699449914084603e-14,3.8698747739274504e-14,3.86993671040304e-14,3.869408744622644e-14,3.8692397995131574e-14,3.8693907812325005e-14,3.868996886544147e-14,3.8687272131153006e-14,3.868975580180944e-14,3.8694073631279467e-14,3.869237858599463e-14,3.869390646816035e-14,3.8699453158551114e-14,3.8698743501479793e-14,3.869936668660974e-14,3.8702621762121376e-14,3.870234611239427e-14,3.870259860187121e-14,3.870393230564793e-14,3.870381073780137e-14,3.870393249913913e-14,3.870437258754443e-14,3.870429863944267e-14,3.870439221895991e-14,3.8704484690790426e-14,3.8704400854270113e-14,3.870448351059736e-14,3.870455321161923e-14,3.87045097549654e-14,3.870456306424182e-14,3.756677684029851e-14,3.756635713167591e-14,3.756668042746876e-14,3.7560170383977554e-14,3.7558767713376075e-14,3.755994927177275e-14,3.754150055932446e-14,3.753659449848568e-14,3.7540953307371216e-14,3.750627276870552e-14,3.7492654086691864e-14,3.7505041809954174e-14,3.747611847078387e-14,3.7452177165979755e-14,3.747438345796775e-14,3.7506151109632204e-14,3.7492484638742373e-14,3.750492019484058e-14,3.7541431112343775e-14,3.753650050199671e-14,3.754087685477053e-14,3.75603275886923e-14,3.755894058316214e-14,3.756011303506505e-14,3.756752298892662e-14,3.756710982779481e-14,3.756746912707093e-14,3.756973979376806e-14,3.7569609853188434e-14,3.756970619654572e-14,3.7570328816482903e-14,3.757021631776844e-14,3.757028070346906e-14,3.7570449635102347e-14,3.7570412541359683e-14,3.757049964890454e-14,3.646103454062446e-14,3.6458773252766474e-14,3.6460543791813757e-14,3.6426598951948364e-14,3.641757873247114e-14,3.642529423795153e-14,3.63200399679901e-14,3.628392719797314e-14,3.631615541510758e-14,3.6097263922322374e-14,3.5986830765354677e-14,3.6088373665583564e-14,3.5882141233506015e-14,3.5669730378949366e-14,3.586889604933662e-14,3.6096329609563036e-14,3.598553370141798e-14,3.608737880104274e-14,3.631938638293665e-14,3.62830566575291e-14,3.631540773065326e-14,3.642699237409467e-14,3.6417886301621636e-14,3.6425610205933083e-14,3.646418724216282e-14,3.646224568175058e-14,3.6463825920442414e-14,3.6474722529216404e-14,3.6474211109085655e-14,3.6474626677003466e-14,3.647723161770872e-14,3.647715245195865e-14,3.647724606722419e-14,3.6477873028580655e-14,3.6477721713338353e-14,3.6477875625095953e-14,3.535381793979964e-14,3.5341311833259387e-14,3.535131647112125e-14,3.5186156399696444e-14,3.5129198430334936e-14,3.517814307478272e-14,3.4615543107705725e-14,3.4366731124259374e-14,3.4589999659540616e-14,3.328042663716257e-14,3.239701695826362e-14,3.321699724215199e-14,3.175960681286554e-14,2.983037222389129e-14,3.165786840593555e-14,3.327363158776898e-14,3.238752087180512e-14,3.321009104252039e-14,3.4610949058625785e-14,3.4360460243797965e-14,3.4585234550131597e-14,3.5186525993656555e-14,3.512924444624317e-14,3.5178540528853707e-14,3.5365989926605196e-14,3.535501156879548e-14,3.536394176230399e-14,3.541215259174465e-14,3.5410227048474696e-14,3.5411709162094923e-14,3.5422553000814486e-14,3.5422167671351336e-14,3.5422426342020624e-14,3.542464804674781e-14,3.542455527701878e-14,3.542466523988889e-14,3.414044853821651e-14,3.40766222720927e-14,3.412736230770804e-14,3.3401063120239094e-14,3.3079377957486274e-14,3.3355173806423423e-14,3.0605180583841375e-14,2.8949011968367454e-14,3.0443214363984116e-14,2.3056093836516783e-14,1.6398576620057863e-14,2.261159685534563e-14,1.2801256970381038e-14,-4.03514337068647e-15,1.202635059731913e-14,2.3010521011208687e-14,1.632682618977105e-14,2.256579257537038e-14,3.057593413619606e-14,2.890660168271032e-14,3.041349278357301e-14,3.339736320346211e-14,3.3072923884899194e-14,3.335183095730418e-14,3.4182007273174464e-14,3.4125802862617015e-14,3.417130465416341e-14,3.436425782924036e-14,3.4355509692204983e-14,3.436201815672391e-14,3.4401766966978814e-14,3.440043151465254e-14,3.440133953587213e-14,3.44086914665139e-14,3.440844854242816e-14,3.440860421285171e-14,3.25544357410461e-14,3.2274424452848654e-14,3.249118433743353e-14,2.974271724409668e-14,2.809984234272441e-14,2.949421955345402e-14,1.76646095064596e-14,8.058806877019046e-15,1.6687453250819146e-14,-2.0350141067006252e-14,-6.600676989560495e-14,-2.33527203827322e-14,-8.40637698046669e-14,-1.9520041939436265e-13,-8.988681253530958e-14,-2.0641227433115927e-14,-6.648456912778642e-14,-2.3644736380141436e-14,1.7497211223572753e-14,7.79091911531054e-15,1.6519222251998338e-14,2.970579431409848e-14,2.804204358420069e-14,2.945908426794184e-14,3.26742349059694e-14,3.2423181636732176e-14,3.262120918284177e-14,3.329249097203587e-14,3.3257305929562895e-14,3.328237032343787e-14,3.340795494536915e-14,3.340328485801715e-14,3.340613605710494e-14,3.342754561056385e-14,3.342685070980234e-14,3.342726167056143e-14,3.023179110706322e-14,2.925612738298335e-14,2.9956486385823053e-14,2.171752375213566e-14,1.5113821720848156e-14,2.0490510105815927e-14,-2.0105982001260644e-14,-6.558092394317714e-14,-2.5560655543640788e-14,-1.774325308000154e-13,-3.852742223011567e-13,-1.9659108815529032e-13,-4.590315464749413e-13,1.1617749132701001e-11,-5.01647417234748e-13,-1.7898782249274668e-13,-3.576058002979273e-13,-1.9816110022096493e-13,-2.0957213289786384e-14,-6.699137842475582e-14,-2.6419338717772454e-14,2.150654668110521e-14,1.4762563270769656e-14,2.028383522839198e-14,3.049148310821707e-14,2.959847813144036e-14,3.025642891134379e-14,3.2153375763200685e-14,3.2040417323489443e-14,3.211250486438118e-14,3.243525814453895e-14,3.242139066724909e-14,3.242862125123615e-14,3.247924821756033e-14,3.247740184065174e-14,3.247813632420175e-14,2.770416432551042e-14,2.5446296115041384e-14,2.6662559717019365e-14,1.092761356382502e-14,-6.391703872912849e-15,5.643682122736604e-15,-8.346802027532318e-14,-1.9705121403567731e-13,-1.1045541499633081e-13,-4.583307238773987e-13,1.1522311064343274e-11,-5.696629694350943e-13,1.1358361159219728e-11,-5.7623924752002045e-11,1.1089579109852438e-11,-4.046508858726294e-13,2.467468811152013e-11,-5.160935227907679e-13,-8.676602132927614e-14,-1.4277428316864468e-13,-1.137908886722599e-13,1.0057499102442019e-14,-7.844123188899412e-15,4.784218084913787e-15,2.8021936297641305e-14,2.588294072333379e-14,2.711950020901164e-14,3.102462795098506e-14,3.077748744796493e-14,3.088412720902614e-14,3.149529818090496e-14,3.146689564496081e-14,3.147471597868278e-14,3.1564665536647666e-14,3.1561006823736486e-14,3.1561442039907425e-14,2.7903891386430898e-14,2.59432086608886e-14,2.4805263340474132e-14,1.7443638944192175e-14,5.401832010907617e-15,-8.9156688189731e-16,-3.330544027481349e-14,-1.0866917180152108e-13,-1.437320120004663e-13,-2.207734583527576e-13,-5.332689641384134e-13,-7.227705649656672e-13,-4.99944803040377e-13,2.4113478808411667e-11,1.0691961011066643e-11,1.2891971263160183e-11,-6.642784411516942e-11,1.2390045610861982e-11,1.7342759666154936e-14,1.2976148929161377e-11,-9.305282366081146e-14,1.5167108023041015e-14,3.1081078957535094e-14,-3.107723117194626e-15,2.7839888395257765e-14,2.582866837454173e-14,2.5120820873844653e-14,3.022190019459276e-14,2.995137591220096e-14,2.984238704399464e-14,3.062467989006984e-14,3.0590318415678634e-14,3.0574368468862835e-14,3.068721289095083e-14,3.068256404600611e-14,3.0680023722409286e-14,2.787287371749524e-14,2.5620331448275794e-14,2.2011172243207044e-14,2.067341250982772e-14,6.829488524592627e-15,-1.952554707342275e-14,-1.3498222673996065e-14,-1.0032225197304529e-13,-2.764826784454845e-13,-1.3661400176917055e-13,-5.091078416489872e-13,1.1026835625506261e-11,-3.0288793894131936e-13,2.4098088243260403e-11,-3.225725616784559e-11,1.2945590340653969e-11,-5.3035521954075655e-11,2.4110270254179495e-11,3.380114067413472e-14,1.2954878705714558e-11,-2.2915559601564455e-13,1.7754971862470458e-14,3.0950434144519464e-14,-2.2364869482846986e-14,2.7574188824918418e-14,2.5222421770426934e-14,2.2364087987185606e-14,2.946564901778178e-14,2.9149735412130684e-14,2.8815591155891476e-14,2.979080951517781e-14,2.9751010751535195e-14,2.971165608578913e-14,2.984198528386453e-14,2.983653997457848e-14,2.9831468834309944e-14,2.805607959122352e-14,2.6906576865937078e-14,2.5038043909341465e-14,2.4795373530726305e-14,1.84577601857383e-14,6.755922749700313e-15,1.0483566907489933e-14,-2.438299713113938e-14,-7.026514308433396e-14,-3.5942531954278046e-14,-1.0447228289069231e-13,1.2456733912032122e-11,-3.2486407489954786e-14,2.5448789925045083e-11,-4.110739153553018e-11,1.2960870293937703e-11,-5.2264030115995313e-11,2.5453592518799676e-11,5.6107001013558516e-14,1.294604800873999e-11,-2.4667701052882194e-14,2.1659802176440243e-14,4.169328592132527e-14,3.659973003105618e-15,2.7574008221818183e-14,2.6182244665753237e-14,2.4916836089412345e-14,2.877720637749003e-14,2.8579738582594554e-14,2.841328660604652e-14,2.899205541014676e-14,2.8966106730584666e-14,2.89442749471165e-14,2.9026965901190976e-14,2.902323514062307e-14,2.9020232389523834e-14,2.7857978467245967e-14,2.7442001612557177e-14,2.6796705292882525e-14,2.666960071451007e-14,2.4549559225744366e-14,2.0956202544125413e-14,2.1677103998132968e-14,1.1044104653502511e-14,1.9466472148029985e-14,6.1571894144419135e-15,4.876432379956722e-14,1.2844183591063555e-11,6.265547324285438e-14,2.5720667838137996e-11,-3.914188844355102e-11,1.2918008363113977e-11,-5.1781366523834717e-11,2.5755531149889207e-11,6.507419325658539e-14,1.2897056956989464e-11,6.26070717283888e-14,2.3079144110386244e-14,4.661696914568569e-14,1.7308437408357194e-14,2.7167698367941813e-14,2.6377180591778018e-14,2.6227660768137085e-14,2.8046239593902016e-14,2.79314499874179e-14,2.790600850899425e-14,2.8210334699259878e-14,2.819504756807647e-14,2.8190397049353993e-14,2.8238213034602697e-14,2.8235977310631084e-14,2.823518237718498e-14,2.730451839874902e-14,2.7146521549071302e-14,2.6923451116367097e-14,2.6735073576433606e-14,2.5915280447581347e-14,2.4685869771574122e-14,2.416954372075588e-14,1.9895380694440485e-14,4.118054859064978e-14,1.5091497071955667e-14,8.079537547342234e-14,1.2856382167857395e-11,7.664459822110063e-14,2.5630988050787214e-11,-3.8667400927241374e-11,1.2831095011165242e-11,-5.145107599824594e-11,2.5696439329661206e-11,5.891205983282496e-14,1.2811068206970535e-11,7.425180620059297e-14,2.0664963100254912e-14,4.3593211495390414e-14,1.8171325094769402e-14,2.5961101835055004e-14,2.512959060981225e-14,2.55370056265528e-14,2.7185182584870845e-14,2.7061915937489976e-14,2.711826199194954e-14,2.7428205624381038e-14,2.7411647195919847e-14,2.7418075739633155e-14,2.7471283684950744e-14,2.7468858242395397e-14,2.7469628391014874e-14,2.6563760865595508e-14,2.6462757866074078e-14,2.6385838059537472e-14,2.586056158291214e-14,2.5243744320538277e-14,2.4821090112354424e-14,2.219489178022076e-14,1.8396542481039738e-14,4.360289025566536e-14,6.462783955563739e-15,6.863296623167082e-14,1.2730754473067917e-11,3.853889655691697e-14,2.5349859993028985e-11,-5.106974687170789e-11,1.2652920910048652e-11,-5.1312867769061755e-11,3.80887261459041e-11,1.447861047270064e-14,1.2644343447719861e-11,8.256995342433456e-14,7.98277035570531e-15,2.1708490520140875e-14,4.947324238766003e-15,2.258442338550361e-14,2.0327912800460212e-14,2.2034668672514752e-14,2.5939129628005742e-14,2.561326139837697e-14,2.5849868298972966e-14,2.6602086317606607e-14,2.6558644614637258e-14,2.6588017201553697e-14,2.671759582871996e-14,2.6711470107307696e-14,2.6715196666152713e-14,2.568367652303262e-14,2.5543999146130895e-14,2.560568597922144e-14,2.4090207228901076e-14,2.3053107567651827e-14,2.362622724898414e-14,1.4666490515212646e-14,6.562017570103878e-15,1.1929963539648404e-14,-3.273246612172813e-14,-6.262042962318033e-14,3.530115978838434e-14,-1.652686075346874e-13,1.2222996258110642e-11,2.510128346163992e-11,1.2085118566362613e-11,-4.0147664190969056e-11,-3.8694332029783753e-11,-1.7766582670104887e-13,1.214648583322756e-11,1.2465226427483845e-11,-3.9334225767068665e-14,-7.286181543985926e-14,-1.957513763211123e-14,1.2575290265880568e-14,3.647833189830069e-15,1.1149310110765556e-14,2.3589624940514374e-14,2.2398844937240786e-14,2.333976901128956e-14,2.562284515750342e-14,2.5472964718446285e-14,2.558153537668074e-14,2.5958867498738444e-14,2.5938726989570776e-14,2.5951439504320953e-14,2.4689750483979646e-14,2.4410354564952613e-14,2.464016586359736e-14,2.1346799064299668e-14,1.892598961943697e-14,2.1046351047209554e-14,-5.004879031242568e-16,-2.25797529931536e-14,-2.395381392447963e-15,-1.2588537047148153e-13,-2.9011740006581023e-13,-1.0951367743945812e-13,-6.666726882626422e-13,1.0480519854464002e-11,1.1965491874173664e-11,1.015126729239452e-11,-1.8703902450573585e-11,-2.7903478306169216e-11,-7.575785797619166e-13,1.0249207302325612e-11,1.1852578134729441e-11,-1.6696081698529922e-13,-3.754991871328868e-13,-1.6045482170386393e-13,-1.175704269594375e-14,-4.2750622818190725e-14,-1.6368037373924768e-14,1.894589016513159e-14,1.5079898443096156e-14,1.8064762352852272e-14,2.4319127579537437e-14,2.3856463540771772e-14,2.416880323354999e-14,2.5168101575470183e-14,2.5108360203741313e-14,2.5141203618518874e-14,2.3841613689129635e-14,2.348190770850936e-14,2.3763317277779653e-14,1.9562165364817677e-14,1.6467124492596977e-14,1.9053471089756485e-14,-8.33250849544484e-15,-3.6124228979467444e-14,-1.1725341943455242e-14,-1.6691983451050925e-13,-3.2376868507848307e-13,-1.6070140044867875e-13,-8.032402325205942e-13,2.2342736012450554e-11,1.1621836015053801e-11,9.471857803232726e-12,-2.081257219582643e-11,-4.0904784426647686e-11,-1.3110810620994329e-12,2.068236098229169e-11,2.3417805136919615e-11,-3.5447162962081986e-13,-8.031510305551815e-13,-3.700926952586684e-13,-5.2269901366991775e-14,-1.2788493313030217e-13,-7.308446866972479e-14,1.1286852022142209e-14,1.524608365113964e-15,7.525007187811793e-15,2.256078860323145e-14,2.1386014860661077e-14,2.1962664222394166e-14,2.4323936518212437e-14,2.4172498913602184e-14,2.4224609432436755e-14,2.3087551357392737e-14,2.2676803320267265e-14,2.2911030096977616e-14,1.829849357438989e-14,1.4802874370295977e-14,1.6996034827394348e-14,-1.256435720461145e-14,-1.7843183522399914e-14,-2.2443159715918733e-14,-1.3458527093976724e-13,1.1974627481948062e-11,-2.0151705649864053e-13,1.1477193098210528e-11,-5.263248647261074e-11,1.1226228455732838e-11,9.102784188929471e-12,-1.0042750933388459e-11,4.485641230755936e-11,9.482537778012192e-12,-2.1216625200291066e-11,-4.203808630082078e-11,-7.246204289074954e-13,1.009193495476568e-11,1.1235177689675918e-11,-1.2938967152373988e-13,-3.098603143173831e-13,-1.9576095708341346e-13,-1.2378111667208165e-15,-2.5535005577947312e-14,-1.5925264217831793e-14,2.0240522628139992e-14,1.74805494922708e-14,1.8128141116109894e-14,2.3428673775254973e-14,2.3092073525612195e-14,2.3110945412939214e-14,2.227243735156173e-14,2.1880629985492738e-14,2.2009469802409535e-14,1.6701494852393835e-14,1.3274808929375279e-14,1.4239893809146733e-14,-1.7926838459465995e-14,-2.3106990200175172e-14,-4.072124669693894e-14,-1.5223767568660518e-13,1.1944898506335517e-11,-3.1854632037428423e-13,1.1444216083771702e-11,-3.985523331887822e-11,2.2435418283163227e-11,9.330927449685195e-12,-9.579856715573477e-12,-2.1125025670517037e-11,9.684755840641999e-12,-2.165312454892618e-11,-9.844174308339426e-12,-7.289816325719793e-13,1.0071189028623949e-11,9.731696379502922e-12,-1.412514344719679e-13,-3.5043601025142844e-13,-4.2804611648988464e-13,-5.045930190353905e-15,-3.5842097006117695e-14,-4.8601683060133083e-14,1.8963729713668204e-14,1.5169728227073168e-14,1.3311647798216476e-14,2.2679971284781737e-14,2.2182902342220742e-14,2.1900965592375227e-14,2.096522171808431e-14,2.0819342345440788e-14,2.119013809416621e-14,1.1721096126417905e-14,9.687095262380672e-15,1.229144404451726e-14,-4.628800299299255e-14,-4.534283047437005e-14,-5.0644161991882957e-14,-3.063617811539864e-13,1.1718601097975464e-11,-3.846850119646347e-13,1.0770994742819398e-11,-4.0702264296571987e-11,2.1899537821802227e-11,1.960909745354481e-11,1.3011375075965713e-11,-1.1655552318923118e-11,9.037535709392178e-12,-2.374439961702679e-11,9.550914002139202e-12,-8.670577012952684e-13,9.46097922576536e-12,7.808736984137495e-12,-1.6773653030837692e-13,-4.424267404996047e-13,-7.034057984082609e-13,-1.0161991529343343e-14,-5.0626298808509984e-14,-8.629127591613944e-14,1.7633583554356604e-14,1.250691846069939e-14,7.900344819745464e-15,2.1950294495168452e-14,2.1259115731203697e-14,2.062571257588396e-14,1.8631838841625504e-14,1.9372912521613943e-14,2.0467687259561548e-14,-9.660644108075046e-16,4.0766975229790115e-15,1.1830079114296002e-14,-1.310328510334997e-13,-7.176122408123962e-14,-4.1336934509967614e-14,-7.329046528328511e-13,1.1598732884167244e-11,-2.4460712533187377e-13,3.2865115583778713e-11,-3.947190252494945e-11,2.3067517784547665e-11,-4.201794398464983e-11,-6.381588152728382e-12,-2.949451057669794e-11,2.0622119180092145e-11,-8.783614806832622e-12,-9.981028638838555e-12,-9.255763827574162e-13,9.344342070966879e-12,2.0488555004754112e-11,-1.8673795647576548e-13,-4.936271159065222e-13,-7.188411596057027e-13,-1.484392595519894e-14,-6.320320122442078e-14,-1.1054950831156742e-13,1.6260242419304605e-14,9.739244427313989e-15,2.9182666617035433e-15,2.121523815325848e-14,2.029289894213229e-14,1.9309009240326453e-14,1.543325147636626e-14,1.70571930874743e-14,1.932491377319633e-14,-2.401976145280065e-14,-1.1015439812804545e-14,7.207418803799709e-15,-3.057757923875675e-13,-1.962877256462527e-13,-6.928010942164245e-14,9.742149972802102e-12,1.0647375846437694e-11,-4.1631464160116695e-13,-3.162316235269396e-11,-1.7573277345168713e-11,1.0459724325612397e-11,4.475393100406349e-11,-2.6883304745120276e-11,3.3958625584419336e-11,1.0810688260826545e-11,-2.8355010166324296e-11,-6.432856445891005e-12,-6.372222776906027e-13,3.354989197329698e-11,-3.024464088590255e-11,-1.911740107578538e-13,-5.404242386813449e-13,1.0578409918355264e-11,-2.1369870376732326e-14,-9.658046600592086e-14,-1.951899633264868e-13,1.4347890715773912e-14,4.041254174169623e-15,-1.058142955387621e-14,2.0401611647152874e-14,1.8978267968436496e-14,1.7153534042291542e-14,1.7558576082595208e-14,1.773081173398575e-14,1.9304986683891592e-14,-2.187699519627682e-15,-2.9139140102485016e-15,9.903931427276393e-15,-1.3318579442619547e-13,-1.3476935775128947e-13,-4.944687755719733e-14,-7.205396060297968e-13,1.0866423038306213e-11,-3.070843922535665e-13,3.294990550499505e-11,-3.99875357368391e-11,1.0744424695796976e-11,-3.737615590781516e-11,-1.3363464891550031e-11,2.3268219914574665e-11,2.357186135541144e-11,-1.3833494125237101e-11,-1.4904224049875495e-11,1.094664304483725e-11,-4.022424815716441e-11,-1.7649340643075045e-11,-2.4360872803916767e-13,1.0926761485081757e-11,1.0600782296892943e-11,-3.659186292556283e-14,-1.2352485501189585e-13,-1.9120332347393289e-13,1.207070416418045e-14,-1.0921994978680529e-15,-1.0333534495024531e-14,1.9674105434929832e-14,1.8034694579234184e-14,1.6759262168944184e-14,2.095609821801195e-14,2.0914063354682632e-14,2.1440662752455418e-14,1.4999719698122128e-14,1.410454395112132e-14,1.792691330521624e-14,-1.94425037607922e-14,-3.005203769553595e-14,-1.9980032101337174e-15,-1.5040853622362631e-13,-1.9601263327179036e-13,-9.047223483578675e-14,1.1537505839072142e-11,2.2909324378481655e-11,-2.2109434745755124e-13,-3.643317453948216e-11,-2.4061912669519614e-11,2.3753046782015016e-11,2.3825205346985363e-11,-3.639538249542681e-11,-3.6846512210300864e-11,-1.7967921520720932e-13,2.2876058653189166e-11,2.267410301941226e-11,-8.02745987984259e-14,-2.0830093224659973e-13,-3.0177355356171215e-13,5.0187964652040263e-17,-3.295819242973983e-14,-5.156925709398143e-14,1.8289244148016736e-14,1.3636947262907e-14,1.0661687583853457e-14,2.1507290045668354e-14,2.0846956161627704e-14,2.0377693820455797e-14,1.1315291681460415e-12,1.1315004429488671e-12,1.131648990142105e-12,1.129874428605856e-12,1.1295314575077426e-12,1.1305104614159385e-12,1.1212299652872475e-12,1.1179940260944303e-12,1.1245349824755702e-12,1.0859593570001534e-12,1.0847909625752353e-12,1.099544055328847e-12,1.0829556107989555e-12,1.281853325790874e-11,1.0717065175447372e-12,2.4814921114427545e-11,-4.608275850027724e-11,1.2935548893369364e-11,1.1686543410166254e-12,2.476289034473748e-11,1.2995484672787612e-11,1.0579664639361067e-12,1.0253035737756054e-12,9.67077808719178e-13,1.1055852185790269e-12,1.068599370371782e-12,1.0518012872338045e-12,1.1254336879210934e-12,1.1179623584694055e-12,1.1138280945414889e-12,1.130627631173937e-12,1.129394213530136e-12,1.128617619448103e-12,1.1316649212873897e-12,1.1314628594891475e-12,1.1313216862772304e-12
-5.357313184197772e-12,-5.357313272367831e-12,-5.357313279521543e-12,-5.3573132746972905e-12,-5.357313428109633e-12,-5.357313279801013e-12,-5.357313235294384e-12,-5.357313316016606e-12,-5.3573132644540835e-12,-5.357313237809961e-12,-5.35731333917715e-12,-5.3573132669054866e-12,-5.357313241363501e-12,-5.357313326217503e-12,-5.3573132685777445e-12,-5.357313236379209e-12,-5.35731333315403e-12,-5.357313268296256e-12,-5.357313236516083e-12,-5.357313331454111e-12,-5.3573132684030325e-12,-5.357313241359044e-12,-5.357313328026037e-12,-5.357313268829409e-12,-5.357313236202991e-12,-5.357313340316267e-12,-5.357313263313703e-12,-5.35731324046993e-12,-5.357313320954314e-12,-5.357313266110137e-12,-5.3573132371739626e-12,-5.357313368686156e-12,-5.357313289859302e-12,-5.35731327730643e-12,-5.3573133075411195e-12,-5.357313268597449e-12,1.1150352152851007e-13,1.1150343065875028e-13,1.115034939173222e-13,1.1150345536010175e-13,1.1150332734433929e-13,1.1150349152976633e-13,1.1150348865377243e-13,1.1150335637056339e-13,1.1150350495532046e-13,1.1150349883653864e-13,1.1150331755524966e-13,1.1150349557036268e-13,1.1150348938038759e-13,1.1150337021711286e-13,1.1150349362021249e-13,1.1150348639936518e-13,1.1150337468397945e-13,1.1150349087016169e-13,1.1150348781574558e-13,1.1150336415025279e-13,1.1150349212173038e-13,1.1150348670205593e-13,1.115033820835737e-13,1.1150349100832266e-13,1.1150349934192257e-13,1.1150331542522647e-13,1.115035022311554e-13,1.1150348751475442e-13,1.115033637351406e-13,1.1150348006763929e-13,1.1150347148499178e-13,1.1150331613138264e-13,1.115034710780068e-13,1.1150350724793311e-13,1.1150344946356171e-13,1.1150355551560126e-13,1.3041642473305908e-13,1.3041630428607517e-13,1.3041642614806542e-13,1.304163091140473e-13,1.3041629689754365e-13,1.304163278540761e-13,1.3041638774032313e-13,1.3041626742145527e-13,1.304163736383881e-13,1.3041637166162273e-13,1.3041628285508646e-13,1.3041639468235402e-13,1.304163800300022e-13,1.3041627187395121e-13,1.3041637231007094e-13,1.3041637737531061e-13,1.3041626174574661e-13,1.3041637578274883e-13,1.304163741679493e-13,1.3041627189879248e-13,1.304163759803731e-13,1.3041637987353177e-13,1.3041626876545575e-13,1.3041637549639085e-13,1.304163722343831e-13,1.304162790484441e-13,1.3041637327546665e-13,1.3041638416440034e-13,1.3041626759153702e-13,1.3041639705179996e-13,1.3041634594775777e-13,1.30416296131492e-13,1.3041631735691663e-13,1.3041637240981164e-13,1.304163051680573e-13,1.3041643487833882e-13,1.2614293911194377e-13,1.2614284326530642e-13,1.2614288811573717e-13,1.2614285784738587e-13,1.2614277122641426e-13,1.261428806014435e-13,1.261428958777876e-13,1.2614278858667915e-13,1.261429215769184e-13,1.2614291537256378e-13,1.2614275487568372e-13,1.2614289645441002e-13,1.2614291664208568e-13,1.2614281497029464e-13,1.2614291954649534e-13,1.2614289400173792e-13,1.2614281112113971e-13,1.2614292063763865e-13,1.2614290001842755e-13,1.2614281009914353e-13,1.2614291172029803e-13,1.2614292096247264e-13,1.261428072262249e-13,1.2614291631558926e-13,1.2614290550935666e-13,1.261427978190108e-13,1.2614291803878257e-13,1.2614290292245835e-13,1.2614278574903363e-13,1.2614289567271303e-13,1.2614289642870603e-13,1.2614276963650365e-13,1.261428925694973e-13,1.261428902640674e-13,1.261428689055006e-13,1.261428995323305e-13,1.2197228065636426e-13,1.2197216057574138e-13,1.219722627627876e-13,1.219722199629505e-13,1.2197213559003124e-13,1.2197220387739276e-13,1.2197225621154218e-13,1.2197210162567055e-13,1.2197223610193412e-13,1.219722160973691e-13,1.2197218161082723e-13,1.2197223092051677e-13,1.2197222573851296e-13,1.21972108403683e-13,1.2197223374624733e-13,1.2197223198724775e-13,1.2197212623607577e-13,1.2197222871740764e-13,1.2197223452051988e-13,1.219721253541825e-13,1.21972233974676e-13,1.219722228982001e-13,1.2197212874461568e-13,1.2197223060008606e-13,1.2197222701043724e-13,1.2197211954703613e-13,1.2197224001473348e-13,1.2197223384230448e-13,1.2197212650223406e-13,1.2197222482568603e-13,1.219722433029824e-13,1.219720810759725e-13,1.21972198780427e-13,1.219722659626025e-13,1.219721761430414e-13,1.2197227826712091e-13,1.1797072472082106e-13,1.1797061591895931e-13,1.1797072002345542e-13,1.1797068193654935e-13,1.1797058185725304e-13,1.1797065998698464e-13,1.1797066239290084e-13,1.1797061637661557e-13,1.179706769416701e-13,1.1797071730943382e-13,1.1797060210682508e-13,1.1797069389022443e-13,1.179707132832049e-13,1.1797062055410627e-13,1.179706791353652e-13,1.1797072176721758e-13,1.1797057039411303e-13,1.179707056601717e-13,1.17970721788654e-13,1.1797058102009456e-13,1.1797068931483077e-13,1.1797072498515615e-13,1.1797056329326588e-13,1.179707048135273e-13,1.1797072143036524e-13,1.1797062527380578e-13,1.1797066645508466e-13,1.1797067719873345e-13,1.1797061740369924e-13,1.1797072303726456e-13,1.179706632673713e-13,1.1797054606196361e-13,1.179706414119614e-13,1.1797066750804196e-13,1.1797066117810937e-13,1.1797074733649557e-13,1.14130549061797e-13,1.1413045122122948e-13,1.1413050534821372e-13,1.1413046793826047e-13,1.1413041058861368e-13,1.1413049994881812e-13,1.1413051245201497e-13,1.1413043023458944e-13,1.1413052057862425e-13,1.1413049672096066e-13,1.1413043727569944e-13,1.1413048597144083e-13,1.1413049727144532e-13,1.1413043067810042e-13,1.1413052613353626e-13,1.1413049364932723e-13,1.1413044608916912e-13,1.141304872901105e-13,1.141304873352282e-13,1.1413044549065225e-13,1.1413050257863774e-13,1.141304934347595e-13,1.1413044870881054e-13,1.1413048998632268e-13,1.1413049365567326e-13,1.1413041904226222e-13,1.1413052925356944e-13,1.1413050165764564e-13,1.1413044626645639e-13,1.141305014646177e-13,1.1413048163585927e-13,1.1413039600768292e-13,1.1413048694611404e-13,1.141305391904247e-13,1.141304763481678e-13,1.1413053877256198e-13,1.1044415241965077e-13,1.104440998813719e-13,1.1044415389977819e-13,1.1044410883771199e-13,1.1044402066752399e-13,1.1044410322583114e-13,1.1044413157298762e-13,1.104440573703501e-13,1.1044414178767783e-13,1.1044411785600581e-13,1.1044405255394316e-13,1.1044414356557169e-13,1.1044412263859286e-13,1.1044405917868809e-13,1.1044412216077489e-13,1.1044414531270882e-13,1.1044404650494421e-13,1.1044415222527544e-13,1.104441356981753e-13,1.1044405038220712e-13,1.1044414555246922e-13,1.1044414149013111e-13,1.1044404997098769e-13,1.104441437615618e-13,1.1044414085168742e-13,1.1044405739082525e-13,1.1044410754113223e-13,1.1044414564561266e-13,1.1044404545439333e-13,1.1044415117429643e-13,1.1044410425328155e-13,1.1044401967766264e-13,1.1044410355168376e-13,1.1044412794527072e-13,1.1044409851097355e-13,1.104441613865463e-13,1.0690442461598626e-13,1.0690433292238608e-13,1.0690435409457954e-13,1.069043413914869e-13,1.0690427051012576e-13,1.0690436903496875e-13,1.0690437074634404e-13,1.0690430810168554e-13,1.0690435069422987e-13,1.0690438425495712e-13,1.0690427222905796e-13,1.0690437836815019e-13,1.0690435537160423e-13,1.0690430524259634e-13,1.0690437088169793e-13,1.069043846816878e-13,1.0690427399406348e-13,1.0690436974006752e-13,1.0690437361927075e-13,1.0690428543026196e-13,1.0690438928222888e-13,1.0690437884481382e-13,1.0690427947041353e-13,1.0690437630387008e-13,1.0690437957466177e-13,1.0690429280918235e-13,1.0690438283926658e-13,1.0690438057202106e-13,1.0690426294658172e-13,1.0690437057578812e-13,1.069043750112889e-13,1.0690428342499117e-13,1.0690435505223093e-13,1.0690438321019084e-13,1.0690430845179378e-13,1.0690440786611927e-13,1.035044590089584e-13,1.0350442177673428e-13,1.0350443080954657e-13,1.035043984760799e-13,1.0350429313183796e-13,1.035044539811947e-13,1.0350445936786593e-13,1.0350433611393427e-13,1.0350443237195019e-13,1.0350444497632399e-13,1.0350433942788557e-13,1.0350444267780798e-13,1.0350444767653635e-13,1.0350433638654602e-13,1.035044412476232e-13,1.0350443602101868e-13,1.0350434145722215e-13,1.0350444934707688e-13,1.0350446144880679e-13,1.0350432598800765e-13,1.0350443393823364e-13,1.035044367236238e-13,1.0350436111221127e-13,1.0350443377241462e-13,1.035044464191257e-13,1.0350432995549464e-13,1.0350444725164501e-13,1.0350444930789323e-13,1.0350436452067926e-13,1.0350446218790882e-13,1.0350443624156895e-13,1.035042914806966e-13,1.0350443904199376e-13,1.035044327586862e-13,1.035044382374144e-13,1.0350446178933378e-13,1.0023789832573957e-13,1.0023783087943333e-13,1.0023788885094142e-13,1.0023785082759254e-13,1.0023775670268237e-13,1.0023784197239548e-13,1.0023783588193895e-13,1.0023778313914533e-13,1.0023783909639593e-13,1.002378442187466e-13,1.002377112953652e-13,1.0023786764944767e-13,1.0023782035690511e-13,1.0023775833303678e-13,1.0023781745709018e-13,1.0023784208933975e-13,1.0023773484992525e-13,1.002378279041309e-13,1.0023783554084811e-13,1.0023777058970957e-13,1.0023785209795132e-13,1.002378720410901e-13,1.0023779861029692e-13,1.0023786941693069e-13,1.0023786314397905e-13,1.0023778196833741e-13,1.002378833646442e-13,1.0023787707335564e-13,1.0023778895882865e-13,1.0023787973162332e-13,1.0023785572972496e-13,1.0023780598189385e-13,1.0023783438359336e-13,1.0023789364019519e-13,1.0023782369792476e-13,1.0023792657716928e-13,9.709856591979734e-14,9.70984919297517e-14,9.709851383529893e-14,9.709846497672171e-14,9.709839168220896e-14,9.709848562717908e-14,9.709842140571158e-14,9.709830228521436e-14,9.709841712297184e-14,9.709829903577508e-14,9.709825447314502e-14,9.709830959912434e-14,9.709827985575646e-14,9.709818824641481e-14,9.709828527062454e-14,9.709832429366076e-14,9.709824626584768e-14,9.709831695295143e-14,9.709841517908932e-14,9.709833118355666e-14,9.709840079519557e-14,9.709850646386679e-14,9.70984123259067e-14,9.709850201783481e-14,9.709853199964235e-14,9.709847814583531e-14,9.709855466109049e-14,9.709860362815519e-14,9.709850137773111e-14,9.709858982593096e-14,9.709856257662087e-14,9.709850623846411e-14,9.709855145686744e-14,9.709860211909987e-14,9.709854045681205e-14,9.70986303857888e-14,9.408052918067486e-14,9.40804570916179e-14,9.408050940661132e-14,9.40802460674433e-14,9.408018506847275e-14,9.408025525852012e-14,9.4079865432818e-14,9.407975277817514e-14,9.407985145189772e-14,9.407931966628363e-14,9.407920865573494e-14,9.407933050124943e-14,9.407908966427144e-14,9.407897834606246e-14,9.40790393035205e-14,9.407934238336047e-14,9.407919945620618e-14,9.407934821717372e-14,9.407985849022972e-14,9.407976984613266e-14,9.407984725016433e-14,9.408030573272648e-14,9.408023399501772e-14,9.408031208949154e-14,9.408059491888545e-14,9.408049863457909e-14,9.408058423409573e-14,9.408071048889487e-14,9.408064494520501e-14,9.408072134632218e-14,9.408077112410467e-14,9.40806407517515e-14,9.408075990258136e-14,9.408079374776988e-14,9.408076042952288e-14,9.408082042933356e-14,9.117763817716918e-14,9.117755403244189e-14,9.117759346874854e-14,9.117647612506136e-14,9.117633684711128e-14,9.117645432550957e-14,9.117424592871874e-14,9.117402027503994e-14,9.11741929144774e-14,9.117145351266845e-14,9.117112215713346e-14,9.117134737445349e-14,9.116992301379219e-14,9.116950663559564e-14,9.116983458231609e-14,9.117143126439056e-14,9.117111965851487e-14,9.117133508968563e-14,9.117427152820983e-14,9.117405261031203e-14,9.11742242635733e-14,9.117663012589335e-14,9.117647153002298e-14,9.117660322359199e-14,9.117796838424305e-14,9.117787119601569e-14,9.117793315754659e-14,9.117855780754615e-14,9.117852010169004e-14,9.117856505485678e-14,9.117880993424865e-14,9.117869670372492e-14,9.117878144526544e-14,9.117889085392959e-14,9.117885677928004e-14,9.117891927162422e-14,8.838212787489095e-14,8.838189038810187e-14,8.838201315584762e-14,8.837664125912972e-14,8.837623214935386e-14,8.837650515775594e-14,8.836516050914105e-14,8.836417261705727e-14,8.836481521758375e-14,8.834994049386238e-14,8.834810898753893e-14,8.834942108126193e-14,8.834140667728504e-14,8.833888071285319e-14,8.834071770725585e-14,8.834994682496465e-14,8.834803773287376e-14,8.834940547652553e-14,8.836519243537798e-14,8.836425433765826e-14,8.836488291968833e-14,8.837710170309462e-14,8.837667624703594e-14,8.837693635540289e-14,8.838355004899884e-14,8.83833780345965e-14,8.83834991581059e-14,8.838636274758642e-14,8.83862163999175e-14,8.838633921337872e-14,8.838735833594117e-14,8.838729256392685e-14,8.838732931812782e-14,8.838767452838312e-14,8.838763554011352e-14,8.838769139676715e-14,8.56785912238937e-14,8.56777434819331e-14,8.567815107780688e-14,8.565304038311044e-14,8.565081277440607e-14,8.565218330726724e-14,8.559603863196364e-14,8.559023405152197e-14,8.559416533151984e-14,8.551681001434932e-14,8.550456785904207e-14,8.551356677591807e-14,8.546920319448507e-14,8.545185755662333e-14,8.546515947426508e-14,8.551656039724979e-14,8.550431211483964e-14,8.551331274692795e-14,8.559614202307544e-14,8.559026250659805e-14,8.559425049631026e-14,8.565457385363789e-14,8.565237586771963e-14,8.565375835877953e-14,8.568441864262487e-14,8.568370738617459e-14,8.56840988881251e-14,8.569655046241856e-14,8.569629485473163e-14,8.569643832531612e-14,8.570070161761099e-14,8.570058967411162e-14,8.570067394789363e-14,8.570192897323306e-14,8.570187917367408e-14,8.570193802677575e-14,8.302354662337868e-14,8.301915437770082e-14,8.302145274352041e-14,8.290950707503311e-14,8.289709647184762e-14,8.29048912317203e-14,8.264159731429021e-14,8.260548366584015e-14,8.263108228208355e-14,8.223796841415508e-14,8.215478343826364e-14,8.221877830414481e-14,8.197193271882115e-14,8.184549792948163e-14,8.19471704494412e-14,8.223635203087196e-14,8.215297795482012e-14,8.221710284313444e-14,8.264108301495842e-14,8.260484956603315e-14,8.263057243664357e-14,8.291452218828737e-14,8.290219671019733e-14,8.290999324134238e-14,8.304545817732168e-14,8.30418589707724e-14,8.304386336562293e-14,8.309556961440453e-14,8.30946400109484e-14,8.309506778768491e-14,8.311182697781498e-14,8.3111549107986e-14,8.311168080823627e-14,8.311626830902531e-14,8.31161863341091e-14,8.311624250199832e-14,8.028041567574708e-14,8.025870956449713e-14,8.027038026413484e-14,7.98015028583446e-14,7.973339538726412e-14,7.977786070233808e-14,7.858959855791536e-14,7.837239074281373e-14,7.853200407911034e-14,7.661231658255934e-14,7.606601813981901e-14,7.650125050406747e-14,7.516585374501377e-14,7.426902711292391e-14,7.501783908374207e-14,7.660256509002221e-14,7.605487490091953e-14,7.649141089808459e-14,7.858378779877136e-14,7.836556191588817e-14,7.852619374816277e-14,7.981617016896328e-14,7.974829810748969e-14,7.979298548559399e-14,8.035694599941259e-14,8.03390506663791e-14,8.034916298413136e-14,8.055003520599846e-14,8.054574664610701e-14,8.054776336933009e-14,8.060903134479664e-14,8.060804770571247e-14,8.060841726995709e-14,8.062428395148985e-14,8.062400553954455e-14,8.062413880904733e-14,7.704476148486538e-14,7.694310039897817e-14,7.699910079431721e-14,7.516992476190964e-14,7.482018954771831e-14,7.505362431492587e-14,7.007738323637119e-14,6.884504286663434e-14,6.977443157782802e-14,6.090646558943353e-14,5.744824917511486e-14,6.028316813183944e-14,5.325846851382604e-14,4.6948604494501526e-14,5.2389514864810077e-14,6.085262827334189e-14,5.738374437097136e-14,6.022899579898339e-14,7.003877813102046e-14,6.879935732645369e-14,6.97357849905853e-14,7.520463577031301e-14,7.485512242448184e-14,7.509050268520368e-14,7.728950744725537e-14,7.72049602020597e-14,7.7253711911293e-14,7.797389072020902e-14,7.795547632135965e-14,7.796402801620879e-14,7.816937208924543e-14,7.816556526645358e-14,7.816688215635516e-14,7.821705969149924e-14,7.821619694038157e-14,7.821639477617388e-14,7.229477262939671e-14,7.186843973023048e-14,7.209993790881103e-14,6.571458720215031e-14,6.407866820817095e-14,6.517596917770027e-14,4.62173915164121e-14,3.974138542001475e-14,4.4699426628898434e-14,6.754385450021325e-15,-1.4047420990499317e-14,3.38402988332924e-15,-3.2067516777563863e-14,-7.569918332396707e-14,-3.7054036823345294e-14,6.4752811026642e-15,-1.4406443943303287e-14,3.1039281560427016e-15,4.600945470966329e-14,3.948601274549168e-14,4.449156361542967e-14,6.576347777811507e-14,6.412241377832414e-14,6.52336298564951e-14,7.298806139276682e-14,7.262747114707028e-14,7.283298632563326e-14,7.517264833286462e-14,7.510066245436646e-14,7.513304345634467e-14,7.574911430247325e-14,7.573546178951814e-14,7.573977640991856e-14,7.588174066662517e-14,7.587890001387107e-14,7.58793687207067e-14,6.418563631051171e-14,6.263516604481169e-14,6.342157178664025e-14,4.42621924207659e-14,3.75588468844495e-14,4.1949730287257374e-14,-2.1021927342275143e-14,-5.145714284840588e-14,-2.815148713341852e-14,-1.7320293901038716e-13,-2.884009252758942e-13,-1.9057079167185403e-13,-3.573904568626791e-13,-5.081467448666332e-13,-3.852692708320211e-13,-1.7455425745066249e-13,-2.9001507656274693e-13,-1.9192641118142798e-13,-2.198747249252733e-14,-5.272380486281587e-14,-2.9116618942048526e-14,4.418278525667155e-14,3.742364802747448e-14,4.1900426762683006e-14,6.584726584372677e-14,6.45125815146705e-14,6.522999875404357e-14,7.182655168252912e-14,7.158119944503317e-14,7.167882177259215e-14,7.328875333926035e-14,7.32458905340936e-14,7.325653329960396e-14,7.360391633237003e-14,7.359554903317477e-14,7.359626183185321e-14,5.1537966035278693e-14,4.6972596397833246e-14,4.886254224658622e-14,3.2272036761507637e-15,-1.9164453456561835e-14,-5.736399495243198e-15,-1.7435791022616823e-13,-2.929095824594683e-13,-2.0505022901281708e-13,-6.638722034328821e-13,-9.342681490580791e-13,-7.478535356158283e-13,-1.1511321686834822e-12,6.279469822055077e-11,-1.3023195639623493e-12,-6.689138778108878e-13,-7.926958368487815e-13,-7.529409940326694e-13,-1.782352400980365e-13,-2.975826359813262e-13,-2.0894252292667014e-13,2.334851325192641e-15,-2.0427286951547542e-14,-6.542863609312741e-15,5.464709098923191e-14,5.063599242510807e-14,5.245187172565817e-14,6.779300308059728e-14,6.711574571875164e-14,6.73080810832972e-14,7.077615502507055e-14,7.066499553352326e-14,7.067781568728503e-14,7.138220938547972e-14,7.136176545321292e-14,7.136047444215562e-14,3.949766841687931e-14,2.993491637456333e-14,3.14980456102677e-14,-4.1201149944048303e-14,-9.278759972075816e-14,-7.12667097132908e-14,-3.719001191401186e-13,-5.510663902348056e-13,-4.885852079235785e-13,-1.1843751841188365e-12,6.224832979070332e-11,-1.5546596993947805e-12,6.194352568932536e-11,-3.3778987263197184e-10,6.130033836411424e-11,-9.066725878565816e-13,1.2828192015570772e-10,-1.2772673852456985e-12,-3.8293705072373406e-13,-2.727127843584928e-13,-4.997270106006756e-13,-4.48571547323494e-14,-9.724138387503171e-14,-7.47191688057697e-14,4.3369125979244466e-14,3.476007256806576e-14,3.670147081900719e-14,6.394612446633656e-14,6.255964749038561e-14,6.260378690868736e-14,6.838443809067269e-14,6.816492315276514e-14,6.813010382132734e-14,6.925097693517177e-14,6.921182022872702e-14,6.919905980191861e-14,4.136265709257136e-14,3.026202830419827e-14,2.2358479397226145e-14,-2.180466992946932e-14,-7.124205085360513e-14,-1.0326006137665494e-13,-2.5170109576147046e-13,-4.850656354051235e-13,-6.200305447848145e-13,-8.721664696586184e-13,-1.40344310709715e-12,-2.0117873895019705e-12,-1.2483774024176317e-12,1.2660681100887939e-10,6.38615383039981e-11,6.495534804468541e-11,-3.3252324679931567e-10,6.381712326115633e-11,1.3940285920107652e-14,6.519977081826557e-11,-3.542290628732625e-13,-3.0149403303351314e-14,6.25316599107929e-14,-1.1107306668731791e-13,4.340975439206326e-14,3.337043528116327e-14,2.7362047035053457e-14,6.217435082760068e-14,6.035212527502489e-14,5.921915647311454e-14,6.640668775117899e-14,6.610035066959957e-14,6.58936629008691e-14,6.725907476014926e-14,6.720264662780585e-14,6.716186160044609e-14,4.5578632761870995e-14,3.2578160670044646e-14,1.567592614811322e-14,-1.4867482495549297e-15,-5.963084003361453e-14,-1.4681801582539575e-13,-1.689620706614798e-13,-4.4348048351375233e-13,-8.049423778145331e-13,-6.070424506894942e-13,-1.2964042234824176e-12,6.422420117596016e-11,-8.191297676987298e-13,1.2967189120114436e-10,-2.1902801879716732e-10,6.490332528504498e-11,-2.639403138303568e-10,1.2976786603552294e-10,8.355798958764488e-14,6.492722460043341e-11,-5.521986427531135e-13,-1.3165256913029206e-14,6.747596349520341e-14,-1.577768875954727e-13,4.572240773897307e-14,3.378628325274732e-14,2.0152650483386886e-14,6.112029438926442e-14,5.898036871007382e-14,5.679021753525147e-14,6.465513337831963e-14,6.42977044698707e-14,6.394924627793919e-14,6.537548521976445e-14,6.531018130423178e-14,6.524803552489265e-14,5.22135888718446e-14,4.4232073082991654e-14,3.3533137241005583e-14,2.6947339868029958e-14,-5.565483370181002e-15,-5.3823772001324094e-14,-5.768305799327886e-14,-1.933367105161852e-13,-2.7905662236982687e-13,-2.5885010027225946e-13,-2.9296731667791255e-13,6.686311495001747e-11,-8.619129522962033e-14,1.321593030786143e-10,-2.1028743817101485e-10,6.516607201642918e-11,-2.63135304902614e-10,1.3229487380363433e-10,1.8621707246664499e-13,6.509389445908935e-11,-3.5271506489157354e-14,1.2981128591793566e-14,1.1666450168776612e-13,-6.738622241437196e-14,5.02127565162922e-14,4.24681258982774e-14,3.4379228052697184e-14,6.05666811806464e-14,5.908942020839108e-14,5.768642982140263e-14,6.305189766513177e-14,6.279548471185518e-14,6.255586507845255e-14,6.357562559933508e-14,6.352724623512486e-14,6.348249399322793e-14,5.651702455596612e-14,5.300836227931025e-14,4.845315717773139e-14,4.5354886944458955e-14,3.215468645704591e-14,1.3879204065234333e-14,9.45880147722336e-15,-4.042491533195739e-14,2.7305527158454353e-14,-7.169911740688192e-14,2.0218275238922257e-13,6.770479271484553e-11,2.468129687045585e-13,1.3265195769568104e-10,-2.0549111553413224e-10,6.508512505372775e-11,-2.6161371390858067e-10,1.3285984716459908e-10,2.377349775480383e-13,6.498039042312779e-11,2.5441947108033857e-13,2.592931880697639e-14,1.4547876269849386e-13,-5.761425655840511e-15,5.1567566868432255e-14,4.7294952315694875e-14,4.466253584626702e-14,5.93569578780396e-14,5.849022054218415e-14,5.799916998420404e-14,6.135489161582448e-14,6.120016233682557e-14,6.110646128824978e-14,6.180205071471189e-14,6.177171744570786e-14,6.175238096345964e-14,5.73811118710549e-14,5.5933365873711934e-14,5.421781382944009e-14,5.12988380758382e-14,4.586172290154755e-14,3.941180882588179e-14,3.053463918990548e-14,1.0287717011519238e-14,1.2662988873306595e-13,-2.2079786105277482e-14,3.3457032525526806e-13,6.771259968171366e-11,3.024038628562582e-13,1.3215483808499047e-10,-2.0406360639556546e-10,6.464272406852988e-11,-2.594244595068047e-10,1.3250842514704625e-10,2.0472929019450295e-13,6.454063956186889e-11,2.948117046513721e-13,1.0686449230068726e-14,1.293094034813084e-13,-3.544417052360961e-15,4.5042764073299905e-14,4.095769301871614e-14,4.172001894046415e-14,5.624218240181065e-14,5.5400737610032357e-14,5.553885625240392e-14,5.928015953714105e-14,5.912762112136042e-14,5.914026393585129e-14,5.998282014385641e-14,5.995249813404471e-14,5.995218572883063e-14,5.5725043768229046e-14,5.488396328137198e-14,5.432917650946382e-14,4.8322499724244085e-14,4.469962652712827e-14,4.289819136131415e-14,1.9099102477894725e-14,3.076332665661584e-15,1.3622215369820823e-13,-7.216053513172725e-14,2.7615806630513946e-13,6.712886452389635e-11,1.239939444919675e-13,1.3117958347252336e-10,-2.699636795106018e-10,6.413767912994036e-11,-2.5940688178287334e-10,1.9876947525470868e-10,-8.717636688618049e-15,6.408289090284117e-11,3.6285031828282046e-13,-6.851947413130515e-14,1.9330794660310985e-14,-8.245376083657459e-14,2.0438556185384225e-14,1.0271678408289746e-14,1.671816682489657e-14,4.875202666131161e-14,4.677157029565494e-14,4.7897460385196015e-14,5.628357463351e-14,5.593252400890756e-14,5.6098752702816103e-14,5.799031057401901e-14,5.792273662566503e-14,5.794620008766943e-14,5.215329136338483e-14,5.1187807202668165e-14,5.1472003001280586e-14,3.74852239491318e-14,3.226157943288292e-14,3.463698594715684e-14,-2.73041651378015e-14,-5.777610942034797e-14,-3.901400418707975e-14,-2.632995835934506e-13,-2.925851293681458e-13,1.0741807380711272e-13,-6.640094480063734e-13,6.350739620013988e-11,1.3307222738277942e-10,6.291643762847501e-11,-1.3283748358169308e-10,-2.0631593326102454e-10,-7.289408271391153e-13,6.313665041703005e-11,6.634506278244174e-11,-3.0852631356184423e-13,-3.5290579480593256e-13,-2.019773414809945e-13,-4.6132963622656575e-14,-8.080717173297577e-14,-5.508105685600533e-14,3.1661324217871495e-14,2.5433656717213374e-14,2.9395254886449855e-14,5.131944298156871e-14,5.0266443946775397e-14,5.080753401247775e-14,5.5596928584174127e-14,5.540144031940429e-14,5.54718178074386e-14,4.739572927465891e-14,4.5763699014557395e-14,4.6855876672344836e-14,2.054502405890828e-14,1.0311184954092022e-14,1.8165125798535975e-14,-1.076426172674672e-13,-1.7768539676031724e-13,-1.1859067646639068e-13,-6.296449260397856e-13,-8.686516395284137e-13,-5.365885267594037e-13,-1.931403236533717e-12,1.2303802131823914e-10,6.539199771296688e-11,1.2207015773324674e-10,-4.0997483472549527e-10,-8.092490858278138e-11,-2.2768058943394842e-12,1.2234046986992656e-10,6.496228824608587e-11,-8.391931080753499e-13,-1.2095416072383694e-12,-7.970197879775615e-13,-1.8521285509258046e-13,-2.9007805114256745e-13,-2.1476896657877157e-13,-1.5712406664157495e-15,-1.938253792467335e-14,-9.173036610791128e-15,4.3101510662221726e-14,4.018337527081912e-14,4.1392327204377583e-14,5.253098083342524e-14,5.200226346613027e-14,5.2124995091320457e-14,4.345682138153727e-14,4.127441916685966e-14,4.258027142186119e-14,8.069512982163606e-15,-5.641071625234548e-15,3.80671260189698e-15,-1.6138759296612723e-13,-2.534741148396574e-13,-1.828668608834102e-13,-8.492877008343193e-13,-8.788075906128678e-13,-8.103072506931144e-13,-2.285671177085728e-12,2.3752206188929794e-10,6.435148426643473e-11,1.6448922951717447e-10,-6.820970983519042e-10,-1.0554084548290775e-10,-3.804818448196238e-12,2.1684871935102076e-10,1.295600360335277e-10,-1.5856980634488696e-12,-2.368852122840725e-12,-1.560591948574342e-12,-3.9911002716314305e-13,-6.430659568559561e-13,-5.102554739232339e-13,-5.3354179863808226e-14,-9.582193704646127e-14,-8.02423133616021e-14,3.1028152397857516e-14,2.4031343530332674e-14,2.5356435009530194e-14,4.866850302691435e-14,4.7405752160346624e-14,4.7408760430328464e-14,4.0178518324647906e-14,3.75825078137118e-14,3.8527136751375496e-14,-1.0664730095866538e-15,-1.7175575909820322e-14,-1.0238313360901551e-14,-1.9635002922968596e-13,-1.6543306759988693e-13,-2.4922282776862404e-13,-7.042850294213882e-13,7.003942304491785e-11,-9.744556180508268e-13,6.845111665441403e-11,-2.563725325055379e-10,6.784260917291636e-11,1.0210210362954345e-10,-1.8815376411237408e-10,2.647613170192371e-10,4.678704115498546e-11,-7.110119880519826e-11,-2.0206890609554656e-10,-2.62279098048553e-12,4.858745178522329e-11,6.287406986286212e-11,-7.185920310578314e-13,-1.1860763223712101e-12,-9.750811858225983e-13,-1.242079397511005e-13,-2.1833668571045832e-13,-2.084399756769866e-13,1.5799128904368316e-14,8.479609440869766e-16,-5.592684343150127e-16,4.4274017140742605e-14,4.1642002367243244e-14,4.091128675780453e-14,3.611613515871278e-14,3.3693763706764205e-14,3.4266580945433815e-14,-1.3092468648714712e-14,-2.915663968558195e-14,-2.6349843223838303e-14,-2.407828754347365e-13,-2.1398278634137346e-13,-3.3504370041975243e-13,-8.477931680276031e-13,6.993105514579005e-11,-1.369588850465785e-12,6.823862474799746e-11,-1.6130824897485697e-10,9.780229809802196e-11,1.249931414994297e-10,-3.854469282358471e-10,1.058654662061184e-10,2.4860893792121464e-11,1.5071912888900772e-10,-1.722484670676429e-10,-2.9983639580034147e-12,2.619309255076052e-11,8.30202376164817e-11,-8.503710349431633e-13,-1.5191371423829745e-12,-1.752747242336104e-12,-1.6276539613180204e-13,-2.975724082254853e-13,-3.685132194881715e-13,5.689793386632069e-15,-1.7172596545664583e-14,-3.118056437884362e-14,4.0776338312121786e-14,3.656924480061054e-14,3.3663785827081985e-14,2.8435301590491755e-14,2.8084295874231188e-14,3.0528004626097977e-14,-4.2634243100401915e-14,-4.944004252882622e-14,-3.793965748189058e-14,-3.729011799870073e-13,-3.090872321640706e-13,-3.8532160028468537e-13,-1.3788876482810345e-12,6.93672014062758e-11,-1.6062405393019553e-12,6.672306080032597e-11,-1.3726963174767934e-10,9.731659659708739e-11,1.804125319536675e-10,-4.536480676570539e-10,2.0359090212702998e-10,4.678850195808319e-11,6.007957657094555e-11,-3.1061879303341787e-10,-3.412695214274173e-12,4.80905906769236e-11,1.2741283130282233e-10,-9.820546845731843e-13,-1.833053502169694e-12,-2.5183696699299315e-12,-1.9629613813709434e-13,-3.7530326112565647e-13,-5.291483925428544e-13,-2.9063413479124796e-15,-3.4157267096365553e-14,-6.185589669431925e-14,3.7677965109323e-14,3.177798113409529e-14,2.6397780322219705e-14,1.5359213136328878e-14,2.0396191454652376e-14,2.7575859343382457e-14,-1.0181985202388354e-13,-7.764770034335514e-14,-4.131028810657554e-14,-6.680853092331794e-13,-4.1517136376761806e-13,-3.5808498825535815e-13,-2.3209938133436026e-12,6.902025784020801e-11,-1.2217611583080212e-12,1.6814539124085025e-10,-1.31564785810782e-10,9.971731761028747e-11,-1.0941661595846729e-11,-3.4354334277427116e-10,1.3047358066726278e-10,8.166492875042578e-11,8.65088310645814e-11,-3.4284716831382874e-10,-3.384630999389326e-12,5.056495979665332e-11,1.6273244661557328e-10,-1.0215024951521195e-12,-1.941842086501208e-12,-2.5459177078301244e-12,-2.145290432414208e-13,-4.227828086956081e-13,-6.219604056451322e-13,-9.336744754624967e-15,-4.7849533721361594e-14,-8.635784628746116e-14,3.4921226057192477e-14,2.734854084359272e-14,1.9661816165117514e-14,1.8160050228614085e-15,1.1124220816352776e-14,2.3671018572797174e-14,-1.7875574723915658e-13,-1.269999649478489e-13,-5.5680200113064175e-14,-1.037897406542358e-12,-6.897687502103839e-13,-4.223550490094587e-13,6.665301829370411e-11,9.238759912384188e-11,-1.458554714248919e-12,-2.173135450171822e-10,-2.1778241235231767e-10,9.177461648602377e-11,3.0710903623765786e-10,-3.700075958093546e-10,2.8169674516793017e-10,5.3677244228931587e-11,7.56133490569131e-11,-2.574158545863599e-10,-2.41795608953815e-12,1.175970072759889e-10,2.186753791055167e-12,-9.766056250709587e-13,-1.87565952363379e-12,2.926879678064103e-11,-2.284179411701955e-13,-5.099172622217252e-13,-8.049129785913882e-13,-1.5814316705297554e-14,-6.793782307315927e-14,-1.299169058948216e-13,3.221766600657038e-14,2.2195100645521213e-14,1.1010193040708257e-14,1.5455673219866472e-14,1.8762837785800832e-14,2.7775094223162965e-14,-9.410964908731857e-14,-8.38802532255617e-14,-3.291343241708022e-14,-6.219997225032181e-13,-5.109974438483901e-13,-3.1017068608833396e-13,-2.0496137272901367e-12,5.562080286563037e-11,-1.100459789288962e-12,1.952288258244076e-10,-5.2890249131890613e-11,5.5429683682416607e-11,-1.1299276820417814e-10,-5.131276027220408e-10,2.590867870831185e-10,1.8771304327217845e-10,-2.649871929072006e-10,-1.1996641728056e-10,3.078115098793408e-11,-2.6980804674560027e-11,2.522311281169467e-12,-9.321318831557782e-13,3.067115606502483e-11,2.9629101867487576e-11,-2.4451879238984503e-13,-5.041844399556675e-13,-7.452582064792582e-13,-1.7763051623044543e-14,-7.355117618492098e-14,-1.1857176473426065e-13,3.136683616526642e-14,2.135327606712638e-14,1.2652408583697366e-14,3.780060937371697e-14,3.858765545196034e-14,4.2237889771929527e-14,-4.96692691735697e-15,-4.122901886091193e-15,1.4571400581784244e-14,-1.8792188536476669e-13,-2.0094275428265383e-13,-1.0161170814785483e-13,-6.493328240148015e-13,-4.3299783781384945e-13,-4.743873626373607e-13,7.071912228611331e-11,2.36311654222463e-10,-3.8393178317654805e-13,-1.0817815413428976e-10,-4.844358392538805e-10,2.1370993988334426e-10,1.652217035036407e-10,-2.3501062977243136e-10,6.163743132385336e-12,-4.92162247772493e-13,1.245252182044419e-10,6.35474809297696e-11,-4.258526568230544e-13,-6.786260978010214e-13,-1.0888311598127876e-12,-8.815097044587428e-14,-2.153255554642052e-13,-3.018771004570337e-13,1.7820774722849725e-14,-6.771646117556834e-15,-2.5305691479779947e-14,4.306587674974648e-14,3.8151826784415623e-14,3.414469039083708e-14,2.3294923272374154e-12,2.329644793039251e-12,2.3309518602208397e-12,2.3137482514618867e-12,2.313397012076626e-12,2.3194785929777384e-12,2.2520576458923756e-12,2.24547943240718e-12,2.2744516591594388e-12,2.0721816541238305e-12,2.4031490217462052e-12,2.1401227684259126e-12,2.762320187767e-12,2.585112599079446e-10,2.6308192809035245e-12,3.302142005750556e-10,-1.1072362033809887e-09,2.590762500965812e-10,3.2078298123326566e-12,3.5171816177485644e-10,3.6056902248327457e-11,1.9617203194689086e-12,2.3700553004815845e-12,1.6685090126550903e-12,2.1643591905288444e-12,2.0207439220475153e-12,1.936402674807387e-12,2.2795631173306772e-12,2.2402443963076445e-12,2.2136279124453226e-12,2.320391430397099e-12,2.3116290453235386e-12,2.3050786738527697e-12,2.3311307304094005e-12,2.3291474729234032e-12,2.327552676668756e-12
-5.357313187095558e-12,-5.357313277803813e-12,-5.357313280355129e-12,-5.357313267905798e-12,-5.357313370595987e-12,-5.35731329220382e-12,-5.357313218220784e-12,-5.357313383452461e-12,-5.357313263834358e-12,-5.357313220374764e-12,-5.357313384527614e-12,-5.3573132557838534e-12,-5.357313229065038e-12,-5.357313315410066e-12,-5.357313273792998e-12,-5.35731321886542e-12,-5.357313386662656e-12,-5.35731325733537e-12,-5.357313219317992e-12,-5.357313386482491e-12,-5.3573132573550935e-12,-5.35731322961272e-12,-5.357313316188282e-12,-5.357313272291044e-12,-5.3573132181793495e-12,-5.357313383013954e-12,-5.357313263209582e-12,-5.35731322014113e-12,-5.357313374950013e-12,-5.357313254082847e-12,-5.35731321981941e-12,-5.357313400486793e-12,-5.357313283064917e-12,-5.35731331152596e-12,-5.357313277518392e-12,-5.357313284336402e-12,1.115035128786509e-13,1.1150343499991127e-13,1.1150349656106817e-13,1.1150344991771618e-13,1.1150330138582355e-13,1.1150349399989162e-13,1.1150348362582617e-13,1.1150337658352218e-13,1.1150350985940612e-13,1.1150348235937307e-13,1.1150337962148111e-13,1.1150350653799243e-13,1.1150347981138455e-13,1.1150336698531094e-13,1.1150350815803939e-13,1.1150348055628331e-13,1.1150337915728335e-13,1.1150350184859244e-13,1.1150348061533221e-13,1.1150337929723681e-13,1.1150350178332272e-13,1.1150347963174338e-13,1.1150336770735157e-13,1.1150350747624385e-13,1.1150348225934964e-13,1.1150337751331762e-13,1.1150350655607246e-13,1.1150348565008172e-13,1.1150337221703283e-13,1.1150351048177471e-13,1.1150346589437044e-13,1.115033319347781e-13,1.1150346304603862e-13,1.1150352334280715e-13,1.115034436339805e-13,1.1150356873700979e-13,1.3041642847575732e-13,1.304163064060276e-13,1.304164264451315e-13,1.3041633215403153e-13,1.3041624783649216e-13,1.30416341701498e-13,1.3041638546523798e-13,1.3041627840057588e-13,1.304163685876879e-13,1.3041638320217684e-13,1.304162716379406e-13,1.3041636820166275e-13,1.304163791437743e-13,1.3041626572087775e-13,1.30416363872756e-13,1.3041637924108272e-13,1.304162656484631e-13,1.3041638072922184e-13,1.3041638054582282e-13,1.3041626432169205e-13,1.3041638082139513e-13,1.3041637778550334e-13,1.3041627215121343e-13,1.3041636335507664e-13,1.3041638290247896e-13,1.304162820783558e-13,1.3041637292211432e-13,1.3041637784668078e-13,1.3041628980716712e-13,1.304163694249304e-13,1.3041636491335486e-13,1.3041622876885864e-13,1.3041633611610227e-13,1.304163838486088e-13,1.3041631093593844e-13,1.3041643245600583e-13,1.2614292876420269e-13,1.2614285824796504e-13,1.26142893411799e-13,1.2614289785211584e-13,1.2614271946223427e-13,1.2614287480299626e-13,1.2614288758296015e-13,1.2614279345465401e-13,1.2614292471321327e-13,1.2614289927358695e-13,1.2614278504788255e-13,1.261429173207478e-13,1.2614291759585886e-13,1.2614281631762968e-13,1.2614290247892394e-13,1.26142914676875e-13,1.2614280022142198e-13,1.2614290381309276e-13,1.261429062253445e-13,1.261428015324564e-13,1.2614290183106623e-13,1.261429168667153e-13,1.2614282336308481e-13,1.2614291173721242e-13,1.2614290610339755e-13,1.261427388580396e-13,1.2614292969977627e-13,1.261429281467277e-13,1.261427669044715e-13,1.2614290099278088e-13,1.2614287661473264e-13,1.2614279088380252e-13,1.2614288367236768e-13,1.2614287105932545e-13,1.2614286703596822e-13,1.2614289109813525e-13,1.2197230314810547e-13,1.2197217728325172e-13,1.219722200622962e-13,1.2197217567835008e-13,1.2197213060283735e-13,1.219722625152336e-13,1.2197227407738003e-13,1.2197212910778917e-13,1.219722238173674e-13,1.2197221666097556e-13,1.2197212593779638e-13,1.219722164846318e-13,1.2197224073201782e-13,1.219721044921454e-13,1.219722799910154e-13,1.2197222938422103e-13,1.2197211605375062e-13,1.219722614628151e-13,1.2197223602297957e-13,1.2197211518531114e-13,1.2197227466819297e-13,1.2197223983262612e-13,1.2197211794885613e-13,1.2197221034734667e-13,1.219722345711023e-13,1.2197213487057313e-13,1.219722399138853e-13,1.2197221802266106e-13,1.2197212117536378e-13,1.2197222541089612e-13,1.2197225820881582e-13,1.219720757208117e-13,1.219722404335268e-13,1.2197223627839258e-13,1.2197217695908254e-13,1.2197230592043765e-13,1.1797071542625538e-13,1.179706163507686e-13,1.1797072199751226e-13,1.1797064790231856e-13,1.179706003711667e-13,1.1797065063910216e-13,1.179706666935849e-13,1.179705734273593e-13,1.179706750911459e-13,1.1797073580822397e-13,1.1797061058012723e-13,1.179707281422089e-13,1.1797066440182286e-13,1.1797063287339922e-13,1.1797066918190252e-13,1.1797068384329436e-13,1.1797062118202036e-13,1.179706805438163e-13,1.179706818283777e-13,1.1797062348424737e-13,1.1797067056691386e-13,1.179706817101337e-13,1.1797061735371459e-13,1.1797071777499515e-13,1.179706657321805e-13,1.1797061134718538e-13,1.1797071136162556e-13,1.1797073000595749e-13,1.1797060860639674e-13,1.1797067042185837e-13,1.1797064191610698e-13,1.1797059517578825e-13,1.1797063719768135e-13,1.1797069163017636e-13,1.1797066089924045e-13,1.179707118685047e-13,1.1413055388681745e-13,1.1413048059449058e-13,1.1413050857443137e-13,1.1413049264235116e-13,1.1413034817640828e-13,1.1413051376943985e-13,1.141305291937588e-13,1.141304475388492e-13,1.141305108703382e-13,1.1413050416324195e-13,1.141304048966506e-13,1.141305244853377e-13,1.1413051945981642e-13,1.141304090868188e-13,1.1413049922931236e-13,1.1413051719556782e-13,1.1413041830344533e-13,1.1413050148070492e-13,1.1413051969234142e-13,1.1413040938992073e-13,1.141305045461765e-13,1.1413051548537756e-13,1.1413040505481658e-13,1.141305197189049e-13,1.1413052277278948e-13,1.1413043276687364e-13,1.1413050517631768e-13,1.141305166393349e-13,1.141304395450735e-13,1.1413051496635808e-13,1.1413048609993655e-13,1.1413038848961928e-13,1.1413046578512953e-13,1.1413051273729454e-13,1.1413048106577512e-13,1.1413054605357133e-13,1.1044418791085843e-13,1.1044406247731635e-13,1.1044414986010111e-13,1.1044408208109944e-13,1.1044404583308534e-13,1.1044411236101511e-13,1.104441299517742e-13,1.1044404154664429e-13,1.1044415916401377e-13,1.1044412780635769e-13,1.1044404306046397e-13,1.104441105361222e-13,1.1044412520505076e-13,1.104440579878897e-13,1.1044415161655937e-13,1.1044412677196672e-13,1.1044405843860136e-13,1.1044413832911694e-13,1.1044412041315551e-13,1.104440583867709e-13,1.1044413936902757e-13,1.1044413072549019e-13,1.1044403722120054e-13,1.104441286607254e-13,1.1044412327719406e-13,1.1044405704170091e-13,1.104441552552566e-13,1.1044411714178705e-13,1.1044403953826511e-13,1.1044414431283406e-13,1.1044412469318268e-13,1.1044403096567786e-13,1.1044410542951542e-13,1.10444157894008e-13,1.104440686826274e-13,1.1044416880326335e-13,1.0690439733434342e-13,1.0690433843551175e-13,1.0690435606761694e-13,1.0690435633632947e-13,1.0690426434711724e-13,1.0690435722318018e-13,1.0690435527502686e-13,1.06904310551595e-13,1.0690437699476784e-13,1.0690437989545195e-13,1.0690429041030607e-13,1.069043612680756e-13,1.0690438603199472e-13,1.0690427870343374e-13,1.0690438279089913e-13,1.0690437368137472e-13,1.0690430415605987e-13,1.0690436698617404e-13,1.0690438095492976e-13,1.0690428494468998e-13,1.0690439676076475e-13,1.069043738376327e-13,1.069042932563381e-13,1.0690436630294224e-13,1.0690437578875466e-13,1.0690427916711128e-13,1.0690436270984576e-13,1.0690437584407883e-13,1.0690430918579217e-13,1.0690437133337732e-13,1.0690436457335282e-13,1.0690426707518395e-13,1.069043553879976e-13,1.0690436894076467e-13,1.0690432878875777e-13,1.0690442481764061e-13,1.035044790591371e-13,1.0350438473686195e-13,1.035044596592912e-13,1.0350442581840903e-13,1.0350433399051075e-13,1.0350444404699223e-13,1.0350443595866348e-13,1.0350434215036234e-13,1.0350443528002318e-13,1.0350444264484596e-13,1.0350433475240953e-13,1.0350443608015644e-13,1.0350442855850781e-13,1.0350433677089986e-13,1.0350442986315259e-13,1.0350443651310956e-13,1.0350432610696737e-13,1.0350445671046905e-13,1.0350443083282879e-13,1.03504346633716e-13,1.035044284328636e-13,1.0350446186576236e-13,1.0350434269333371e-13,1.0350443979539778e-13,1.0350446262582583e-13,1.035043748239723e-13,1.0350444368534789e-13,1.0350444473340592e-13,1.0350432527019987e-13,1.035044654022212e-13,1.0350442678979937e-13,1.035042984593674e-13,1.0350443808684572e-13,1.0350443772229818e-13,1.0350443166703802e-13,1.0350443559568871e-13,1.0023789132556531e-13,1.0023784811168556e-13,1.002378508780336e-13,1.0023783596079414e-13,1.0023774998485054e-13,1.0023783284355188e-13,1.0023785764353333e-13,1.0023773094368679e-13,1.0023786636991801e-13,1.0023781404080517e-13,1.0023778163521223e-13,1.0023783228144711e-13,1.0023782266245377e-13,1.0023774816474946e-13,1.0023782134484068e-13,1.0023784917239767e-13,1.0023776126825406e-13,1.0023783424596633e-13,1.0023784376203385e-13,1.0023777654564343e-13,1.0023784820781945e-13,1.0023787857327966e-13,1.0023775151489314e-13,1.002378818349037e-13,1.00237860026862e-13,1.0023779198333217e-13,1.0023786536867646e-13,1.0023788673900795e-13,1.0023778571410365e-13,1.0023786795480333e-13,1.0023787838293845e-13,1.002377854850966e-13,1.0023786020083893e-13,1.002378841518059e-13,1.0023785627910214e-13,1.0023791822470012e-13,9.709855042133425e-14,9.709849562876688e-14,9.709853944264904e-14,9.709846995457186e-14,9.709838887602943e-14,9.709849284487438e-14,9.709841674217714e-14,9.709833551831104e-14,9.709839590870526e-14,9.709832903354623e-14,9.709821799488956e-14,9.709832262965933e-14,9.70982756351514e-14,9.709819582892745e-14,9.709827525794007e-14,9.709830745334755e-14,9.709821607415679e-14,9.709831805902035e-14,9.709843276647668e-14,9.709830308188623e-14,9.709842558384447e-14,9.709848322716785e-14,9.709844004129995e-14,9.709850364172929e-14,9.70985543584579e-14,9.709847276818713e-14,9.709855989146497e-14,9.709858459007882e-14,9.709852018710092e-14,9.709856706010782e-14,9.709858721240696e-14,9.709847432345147e-14,9.709857728427021e-14,9.709859997878457e-14,9.709854482162847e-14,9.709862555438436e-14,9.40805395010697e-14,9.408045612162262e-14,9.40804964075827e-14,9.408026306246514e-14,9.40801531047647e-14,9.408027145940252e-14,9.407984575074356e-14,9.4079769558584e-14,9.407984031854912e-14,9.407934330665963e-14,9.407920529386775e-14,9.407933313627367e-14,9.407908465549896e-14,9.407896419351028e-14,9.407906564188259e-14,9.407934065529131e-14,9.407922163707207e-14,9.40793375899813e-14,9.407986811189363e-14,9.407977219436433e-14,9.407984271376287e-14,9.408028674431407e-14,9.40802343294281e-14,9.408030690477355e-14,9.408059993815844e-14,9.408050931718776e-14,9.408057100251142e-14,9.408072441637395e-14,9.408064912206644e-14,9.408071652342866e-14,9.408073659269955e-14,9.408064699997254e-14,9.408075490745494e-14,9.408079215741498e-14,9.408075734662235e-14,9.408081640408772e-14,9.117761380209119e-14,9.117755307489148e-14,9.117759709998984e-14,9.117647908947635e-14,9.11763588273261e-14,9.11764592364114e-14,9.117425000847773e-14,9.117402018337153e-14,9.117418610481803e-14,9.11714402254409e-14,9.117111077116116e-14,9.117134008990035e-14,9.116994509841595e-14,9.11695082595919e-14,9.116983806196039e-14,9.117143923928247e-14,9.117111724776483e-14,9.117133713022146e-14,9.117424845245971e-14,9.117406608053067e-14,9.117422908408222e-14,9.11766416629077e-14,9.117647249571838e-14,9.117657110878131e-14,9.117795227089154e-14,9.117785473587274e-14,9.117796044056348e-14,9.117856677302642e-14,9.117848636955466e-14,9.117858335104583e-14,9.117882132719222e-14,9.11787175074385e-14,9.117879447996945e-14,9.117889821721352e-14,9.117884115692162e-14,9.117891710926908e-14,8.838211502574358e-14,8.838189592451218e-14,8.838201614906933e-14,8.837665599214135e-14,8.837622548267798e-14,8.837651133483541e-14,8.836514036797814e-14,8.836416468003957e-14,8.836481556486229e-14,8.834993470164808e-14,8.83481060314208e-14,8.834942584152884e-14,8.834140751068405e-14,8.833886629947255e-14,8.834073095347092e-14,8.834991790712868e-14,8.834806550272521e-14,8.834938975897509e-14,8.836520191561258e-14,8.836421708677895e-14,8.836489566010992e-14,8.837709822423388e-14,8.837667130418991e-14,8.837693252298625e-14,8.838355165260317e-14,8.838340023330009e-14,8.838351605368916e-14,8.838636385142825e-14,8.838624968885129e-14,8.838631433910693e-14,8.838733973585695e-14,8.838728863807273e-14,8.83873273226273e-14,8.838766830071073e-14,8.838763208299858e-14,8.838770055184465e-14,8.567860119314795e-14,8.567772740116556e-14,8.567815853575291e-14,8.565303532122796e-14,8.565081442404332e-14,8.565217153186897e-14,8.559603745715634e-14,8.559023764019901e-14,8.559415879245595e-14,8.551681181587519e-14,8.550454867163779e-14,8.551354694646816e-14,8.546918779772481e-14,8.545183813942521e-14,8.546514163255603e-14,8.551657791700544e-14,8.550428336720254e-14,8.551331878594581e-14,8.559612237282161e-14,8.559027790952824e-14,8.559424157380703e-14,8.56545849604117e-14,8.56523688896361e-14,8.565376298139841e-14,8.568441339750088e-14,8.568368365820226e-14,8.568408753455744e-14,8.569653040295912e-14,8.569631028479156e-14,8.569642684065567e-14,8.570071446474695e-14,8.570058575636048e-14,8.570067783449624e-14,8.570193254627364e-14,8.570188249161264e-14,8.570193333363407e-14,8.30235521542863e-14,8.301917525968636e-14,8.302144198248629e-14,8.290948694290133e-14,8.289706050397229e-14,8.290488141189331e-14,8.264157183520399e-14,8.260544703897168e-14,8.26310613018275e-14,8.223792674114398e-14,8.215469805613474e-14,8.221869629672945e-14,8.197180647174533e-14,8.184539839993085e-14,8.194704913299676e-14,8.223630030984108e-14,8.215288119987626e-14,8.221706648179902e-14,8.26410612555774e-14,8.260482113768049e-14,8.263051736172327e-14,8.291450962307217e-14,8.290217324110587e-14,8.290999092500644e-14,8.304545023735472e-14,8.304188704155524e-14,8.304385903307141e-14,8.30955760306539e-14,8.309460107715721e-14,8.309510065020063e-14,8.311183853903325e-14,8.311153107205349e-14,8.31116888205581e-14,8.311626269993943e-14,8.311618291320512e-14,8.311624130398877e-14,8.028039574350302e-14,8.025868919460303e-14,8.027036541607846e-14,7.980145307295876e-14,7.973331576757466e-14,7.977780651145292e-14,7.858942410562999e-14,7.837220663065339e-14,7.853183417055514e-14,7.661190066918578e-14,7.606551751198581e-14,7.650086469435347e-14,7.51652421245019e-14,7.426820334529411e-14,7.501721792393215e-14,7.660219863818925e-14,7.605435769012685e-14,7.649099623049956e-14,7.858360091443071e-14,7.836536071825291e-14,7.852603041767697e-14,7.981612575604807e-14,7.974822823918649e-14,7.979291581233901e-14,8.0356930816321e-14,8.033902993118783e-14,8.03491647651215e-14,8.055002608868935e-14,8.054574556374845e-14,8.054775100259178e-14,8.060905525040116e-14,8.060805560259737e-14,8.060843529773492e-14,8.06242664639789e-14,8.062401205881426e-14,8.062412545138664e-14,7.704468964001977e-14,7.694300602473444e-14,7.69990305612516e-14,7.516967463655609e-14,7.481989813965972e-14,7.505336903567366e-14,7.007658165930161e-14,6.884395454787919e-14,6.977357589560483e-14,6.090426166353492e-14,5.744514585728396e-14,6.028089895319318e-14,5.3254689530363564e-14,4.6942850859609717e-14,5.238564523629902e-14,6.085039826015515e-14,5.73806270525605e-14,6.022672014465717e-14,7.003794705365253e-14,6.879824975613487e-14,6.9734924865903e-14,7.520438836487997e-14,7.485481788071111e-14,7.509025441578897e-14,7.728944699777023e-14,7.720490013254046e-14,7.725363752340337e-14,7.79738777813174e-14,7.795542974762654e-14,7.79640152586119e-14,7.816936571400128e-14,7.8165558801716e-14,7.816689822252224e-14,7.821706292532711e-14,7.821619221795818e-14,7.821639343376879e-14,7.229449488869515e-14,7.186812273207503e-14,7.209962291821485e-14,6.571354824363601e-14,6.407728496794513e-14,6.51748988934757e-14,4.6213480149770876e-14,3.973576770425445e-14,4.4695358547007806e-14,6.742727236798146e-15,-1.4065891064051667e-14,3.3719145095263553e-15,-3.208968543809959e-14,-7.573845797419574e-14,-3.70769380133382e-14,6.4635477863253205e-15,-1.442501628237576e-14,3.0917498872210527e-15,4.600549529873388e-14,3.948031507489887e-14,4.448745933225055e-14,6.576243450943039e-14,6.412103619762606e-14,6.52325343126695e-14,7.298785078538502e-14,7.262714376497491e-14,7.283274871405663e-14,7.517259189080702e-14,7.51006186508491e-14,7.513297851603783e-14,7.574912471661658e-14,7.573545586687022e-14,7.573976743830067e-14,7.588172639776566e-14,7.587889511585638e-14,7.587935851171224e-14,6.418474584029101e-14,6.263396101055263e-14,6.342062008271671e-14,4.4258383774427325e-14,3.755342568125183e-14,4.194569125877108e-14,-2.10381055813727e-14,-5.1483147251065466e-14,-2.8168581218878197e-14,-1.7325812246612015e-13,-2.8850223846614e-13,-1.906288679645483e-13,-3.5751033719024706e-13,-5.082440676670958e-13,-3.853948339637546e-13,-1.7460992204631227e-13,-2.9011766312132517e-13,-1.9198498590563502e-13,-2.2003905126287396e-14,-5.2750268146724523e-14,-2.9134017827531246e-14,4.4178945771822395e-14,3.74180298990076e-14,4.1896358590550124e-14,6.584646124851304e-14,6.451155992218713e-14,6.522913203186483e-14,7.182640580043769e-14,7.158103441267133e-14,7.167867517633406e-14,7.32887241844549e-14,7.324584986116567e-14,7.325650600524686e-14,7.360391114476498e-14,7.359556537895514e-14,7.359625646702391e-14,5.1535648466120694e-14,4.6969275042976775e-14,4.885996685135073e-14,3.216146918542454e-15,-1.9182217465387492e-14,-5.748605443594479e-15,-1.744117859972197e-13,-2.930093619034479e-13,-2.0510949021831565e-13,-6.640861245752295e-13,-9.344248899196713e-13,-7.48086033949658e-13,-1.151364446290806e-12,6.289480401581352e-11,-1.3025931144539365e-12,-6.691317393977387e-13,-7.931131850801936e-13,-7.531774806970962e-13,-1.782905488473367e-13,-2.9768612940513773e-13,-2.0900315135243204e-13,2.3234437075562066e-15,-2.0445699302622444e-14,-6.55549164655639e-15,5.4645008545510735e-14,5.0633000760258826e-14,5.244954594653064e-14,6.779264816494462e-14,6.711523995697512e-14,6.730770108957289e-14,7.077609377510238e-14,7.066492681128486e-14,7.067774853613363e-14,7.138220561703266e-14,7.136173942928327e-14,7.136046740970839e-14,3.9493707306428575e-14,2.992865474392088e-14,3.149307935016996e-14,-4.122225755050684e-14,-9.282615294662809e-14,-7.129295989207349e-14,-3.7201723904913226e-13,-5.511663146332369e-13,-4.887285231683055e-13,-1.1846084899925174e-12,6.234771499780845e-11,-1.5550008194410577e-12,6.204287328103054e-11,-3.383792288015872e-10,6.139952692727822e-11,-9.074233428177544e-13,1.2822712370134502e-10,-1.2781257636721068e-12,-3.8306242398212596e-13,-2.7332757287537753e-13,-4.998786470094074e-13,-4.487975715903935e-14,-9.728380658787879e-14,-7.474688191695585e-14,4.3365381132724535e-14,3.4754058742328454e-14,3.6696814734949334e-14,6.394554236590025e-14,6.255879287190012e-14,6.260308042423113e-14,6.83843580304316e-14,6.816483571278011e-14,6.812997025744641e-14,6.925096116789356e-14,6.921179225715335e-14,6.919905045077709e-14,4.1359812493931885e-14,3.0257242709078965e-14,2.2352603060326016e-14,-2.1818119203419705e-14,-7.126751814193333e-14,-1.0329136785117117e-13,-2.5176623155990545e-13,-4.852062553088577e-13,-6.202026017743e-13,-8.724228292144768e-13,-1.4040278952590141e-12,-2.0123295835466946e-12,-1.2492165709111936e-12,1.2655226045421026e-10,6.393993615201e-11,6.480187526851701e-11,-3.315312569743142e-10,6.366336082560317e-11,1.3360616753875059e-14,6.504666510329598e-11,-3.549156124871437e-13,-3.0168010933840266e-14,6.225011241738223e-14,-1.1110949143667373e-13,4.3406547545206774e-14,3.336460041959423e-14,2.7356210006788202e-14,6.217381090746579e-14,6.035130995948781e-14,5.921821657784856e-14,6.64066077082477e-14,6.610022133631611e-14,6.589353185062002e-14,6.725905106106807e-14,6.720263743151593e-14,6.716182724086351e-14,4.557664854145801e-14,3.257397430462545e-14,1.5668233711223468e-14,-1.495950102134216e-15,-5.965366118846651e-14,-1.468662773101418e-13,-1.6900548130992083e-13,-4.436086435658907e-13,-8.05141794343998e-13,-6.072084639637794e-13,-1.2966646278985559e-12,6.430283395993152e-11,-8.192225856346028e-13,1.298147998210208e-10,-2.1935063045907928e-10,6.496745128485832e-11,-2.64654830911055e-10,1.299108334109019e-10,8.369693869376419e-14,6.499129200866365e-11,-5.522155216020338e-13,-1.3179154887883006e-14,6.754491902774906e-14,-1.5782975207383934e-13,4.571975809282996e-14,3.378111099127196e-14,2.014489547034438e-14,6.111984637183877e-14,5.897956859858331e-14,5.678916150471404e-14,6.465506267683957e-14,6.429758375190637e-14,6.394909523540477e-14,6.53754792232741e-14,6.531014202319558e-14,6.52480263206282e-14,5.221259718442676e-14,4.422990604314371e-14,3.352911698795813e-14,2.69430428337838e-14,-5.576197592776675e-15,-5.384607812259992e-14,-5.770205730223091e-14,-1.9339113224727517e-13,-2.7908852017167743e-13,-2.5891855976275944e-13,-2.932640571534125e-13,6.69245565123676e-11,-8.678456126401078e-14,1.3205412732759086e-10,-2.104584771833872e-10,6.49991764728732e-11,-2.6223060210946206e-10,1.3218946922527425e-10,1.8564481867656203e-13,6.492728217094549e-11,-3.585669623582367e-14,1.2970391510961547e-14,1.1637851195854274e-13,-6.741492206917553e-14,5.0210914636279726e-14,4.2464168967385717e-14,3.437472375885334e-14,6.056636361997946e-14,5.908887587941866e-14,5.768573650998102e-14,6.305183980103074e-14,6.279541316327553e-14,6.255576878517887e-14,6.357561305246568e-14,6.352723622653228e-14,6.3482475461313e-14,5.6516625256611294e-14,5.300749768716319e-14,4.845162662144524e-14,4.535319105137942e-14,3.215067128927424e-14,1.3871302031323509e-14,9.451532130812451e-15,-4.04443242428408e-14,2.735903838756141e-14,-7.17254148466689e-14,2.0203778784361372e-13,6.776603616124043e-11,2.463242829671009e-13,1.3254839268907487e-10,-2.0567620918891276e-10,6.492009805580173e-11,-2.607200051756495e-10,1.327560892067006e-10,2.3718561563372974e-13,6.481563404609856e-11,2.539304098674603e-13,2.5921249244527494e-14,1.4520500793424321e-13,-5.775786488723227e-15,5.1566278333042915e-14,4.729214295229347e-14,4.46602086506137e-14,5.93567208592639e-14,5.848985194981374e-14,5.799879232622937e-14,6.135486488176834e-14,6.120011794536213e-14,6.110638483969654e-14,6.180204275288968e-14,6.177170825303444e-14,6.175237427156243e-14,5.738093114862457e-14,5.593302798347959e-14,5.4217137795804017e-14,5.1298104362667385e-14,4.585997076514258e-14,3.940843741836442e-14,3.0531266335546223e-14,1.0279125228068127e-14,1.2670545171276164e-13,-2.20923795437319e-14,3.348176813621533e-13,6.777384276478777e-11,3.0265388620297873e-13,1.3227924383115265e-10,-2.041222709338883e-10,6.470604744255887e-11,-2.5990840840594214e-10,1.3263297712385814e-10,2.0489939664244776e-13,6.460387405901054e-11,2.9505787906688775e-13,1.0681000710140092e-14,1.2939476583502748e-13,-3.553164608496839e-15,4.5041680336513046e-14,4.09558327808323e-14,4.171839180640024e-14,5.624201237914532e-14,5.5400450843241774e-14,5.553857689589268e-14,5.928012296625105e-14,5.912757596142115e-14,5.914024104985148e-14,5.998282803267306e-14,5.995248828234745e-14,5.995218037110183e-14,5.572498129118125e-14,5.488380472592683e-14,5.432887107509301e-14,4.832222020613859e-14,4.4698738409023914e-14,4.28966249464839e-14,1.909750776784024e-14,3.0723603752194406e-15,1.3649271748242458e-13,-7.216673568290777e-14,2.7679258662490224e-13,6.73126514154829e-11,1.2444242730112156e-13,1.3142654248036742e-10,-2.708269455059376e-10,6.420120940716299e-11,-2.596877077237538e-10,1.990040457755521e-10,-8.543804745333685e-15,6.414632628636916e-11,3.6324193961152864e-13,-6.85235169725783e-14,1.9416973457797077e-14,-8.246208521850504e-14,2.0437791207746822e-14,1.0270120200432511e-14,1.6716733003397812e-14,4.875189711401456e-14,4.6771357619838546e-14,4.7897243528213866e-14,5.628356381743646e-14,5.593248822157005e-14,5.6098721729427827e-14,5.79903036046435e-14,5.792271224353016e-14,5.794620155788159e-14,5.215338242791738e-14,5.1187858614091966e-14,5.1471961356707453e-14,3.748561379563784e-14,3.2261914678919345e-14,3.463672077046081e-14,-2.730210518411144e-14,-5.777463269156024e-14,-3.9015461658059964e-14,-2.63291555865891e-13,-2.92523073649228e-13,1.0794026048051951e-13,-6.63875846533172e-13,6.354552024188258e-11,1.332420924975132e-10,6.295410632575416e-11,-1.328665717641785e-10,-2.0626190170873887e-10,-7.288175971502375e-13,6.317420435394532e-11,6.633243529444887e-11,-3.085233490042877e-13,-3.528514993994702e-13,-2.0200312207979913e-13,-4.613248900953651e-14,-8.080732381756632e-14,-5.508172474493836e-14,3.1661385428875336e-14,2.5433594992050543e-14,2.939521481418026e-14,5.1319416485055986e-14,5.0266479790881405e-14,5.0807503368398234e-14,5.5596928155056816e-14,5.5401432018035345e-14,5.547182225914654e-14,4.7396137025530505e-14,4.576422102729306e-14,4.685621199100311e-14,2.0547335989811374e-14,1.0314482363384444e-14,1.816703778215908e-14,-1.0762881635458505e-13,-1.7766337184227255e-13,-1.1857964112929318e-13,-6.295734471606182e-13,-8.683100817942818e-13,-5.366039328884113e-13,-1.9306898866530467e-12,1.2318224812593343e-10,6.534536450156883e-11,1.2221453229122622e-10,-4.106608705332872e-10,-8.059810397264193e-11,-2.2761743972845556e-12,1.224837703207613e-10,6.491529687860794e-11,-8.391567915397611e-13,-1.2092727906784324e-12,-7.970605009077836e-13,-1.8520849236530724e-13,-2.9007166146834174e-13,-2.1476421203402367e-13,-1.5708713608892363e-15,-1.9382104009948118e-14,-9.172427381601857e-15,4.3101526318017956e-14,4.018338446771246e-14,4.139239679545976e-14,5.2530977707720943e-14,5.200225326097768e-14,5.212499875789909e-14,4.345766656057809e-14,4.1275691676499876e-14,4.2581066259347076e-14,8.07520884345675e-15,-5.631678182727661e-15,3.811935825898793e-15,-1.613480751958956e-13,-2.5339594855461153e-13,-1.828306118362969e-13,-8.490352662969826e-13,-8.774543187880979e-13,-8.101403802677574e-13,-2.2833256331599263e-12,2.378654821813608e-10,6.430981483281115e-11,1.646698955265653e-10,-6.829887416812423e-10,-1.0518680432885817e-10,-3.804359467359655e-12,2.1670714200437918e-10,1.2950119455106128e-10,-1.5856106697157004e-12,-2.369331399653298e-12,-1.5605763715655507e-12,-3.991065439697636e-13,-6.430611786472507e-13,-5.102405481698839e-13,-5.3355002045869715e-14,-9.582323066906711e-14,-8.02407055655479e-14,3.10278859463558e-14,2.4030984987566535e-14,2.5356605171052816e-14,4.8668431326769204e-14,4.7405699024981895e-14,4.7408774962729815e-14,4.0179257835079307e-14,3.758349123495303e-14,3.852771905890504e-14,-1.0619012986334585e-15,-1.7168174611785896e-14,-1.0234703957511885e-14,-1.963189216087791e-13,-1.6513833584253815e-13,-2.4919903076050884e-13,-7.036233225697653e-13,7.020273085186627e-11,-9.738438603946052e-13,6.861533393839174e-11,-2.5709273126995514e-10,6.800558459091073e-11,1.0222651053818245e-10,-1.888211924658985e-10,2.6454572021139644e-10,4.646798745910237e-11,-6.922159064074506e-11,-2.0218549205550745e-10,-2.624043054933765e-12,4.826838221103579e-11,6.285800040465328e-11,-7.186541949702337e-13,-1.186702417236045e-12,-9.750956747604291e-13,-1.2421752693356844e-13,-2.183556559613386e-13,-2.0843782750751505e-13,1.5797790648890727e-14,8.459401647530728e-16,-5.588733886435905e-16,4.4273847037652134e-14,4.164174924912641e-14,4.09113509193184e-14,3.611659290262122e-14,3.369449226688657e-14,3.4266885641408604e-14,-1.3089458308115218e-14,-2.915112592797949e-14,-2.634843079395316e-14,-2.407610729662376e-13,-2.1374132048608813e-13,-3.350374998919357e-13,-8.472599072421271e-13,7.006831868003068e-11,-1.3695952503654323e-12,6.837655934819952e-11,-1.6194045695372872e-10,9.766042057520387e-11,1.250564777366974e-10,-3.8580987147319143e-10,1.0715970840207764e-10,2.4692083567800694e-11,1.5142307245262878e-10,-1.7327879316304724e-10,-2.99907338400081e-12,2.6024597409753273e-11,8.314377617774111e-11,-8.50415582853658e-13,-1.519451155247782e-12,-1.752322612810055e-12,-1.6277240780680813e-13,-2.9757936316798153e-13,-3.684799376032946e-13,5.688786152273836e-15,-1.7173202169020084e-14,-3.117652860212952e-14,4.077615079139087e-14,3.6569212033067515e-14,3.3664300764861094e-14,2.843524249283825e-14,2.8084845715420502e-14,3.0528288213490224e-14,-4.263403636227335e-14,-4.9435004004257936e-14,-3.79377643671224e-14,-3.728960004442132e-13,-3.090827657048993e-13,-3.85309539167207e-13,-1.3789083664031372e-12,6.933770465131453e-11,-1.6066914185256346e-12,6.669408732734633e-11,-1.3661444008606273e-10,9.698424040206692e-11,1.8061187733505352e-10,-4.5532190654868957e-10,2.0481959548829495e-10,4.6602460576672225e-11,6.107252120289104e-11,-3.1125654263530444e-10,-3.413311288489792e-12,4.790489655652842e-11,1.27473664287522e-10,-9.82077137155582e-13,-1.8332781684567435e-12,-2.5177336434507374e-12,-1.963005478719149e-13,-3.75298115606068e-13,-5.290844713339999e-13,-2.9071472794158954e-15,-3.4156806294933014e-14,-6.184926682193809e-14,3.767782029637139e-14,3.1777987110037394e-14,2.6398466953688133e-14,1.5357659604385513e-14,2.0395960964307977e-14,2.7575920678781257e-14,-1.0183067685163185e-13,-7.764829127559401e-14,-4.1309549940344945e-14,-6.68161505983511e-13,-4.1499049841806425e-13,-3.5807803920967984e-13,-2.320817327548289e-12,6.914591442841247e-11,-1.2217633179191097e-12,1.6837149735651013e-10,-1.3215170758011132e-10,9.955482402662017e-11,-1.0848404997702445e-11,-3.4401966062965624e-10,1.31736961692312e-10,8.142353007642939e-11,8.76135082169525e-11,-3.4356507132285685e-10,-3.3858457517561874e-12,5.033028983824192e-11,1.6278168890166608e-10,-1.0216077642930996e-12,-1.9423806766171967e-12,-2.545832805423985e-12,-2.1454754352206946e-13,-4.228162656176557e-13,-6.219765439269593e-13,-9.339793990588915e-15,-4.7854662383629974e-14,-8.636206976201371e-14,3.492071555716263e-14,2.7347716324775486e-14,1.966096107824908e-14,1.812689819162311e-15,1.1123288206079368e-14,2.3670843613198465e-14,-1.7878112145020733e-13,-1.2700436029183435e-13,-5.5680547094164526e-14,-1.0379510477140462e-12,-6.895790493902694e-13,-4.2235105816365096e-13,6.675906900188636e-11,9.253229455583909e-11,-1.458087405450192e-12,-2.1769216248281886e-10,-2.1846936459536396e-10,9.191904556496092e-11,3.0745873674488543e-10,-3.7018057414212854e-10,2.8150418242599373e-10,5.34322043706953e-11,7.705512602624461e-11,-2.57783979156917e-10,-2.419268961651239e-12,1.1734486627079033e-10,2.0252663786755595e-12,-9.767861295622736e-13,-1.8765952132062563e-12,2.92612634755508e-11,-2.2845494923876355e-13,-5.100183227749509e-13,-8.051151218042361e-13,-1.5820690377107665e-14,-6.795283792700367e-14,-1.2994286279098237e-13,3.221657226243494e-14,2.2192831894068097e-14,1.1006543708884312e-14,1.545355099476903e-14,1.87612311823157e-14,2.7774369798362054e-14,-9.412411470854554e-14,-8.389245653937424e-14,-3.291815307722211e-14,-6.220990604562471e-13,-5.112221787750154e-13,-3.1020283361161585e-13,-2.049874690121146e-12,5.552948679783798e-11,-1.100899061863289e-12,1.9543702172713235e-10,-5.198534672775021e-11,5.5338535956825316e-11,-1.1357558304338474e-10,-5.138818241555842e-10,2.5931501016087644e-10,1.880082464729453e-10,-2.654746261966026e-10,-1.2021244198438075e-10,3.078098245925662e-11,-2.7110671280974575e-11,3.742447661236813e-12,-9.32473261323635e-13,3.067026041643276e-11,2.9391465565757955e-11,-2.445814878069157e-13,-5.043678022903128e-13,-7.458345366140476e-13,-1.7772762381891506e-14,-7.357496437444387e-14,-1.1860419187466898e-13,3.136530561165367e-14,2.1350026773931757e-14,1.2648032380340516e-14,3.7799784163323024e-14,3.8586916724227186e-14,4.2237467136425466e-14,-4.9718057849776395e-15,-4.1279685836980665e-15,1.4568938401197727e-14,-1.8795091322451484e-13,-2.0097765732445862e-13,-1.0162647132846255e-13,-6.492102750367029e-13,-4.3319375462529494e-13,-4.744611816941787e-13,7.091094747674415e-11,2.3641022128264664e-10,-3.839190296012419e-13,-1.0875801805199116e-10,-4.847341198799281e-10,2.1389727153132033e-10,1.6555154187983548e-10,-2.35552699300591e-10,6.342977745395392e-12,-4.918739071125671e-13,1.2466197096941737e-10,6.33092745146299e-11,-4.2596742115549815e-13,-6.787732913693666e-13,-1.089914567255548e-12,-8.817576152630958e-14,-2.15386692736599e-13,-3.0195650937194307e-13,1.7816480575244588e-14,-6.781050345907603e-15,-2.5317880651489112e-14,4.306509845137788e-14,3.815037498249472e-14,3.414275919320179e-14,2.3294920403024115e-12,2.3296444674758645e-12,2.330951677716411e-12,2.3137466709326285e-12,2.3133951636616207e-12,2.3194775675492623e-12,2.2520488495094116e-12,2.2454681332378213e-12,2.2744457320029913e-12,2.0721423811358827e-12,2.4035080652233005e-12,2.1400951126640634e-12,2.7635549373245734e-12,2.5881926197425467e-10,2.6315609818025285e-12,3.307134586219994e-10,-1.1085968474817794e-09,2.5938483396262723e-10,3.2094541538183612e-12,3.521629948148929e-10,3.605542402070097e-11,1.9616349509645403e-12,2.3706244319653818e-12,1.667921730891001e-12,2.1643286353040135e-12,2.0206724232252524e-12,1.9363147413076393e-12,2.279555709091376e-12,2.240228659963425e-12,2.2136083664925405e-12,2.3203899513241396e-12,2.31162620371887e-12,2.3050751134356904e-12,2.3311304468692804e-12,2.329146961496697e-12,2.327552032470916e-12
-5.357313192116494e-12,-5.35731327690108e-12,-5.35731328045817e-12,-5.357313268908465e-12,-5.357313379890562e-12,-5.357313281197718e-12,-5.357313272953762e-12,-5.357313321991524e-12,-5.357313268655958e-12,-5.35731323059036e-12,-5.357313318480496e-12,-5.357313268609195e-12,-5.3573132258628275e-12,-5.35731339444119e-12,-5.3573132552913384e-12,-5.357313238012018e-12,-5.357313322248223e-12,-5.357313269004043e-12,-5.35731323794675e-12,-5.357313322171881e-12,-5.357313269015762e-12,-5.357313226242852e-12,-5.357313396395483e-12,-5.357313256272833e-12,-5.3573132389651e-12,-5.357313319494024e-12,-5.357313265762916e-12,-5.3573132361877016e-12,-5.357313330484393e-12,-5.357313273812366e-12,-5.35731323567223e-12,-5.3573133692454845e-12,-5.357313291212959e-12,-5.35731327752161e-12,-5.357313307386217e-12,-5.357313272215185e-12,1.1150351267716618e-13,1.1150344181267904e-13,1.115035090100645e-13,1.1150345758785262e-13,1.1150328577955314e-13,1.1150348033411827e-13,1.115034938071852e-13,1.1150337973321189e-13,1.1150348320181128e-13,1.1150348517453607e-13,1.1150337545258453e-13,1.1150348998303956e-13,1.1150348544051583e-13,1.1150338208745435e-13,1.115034890851342e-13,1.1150348512985701e-13,1.1150337448103586e-13,1.1150349492106871e-13,1.1150348513103154e-13,1.115033750519375e-13,1.1150348443398405e-13,1.1150348643049593e-13,1.1150338009668749e-13,1.1150350476352522e-13,1.115034873585845e-13,1.1150336560203877e-13,1.1150350029691228e-13,1.1150348031166403e-13,1.1150337045206124e-13,1.115035021987443e-13,1.1150346868508395e-13,1.1150332086949096e-13,1.1150346965213968e-13,1.1150350687549746e-13,1.1150344789652216e-13,1.1150356232858067e-13,1.3041643636180162e-13,1.30416295177487e-13,1.3041636348250203e-13,1.304163246231046e-13,1.304162994837723e-13,1.304164114326435e-13,1.30416386185247e-13,1.304162508647406e-13,1.3041637086410753e-13,1.3041638361192447e-13,1.3041626180807354e-13,1.3041639262879737e-13,1.3041638258950257e-13,1.3041626900843197e-13,1.3041638115336678e-13,1.3041638358174045e-13,1.3041625883493924e-13,1.30416378591565e-13,1.3041638604389444e-13,1.3041625765713663e-13,1.3041638136503858e-13,1.304163760235957e-13,1.3041627756221622e-13,1.3041636914112747e-13,1.304163873412093e-13,1.3041626191029659e-13,1.3041636959861086e-13,1.3041637944008752e-13,1.3041626812281234e-13,1.3041638332849475e-13,1.3041636603590357e-13,1.3041624302179128e-13,1.3041633716455854e-13,1.3041636896862154e-13,1.3041631633524518e-13,1.30416425605628e-13,1.2614290081163721e-13,1.261428667843898e-13,1.2614292372876413e-13,1.2614288530853416e-13,1.2614270904077234e-13,1.261428747029066e-13,1.2614289738325792e-13,1.2614279324982018e-13,1.2614291465020973e-13,1.2614289800451499e-13,1.2614280608695647e-13,1.261428575278914e-13,1.2614290317561358e-13,1.2614281380595472e-13,1.261429066306323e-13,1.2614290202655632e-13,1.2614281064184025e-13,1.2614291422915783e-13,1.261428954396969e-13,1.2614281716600922e-13,1.261429087940416e-13,1.2614289723530487e-13,1.2614280751975446e-13,1.2614291931246462e-13,1.261428974569715e-13,1.2614280170779607e-13,1.2614290217918164e-13,1.2614288756737297e-13,1.261428009524582e-13,1.261429011393744e-13,1.261428784990113e-13,1.2614277808271887e-13,1.2614286676641074e-13,1.2614289818491952e-13,1.2614285121775136e-13,1.2614292638660853e-13,1.2197229934227736e-13,1.2197215940807498e-13,1.2197222513846693e-13,1.219721814430889e-13,1.2197213301772814e-13,1.2197221263404708e-13,1.2197226165691335e-13,1.219721555866193e-13,1.2197222914533063e-13,1.2197226320680425e-13,1.2197210939557273e-13,1.21972239022246e-13,1.2197221688216883e-13,1.2197212149500608e-13,1.2197224008591302e-13,1.219722249304932e-13,1.2197212394935758e-13,1.219722331901994e-13,1.2197222754032155e-13,1.219721203743573e-13,1.2197224012449647e-13,1.2197221467305133e-13,1.219721287866355e-13,1.219722276085583e-13,1.2197227011303778e-13,1.2197212132245006e-13,1.2197224087404247e-13,1.219722548812637e-13,1.2197211508541535e-13,1.2197223747400946e-13,1.2197223537492395e-13,1.2197209492628873e-13,1.2197219439848374e-13,1.2197226345287514e-13,1.2197215947049965e-13,1.219723085354803e-13,1.179707188311828e-13,1.1797066436193724e-13,1.1797070857089508e-13,1.1797063656890938e-13,1.179705808335403e-13,1.1797070373536605e-13,1.1797070712121259e-13,1.1797060462296067e-13,1.1797066545530603e-13,1.1797069285539079e-13,1.179706142545653e-13,1.1797072520302292e-13,1.1797070656101663e-13,1.1797061752886604e-13,1.1797067626192556e-13,1.1797071562141346e-13,1.179706202998589e-13,1.179706834135813e-13,1.179707061151978e-13,1.179706219912316e-13,1.1797067381992037e-13,1.179707158512695e-13,1.179706184329389e-13,1.1797072613905695e-13,1.1797070470610208e-13,1.179705589467573e-13,1.1797067819296173e-13,1.1797069753186446e-13,1.1797064353723961e-13,1.179706794865252e-13,1.179707049004451e-13,1.1797052963026874e-13,1.1797065763206686e-13,1.1797066024380968e-13,1.1797067699799352e-13,1.1797070948886522e-13,1.1413054673768686e-13,1.1413046157715916e-13,1.1413051445523074e-13,1.1413048030223087e-13,1.1413040120924907e-13,1.1413048057005563e-13,1.1413048833079258e-13,1.1413042552849398e-13,1.1413050253379066e-13,1.1413052522077154e-13,1.1413038395903635e-13,1.141305185523694e-13,1.1413050902810358e-13,1.1413042346445782e-13,1.1413052355547198e-13,1.1413050670933861e-13,1.141303976828004e-13,1.1413050413482458e-13,1.1413050929172055e-13,1.1413040123478746e-13,1.14130511091483e-13,1.1413050693272342e-13,1.1413038868595593e-13,1.141305193132851e-13,1.1413051013416846e-13,1.141304355323444e-13,1.141305176812537e-13,1.1413051182589984e-13,1.141304017602079e-13,1.1413052422374586e-13,1.1413049348055816e-13,1.1413037025532094e-13,1.1413049384553544e-13,1.1413051534763018e-13,1.1413049248738243e-13,1.141305417658677e-13,1.1044417443864938e-13,1.1044408374448372e-13,1.1044414510898328e-13,1.1044412391488246e-13,1.1044400251580154e-13,1.1044409839844467e-13,1.1044414903164338e-13,1.1044405629380523e-13,1.1044414392686544e-13,1.1044410903012034e-13,1.104440597016908e-13,1.1044413670575883e-13,1.1044414147208904e-13,1.1044405200932228e-13,1.1044413897486954e-13,1.104441357364009e-13,1.1044405917849745e-13,1.1044411844119086e-13,1.1044413578199923e-13,1.1044405921554448e-13,1.1044411760279807e-13,1.104441358627277e-13,1.1044406447706264e-13,1.1044413705870242e-13,1.1044414096872782e-13,1.1044405344082537e-13,1.10444135488048e-13,1.1044412372318658e-13,1.1044403088560047e-13,1.104441452407441e-13,1.1044410891437807e-13,1.1044405248355849e-13,1.1044408081661735e-13,1.1044415236747861e-13,1.1044405024534266e-13,1.1044418756309199e-13,1.0690440295230696e-13,1.0690433026040417e-13,1.0690435764399943e-13,1.0690434003904337e-13,1.0690427840907134e-13,1.0690437510512947e-13,1.0690437337736485e-13,1.0690429964068205e-13,1.0690435350981535e-13,1.0690438474557862e-13,1.0690430063338603e-13,1.0690437321996062e-13,1.0690436707777621e-13,1.0690429859242772e-13,1.069043725670235e-13,1.0690437936481235e-13,1.0690430366064654e-13,1.0690437431601047e-13,1.069043797767798e-13,1.0690429855750519e-13,1.0690437800391607e-13,1.0690437504082425e-13,1.0690429225740038e-13,1.0690437507408838e-13,1.0690437718651945e-13,1.0690430160485957e-13,1.0690437605960057e-13,1.0690437935113318e-13,1.0690431386812962e-13,1.0690435957662535e-13,1.0690434523218988e-13,1.0690425375772472e-13,1.0690435169489142e-13,1.0690438434258656e-13,1.069043406502733e-13,1.0690441216607712e-13,1.0350446958480262e-13,1.0350442435292933e-13,1.035044491299355e-13,1.0350440742920093e-13,1.0350430873938872e-13,1.035044325583744e-13,1.0350443888622369e-13,1.035043440846095e-13,1.0350444029873152e-13,1.0350443714472174e-13,1.0350433935604203e-13,1.0350444236052282e-13,1.0350443145529836e-13,1.0350433546721474e-13,1.0350442412122586e-13,1.0350443629948371e-13,1.0350433479999503e-13,1.0350445311505582e-13,1.0350443828523255e-13,1.0350434103215794e-13,1.0350442622779396e-13,1.0350444232160575e-13,1.0350433758042049e-13,1.0350446229045256e-13,1.0350444712339486e-13,1.0350433886103421e-13,1.0350444294830089e-13,1.0350444531155832e-13,1.0350435664141961e-13,1.0350443872982597e-13,1.035044429358229e-13,1.0350430225194608e-13,1.035044466771075e-13,1.0350443465360028e-13,1.0350443600087231e-13,1.0350443800378354e-13,1.0023789923007416e-13,1.0023780683316448e-13,1.0023786729513487e-13,1.0023784698912876e-13,1.0023777163950597e-13,1.0023783528857337e-13,1.0023784830848346e-13,1.0023777932153474e-13,1.002378314269752e-13,1.0023781812087678e-13,1.0023772595523759e-13,1.0023784709587465e-13,1.0023783270478022e-13,1.0023776417169032e-13,1.0023781492161359e-13,1.0023782345191123e-13,1.002377186253026e-13,1.002378633637401e-13,1.0023784981537712e-13,1.0023777445334823e-13,1.0023785317478942e-13,1.0023786782112723e-13,1.0023779234124611e-13,1.0023786889404511e-13,1.002378594745687e-13,1.0023779582870016e-13,1.0023786879266217e-13,1.0023787952346785e-13,1.0023780751407307e-13,1.0023788533873334e-13,1.0023785570539745e-13,1.002377746811444e-13,1.0023786203418217e-13,1.0023789613278764e-13,1.0023782423464139e-13,1.0023792082539231e-13,9.709854344615151e-14,9.709850682970034e-14,9.709854266860981e-14,9.709847015266384e-14,9.709839376326048e-14,9.709847477366956e-14,9.709842033156262e-14,9.709833235625805e-14,9.709839625263307e-14,9.709832048365071e-14,9.709822680079748e-14,9.709832385010697e-14,9.709828478070986e-14,9.709819245101587e-14,9.709828207861856e-14,9.709830520492363e-14,9.709823356295537e-14,9.709831357301713e-14,9.709842426482825e-14,9.709832628888987e-14,9.709840886366228e-14,9.709850392760501e-14,9.709841662526922e-14,9.709850387670917e-14,9.70985543228342e-14,9.709847765433008e-14,9.709854902680629e-14,9.709860601603578e-14,9.709850769081393e-14,9.70985839169606e-14,9.709858266001766e-14,9.709846135683072e-14,9.709857350879414e-14,9.709860626633708e-14,9.709856795796713e-14,9.709862713626873e-14,9.408053791016066e-14,9.408043902686493e-14,9.408050553091068e-14,9.408025739693064e-14,9.408014874556487e-14,9.408027175995504e-14,9.407985384637799e-14,9.407976231241398e-14,9.407985167292054e-14,9.407934383565456e-14,9.407921715010839e-14,9.407932572568615e-14,9.407908598499792e-14,9.407893329671982e-14,9.407907333267188e-14,9.407932842490897e-14,9.407923725913565e-14,9.407933773048649e-14,9.407986919833236e-14,9.407976954741302e-14,9.407983845161702e-14,9.408028437559191e-14,9.408023594128646e-14,9.408029712672403e-14,9.408060248764056e-14,9.4080479328413e-14,9.408059656522771e-14,9.408068380479632e-14,9.40806485862812e-14,9.408071528344776e-14,9.408077877770234e-14,9.408066412246743e-14,9.408075236707503e-14,9.408076741939535e-14,9.408076068933675e-14,9.408080098798484e-14,9.117763221345222e-14,9.117756046119995e-14,9.117759210395788e-14,9.117649218694511e-14,9.117633623386267e-14,9.117646603026872e-14,9.117425034130402e-14,9.117401812610064e-14,9.11741992584551e-14,9.117144575834296e-14,9.117108919033563e-14,9.117135735570509e-14,9.116994408275932e-14,9.11695376927509e-14,9.116981644295773e-14,9.117141867794251e-14,9.11711314040579e-14,9.117134027687548e-14,9.117427259397954e-14,9.117405683482439e-14,9.117421087609452e-14,9.117661856214265e-14,9.117648731475679e-14,9.117660275672608e-14,9.11779647679532e-14,9.117787183307239e-14,9.117793373443479e-14,9.117856959275104e-14,9.11785181557016e-14,9.117857914095743e-14,9.117878905416951e-14,9.117870944388478e-14,9.117879078981657e-14,9.117890206210168e-14,9.117885865346371e-14,9.117891693531235e-14,8.83821099481689e-14,8.83818958102409e-14,8.838201007896354e-14,8.837664973126945e-14,8.837622718698185e-14,8.837651127203269e-14,8.836513897670639e-14,8.836419016549606e-14,8.836480698661886e-14,8.834994638479551e-14,8.834808487276838e-14,8.834942420820094e-14,8.834140096311491e-14,8.83388791829568e-14,8.834072037401749e-14,8.834994600858182e-14,8.834803990436181e-14,8.834938262517885e-14,8.83651973927869e-14,8.836424311568825e-14,8.836487565543262e-14,8.83771010976283e-14,8.837667490763827e-14,8.837693392634097e-14,8.838357111636493e-14,8.838338498643562e-14,8.838351706112325e-14,8.838634540662456e-14,8.838621994058011e-14,8.838632253159903e-14,8.838734676763209e-14,8.838728509089608e-14,8.838734103333093e-14,8.838766857804242e-14,8.838765183596498e-14,8.838769059066915e-14,8.567860271174331e-14,8.5677730161212e-14,8.567815847397367e-14,8.565303901135499e-14,8.565081057950089e-14,8.565217963020789e-14,8.559602890584718e-14,8.55902253630745e-14,8.559416857754781e-14,8.551681820584461e-14,8.550455375193797e-14,8.551356451741853e-14,8.546919405599319e-14,8.545185463160928e-14,8.546513678741425e-14,8.551655009076757e-14,8.550428059382104e-14,8.551332710801123e-14,8.559612666374187e-14,8.559028037844103e-14,8.559428205751416e-14,8.565457957113614e-14,8.565238153215876e-14,8.56537347022622e-14,8.568440157355825e-14,8.568368415153875e-14,8.568409039842232e-14,8.569655156312534e-14,8.5696306463701e-14,8.569645057538197e-14,8.570071043944295e-14,8.570059641931473e-14,8.570066828092206e-14,8.570192915309556e-14,8.570186735280268e-14,8.570193130169882e-14,8.302355996609761e-14,8.301916805494241e-14,8.302143363140573e-14,8.290946596776427e-14,8.289708519197658e-14,8.290488905092404e-14,8.26415803515163e-14,8.26054718798097e-14,8.263103959696285e-14,8.223795038428425e-14,8.215471700832084e-14,8.221873590010396e-14,8.197185453254239e-14,8.184539656896091e-14,8.194711354516251e-14,8.223633806778696e-14,8.215292062138656e-14,8.221704841810184e-14,8.264104721989356e-14,8.260481803401886e-14,8.263053288094503e-14,8.291451874425465e-14,8.290218853824822e-14,8.291000262602228e-14,8.304548582492892e-14,8.304186387484595e-14,8.304385928890771e-14,8.309556488562138e-14,8.309459992329196e-14,8.309507191768139e-14,8.311184390625604e-14,8.311153060026327e-14,8.311169531690829e-14,8.311626714003412e-14,8.311617853196142e-14,8.311626001859308e-14,8.028039779456722e-14,8.025868918352333e-14,8.027037517859087e-14,7.980150176995667e-14,7.973335395311353e-14,7.97778154444498e-14,7.858945803030176e-14,7.837226174726796e-14,7.853190290716863e-14,7.661202698890204e-14,7.606566454835165e-14,7.650096451563324e-14,7.51654309707437e-14,7.426846349790836e-14,7.50173943331665e-14,7.660230648010789e-14,7.605450833359308e-14,7.64911537380854e-14,7.858368830725958e-14,7.836540756269138e-14,7.852607402554956e-14,7.981611466801831e-14,7.974825067742673e-14,7.979294227615548e-14,8.035691506957448e-14,8.03390403063745e-14,8.034915539473066e-14,8.055003634363999e-14,8.054575198745941e-14,8.054776153394878e-14,8.060904435176506e-14,8.060805835821346e-14,8.06084157581791e-14,8.062425972919673e-14,8.062403149018714e-14,8.062412065521654e-14,7.704469378605943e-14,7.694304306110901e-14,7.699904869193506e-14,7.516975850134332e-14,7.481997428737044e-14,7.505344327528551e-14,7.007683870287836e-14,6.884429151457205e-14,6.97738411517526e-14,6.090492185776167e-14,5.744609521239301e-14,6.028159757781719e-14,5.3255847474236054e-14,4.694461316849768e-14,5.238683723540695e-14,6.085109256845056e-14,5.738156254522876e-14,6.022741376375482e-14,7.003817294502823e-14,6.87986078328025e-14,6.973517247030973e-14,7.520446800722077e-14,7.485490791190444e-14,7.509033944707495e-14,7.728949476487617e-14,7.720490648803326e-14,7.725366573312508e-14,7.797386997629034e-14,7.795546911067843e-14,7.796400650699215e-14,7.816935935687512e-14,7.816557157935142e-14,7.816688571583935e-14,7.821706615337037e-14,7.821619215107085e-14,7.821639123051911e-14,7.229459012405693e-14,7.186820926771739e-14,7.209973270813697e-14,6.57138491244442e-14,6.40777161574269e-14,6.517522611991733e-14,4.621467790563097e-14,3.973748046375347e-14,4.469660197268082e-14,6.746267097914545e-15,-1.4060274547191114e-14,3.3756069684633315e-15,-3.208295257410295e-14,-7.572635349565844e-14,-3.706994073715873e-14,6.467132018473641e-15,-1.4419299425810895e-14,3.0954840443484597e-15,4.6006731014410696e-14,3.948207861908132e-14,4.448874558278609e-14,6.576275326427632e-14,6.412146467213223e-14,6.52328401130439e-14,7.298790214549777e-14,7.262725747872924e-14,7.283282978608865e-14,7.517260325971145e-14,7.510062427798352e-14,7.513300488983661e-14,7.57491360603639e-14,7.57354385786702e-14,7.573976771691958e-14,7.588172497741052e-14,7.587890443587604e-14,7.587937488019888e-14,6.418500207545906e-14,6.263433689834302e-14,6.34209100024096e-14,4.425956081943012e-14,3.755507064507429e-14,4.194694134249718e-14,-2.103316631304713e-14,-5.1475203267559466e-14,-2.8163368729650346e-14,-1.7324127469274896e-13,-2.8847108419015765e-13,-1.9061106186552454e-13,-3.5747352860777985e-13,-5.081623827323356e-13,-3.853562225613493e-13,-1.745927757459557e-13,-2.900861083632546e-13,-1.9196700096958121e-13,-2.1998839185877536e-14,-5.2742094967999857e-14,-2.912865269164079e-14,4.4180140297134666e-14,3.7419752048260264e-14,4.189764621268643e-14,6.584669843458278e-14,6.451189927695769e-14,6.522938343391995e-14,7.182647353118784e-14,7.15810862358057e-14,7.167874559519785e-14,7.328872794587214e-14,7.324584620926263e-14,7.325651971302508e-14,7.360391514260885e-14,7.359554555267097e-14,7.359625421448751e-14,5.153637625549531e-14,4.697029199121138e-14,4.886075372841552e-14,3.2195151463597777e-15,-1.917679021055423e-14,-5.7448615278651875e-15,-1.7439535095195916e-13,-2.9297861363365006e-13,-2.0509129808414694e-13,-6.640204210873291e-13,-9.34274402998015e-13,-7.480144083673518e-13,-1.1511905135626475e-12,6.289551111310979e-11,-1.3024058449945127e-12,-6.690646544979014e-13,-7.929599254419938e-13,-7.531043780859542e-13,-1.7827336940772363e-13,-2.9765414831743145e-13,-2.0898424137135088e-13,2.326978538786018e-15,-2.0439922010888566e-14,-6.551542097946732e-15,5.4645683285635856e-14,5.063395216468281e-14,5.245026376251712e-14,6.779272901770228e-14,6.711540966616969e-14,6.730781303021024e-14,7.077613557764884e-14,7.066494647408817e-14,7.067775055106967e-14,7.138220368641047e-14,7.136175413851588e-14,7.136047838595002e-14,3.9494928254249984e-14,2.9930571731488285e-14,3.1494597780534396e-14,-4.1215818086168484e-14,-9.281429442998501e-14,-7.128482577760474e-14,-3.719811989328038e-13,-5.510848652677646e-13,-4.886841397642723e-13,-1.1844353255584037e-12,6.234842117990554e-11,-1.5547932422546498e-12,6.204364148706151e-11,-3.383872585615483e-10,6.140038872535953e-11,-9.07243782704417e-13,1.2822753757936366e-10,-1.2779115547467148e-12,-3.8302340460085214e-13,-2.732405264257989e-13,-4.99831341746197e-13,-4.487251687804103e-14,-9.727054536810317e-14,-7.473802663982843e-14,4.336659099663512e-14,3.475600104961895e-14,3.669832626424245e-14,6.394572356533752e-14,6.255907724098976e-14,6.260329722815739e-14,6.838438521835705e-14,6.81648634782614e-14,6.813003498408216e-14,6.925096369910461e-14,6.921180525847853e-14,6.919904919908278e-14,4.1360698623313914e-14,3.025874680539374e-14,2.235446749447933e-14,-2.1813931362074423e-14,-7.125960295527077e-14,-1.0328148988036528e-13,-2.517460351872605e-13,-4.851623345440027e-13,-6.201479835307128e-13,-8.723431075478422e-13,-1.4038202619099608e-12,-2.0120745257995974e-12,-1.2490070745766694e-12,1.2655282204640985e-10,6.394086030563311e-11,6.48016734557133e-11,-3.315291966316824e-10,6.366333448732772e-11,1.3389091568511355e-14,6.504642539515142e-11,-3.548525517029162e-13,-3.016179630732981e-14,6.22618841177066e-14,-1.1109758087588436e-13,4.3407682516441577e-14,3.3366535092479426e-14,2.7358178115281087e-14,6.217400032791028e-14,6.035162188682253e-14,5.921854570385391e-14,6.640665101023956e-14,6.610025979994641e-14,6.58935757498904e-14,6.725905037496254e-14,6.720264247002814e-14,6.716183636923374e-14,4.557728010710472e-14,3.2575290248152847e-14,1.5670699756477374e-14,-1.492994581931386e-15,-5.964636611396944e-14,-1.4685069691213874e-13,-1.6899160263949798e-13,-4.4356724770677133e-13,-8.0503632940189e-13,-6.071546170568161e-13,-1.2964642376925143e-12,6.43035948135011e-11,-8.19081863230716e-13,1.2981580355743441e-10,-2.1935738973632735e-10,6.496775936507951e-11,-2.6465678955693664e-10,1.299118453505914e-10,8.372291036542533e-14,6.499158454795452e-11,-5.52097816294752e-13,-1.3173652551909664e-14,6.755786135398382e-14,-1.578116609098667e-13,4.572077516443403e-14,3.378309029401098e-14,2.0147573308837198e-14,6.112000573652587e-14,5.897986213022577e-14,5.6789526684278195e-14,6.465510086777653e-14,6.429762451982759e-14,6.394915496909796e-14,6.53754837210085e-14,6.531014672519957e-14,6.524802869301209e-14,5.2212922526859123e-14,4.4230644336840895e-14,3.353044706004906e-14,2.6944467653223373e-14,-5.572596981728443e-15,-5.383859651778742e-14,-5.769565689722457e-14,-1.9337287175927201e-13,-2.790445793994031e-13,-2.588953598076812e-13,-2.931859319477149e-13,6.692483025261368e-11,-8.672763582381929e-14,1.320541345065452e-10,-2.104581426147246e-10,6.499895432069196e-11,-2.6222911339673333e-10,1.3218949794550608e-10,1.856620182809066e-13,6.4927052789726e-11,-3.580201732309331e-14,1.2974411074902925e-14,1.1638708558780036e-13,-6.740482386737189e-14,5.0211676523662854e-14,4.246562565238117e-14,3.437636194988291e-14,6.056649250484782e-14,5.90891170830792e-14,5.768599158060074e-14,6.305186681008364e-14,6.279543529891267e-14,6.255579780004337e-14,6.357561113881565e-14,6.352724444283127e-14,6.348249688691735e-14,5.6516777070682683e-14,5.3007800282551584e-14,4.8452179207624533e-14,4.535378552685089e-14,3.2152140244963765e-14,1.3874262668943822e-14,9.45422368147263e-15,-4.043700083193454e-14,2.737552448302875e-14,-7.171551466153023e-14,2.0206858265223346e-13,6.776617226577233e-11,2.4635097666663627e-13,1.3254827557924676e-10,-2.05676505063652e-10,6.491986693250387e-11,-2.607186628281834e-10,1.3275598506825485e-10,2.3719870840256155e-13,6.481539800396392e-11,2.539575775758393e-13,2.5924348512577435e-14,1.4521128333502715e-13,-5.770322422839709e-15,5.156682250110205e-14,4.729321103915595e-14,4.466113311356762e-14,5.93568205578584e-14,5.84900020532005e-14,5.799894310133606e-14,6.135487761221166e-14,6.120013666298274e-14,6.110640723909039e-14,6.180204282431398e-14,6.177171556476337e-14,6.175237146169411e-14,5.738099246042247e-14,5.5933154136984644e-14,5.421740669157153e-14,5.129837460911219e-14,4.5860672424724174e-14,3.940991521586991e-14,3.053258255142526e-14,1.0282896049703555e-14,1.2671430244384133e-13,-2.208704398027536e-14,3.3483616414338697e-13,6.777390972052063e-11,3.0267204310379234e-13,1.3227948047190498e-10,-2.0412220112791328e-10,6.470623153795858e-11,-2.5990969516744423e-10,1.3263340743154214e-10,2.0491053856793873e-13,6.460405417793254e-11,2.9507874885748674e-13,1.0683098719196734e-14,1.2940014944414464e-13,-3.549469402984995e-15,4.504203656864829e-14,4.095655102360722e-14,4.171896471268527e-14,5.624204410577888e-14,5.5400559754729585e-14,5.5538688082767354e-14,5.928014904560625e-14,5.912760288202549e-14,5.914023056487233e-14,5.998281678457981e-14,5.995247255369268e-14,5.995218961877024e-14,5.572498683145726e-14,5.4883830444193055e-14,5.4328994095794875e-14,4.8322203145585306e-14,4.4698975523765084e-14,4.289741065280176e-14,1.9097549554444483e-14,3.0738148851729594e-15,1.364984836401608e-13,-7.216633874898859e-14,2.7680191943213026e-13,6.731294923323795e-11,1.244459559960889e-13,1.314269329595679e-10,-2.7082809866732146e-10,6.420130649073786e-11,-2.5968787722204696e-10,1.9912114823187294e-10,-8.54470418929233e-15,6.414642659546013e-11,3.6361260313343265e-13,-6.852468515453268e-14,1.9417310803192854e-14,-8.24601545255937e-14,2.0437441563213755e-14,1.0269837723354944e-14,1.6716743706631878e-14,4.87518207977153e-14,4.677127766487194e-14,4.7897219711443616e-14,5.6283563490078926e-14,5.593246778755532e-14,5.609871673789245e-14,5.799030145387778e-14,5.792272822582726e-14,5.794619712761128e-14,5.215326428391415e-14,5.1187733035270645e-14,5.1471910042151833e-14,3.7485021654282655e-14,3.2261146874402295e-14,3.4636437348196106e-14,-2.730556161803652e-14,-5.777934379096322e-14,-3.901634555894028e-14,-2.6330809362162456e-13,-2.925477105513219e-13,1.0811462209563828e-13,-6.63936489785694e-13,6.35459360967424e-11,1.3335842345064292e-10,6.295431139372361e-11,-1.3270670539468492e-10,-2.0673518940309389e-10,-7.288743023333327e-13,6.317462368084347e-11,6.644848169826567e-11,-3.085376417846886e-13,-3.5287367289244274e-13,-2.01834770681423e-13,-4.6135207075379135e-14,-8.081130380117631e-14,-5.50833976938101e-14,3.166093358290481e-14,2.543303631866528e-14,2.9394867505423083e-14,5.131935105434858e-14,5.0266372197301124e-14,5.0807472799881343e-14,5.559691684856171e-14,5.540141739443733e-14,5.547180776791277e-14,4.7395797208453223e-14,4.576377679794386e-14,4.6855915263096395e-14,2.0545354464649286e-14,1.031148104628661e-14,1.8165236584822587e-14,-1.0764132697776834e-13,-1.7768463713103944e-13,-1.1859045699947962e-13,-6.296419682897041e-13,-8.683810785328393e-13,-5.364988235728668e-13,-1.9308625537842834e-12,1.2322632754619995e-10,6.5454319050882e-11,1.222583910322684e-10,-4.1076126363662327e-10,-8.087745459070195e-11,-2.2763122398001067e-12,1.22527937970295e-10,6.502444714937692e-11,-8.392096658615015e-13,-1.20931188323384e-12,-7.969391110343942e-13,-1.8521665560902366e-13,-2.900855147054096e-13,-2.147708778153294e-13,-1.5719383835681074e-15,-1.9383708777190437e-14,-9.173330172415655e-15,4.310139550323585e-14,4.018322814825363e-14,4.1392294315466e-14,5.253097288962167e-14,5.200223578296597e-14,5.2124982978506003e-14,4.345712001400473e-14,4.127484956746881e-14,4.258055482389713e-14,8.071516235778725e-15,-5.637742110125012e-15,3.80857185088357e-15,-1.6137368597309755e-13,-2.5344551835001166e-13,-1.8285393202017404e-13,-8.491961553746273e-13,-8.777520638041899e-13,-8.101275083028877e-13,-2.2840034038427296e-12,2.379234039388634e-10,6.4416748179352e-11,1.6472718162822297e-10,-6.831657334700326e-10,-1.0556156076346417e-10,-3.8048388552482695e-12,2.1676528250302737e-10,1.2971525116957833e-10,-1.5856984465603499e-12,-2.369447706097569e-12,-1.5601681288058612e-12,-3.99115196101287e-13,-6.43076697369906e-13,-5.102460830364029e-13,-5.3355551097642766e-14,-9.582395472918639e-14,-8.024101128757885e-14,3.102791307359051e-14,2.4031005022471872e-14,2.5356637119476605e-14,4.866845139123413e-14,4.74057390084043e-14,4.740878167963107e-14,4.0178847239229855e-14,3.758297637211576e-14,3.852742532234676e-14,-1.0643998644022704e-15,-1.7171927579165222e-14,-1.0236479837320465e-14,-1.9633513826550514e-13,-1.651662968514853e-13,-2.4920991148135924e-13,-7.037182838107607e-13,7.02027471805789e-11,-9.739026986426282e-13,6.861508587647726e-11,-2.570948080487761e-10,6.800600871261914e-11,1.0222556360173783e-10,-1.8869077948993573e-10,2.6475811735959484e-10,4.646794269362027e-11,-6.912040929814249e-11,-2.027200148019899e-10,-2.623906988920966e-12,4.82686932473028e-11,6.296437864149455e-11,-7.186254938444676e-13,-1.1866247305889908e-12,-9.749088335687592e-13,-1.2421267576728622e-13,-2.1834548597465875e-13,-2.0843322126502588e-13,1.5798518236787084e-14,8.472030417647918e-16,-5.582778619875292e-16,4.4273937407652255e-14,4.1641919861696724e-14,4.0911443814144766e-14,3.611640225101976e-14,3.369420107004297e-14,3.426685159228291e-14,-1.309072661067566e-14,-2.9152998174550366e-14,-2.6348277301011282e-14,-2.407691799573232e-13,-2.1375327352262902e-13,-3.350335149747536e-13,-8.473036904220567e-13,7.006884070819678e-11,-1.3695398924602582e-12,6.83770474560014e-11,-1.6177806196281975e-10,9.766126364708801e-11,1.2511889102631907e-10,-3.8619179924793736e-10,1.0721862640156216e-10,2.46926819094902e-11,1.5148075514039055e-10,-1.7311625281044334e-10,-2.9988814727407895e-12,2.6025125324713507e-11,8.314463991820445e-11,-8.503773287320292e-13,-1.5193628942825678e-12,-1.7523212309323114e-12,-1.6276610415745812e-13,-2.975681701842426e-13,-3.6848003079054063e-13,5.689730581157221e-15,-1.7171849092928073e-14,-3.117645297541536e-14,4.077630744367397e-14,3.6569399298227896e-14,3.366431887679365e-14,2.843517537696926e-14,2.808451905864419e-14,3.0528195371514965e-14,-4.263472185678889e-14,-4.9437649054769744e-14,-3.7938262955968716e-14,-3.729019402446932e-13,-3.0896283723654575e-13,-3.85311771070934e-13,-1.378669356385262e-12,6.943825008078586e-11,-1.6064084211736363e-12,6.679463808411403e-11,-1.3722531956183471e-10,9.708492590798721e-11,1.8061132795113979e-10,-4.5506879570035823e-10,2.048727678528647e-10,4.660248740869699e-11,6.112658083241344e-11,-3.1148259865125843e-10,-3.4131981483429494e-12,4.790496312032949e-11,1.2753340258142552e-10,-9.820498004541897e-13,-1.833248008023272e-12,-2.5178245802381993e-12,-1.9629543905303814e-13,-3.7529282332407324e-13,-5.29101653221763e-13,-2.90629872353341e-15,-3.415591766371495e-14,-6.185058828312165e-14,3.7677963207124245e-14,3.1778150391843124e-14,2.6398415841290527e-14,1.535813120691752e-14,2.0395956065909584e-14,2.757589142552072e-14,-1.0182725157770667e-13,-7.764863754856273e-14,-4.1309802347804583e-14,-6.681362594455595e-13,-4.149938647080244e-13,-3.5807975953271805e-13,-2.3206474603063574e-12,6.914645149115139e-11,-1.2217685910806378e-12,1.6837315122749866e-10,-1.319925013439528e-10,9.955522903132587e-11,-1.079297664554834e-11,-3.443270393586186e-10,1.3185952862493287e-10,8.142468881411971e-11,8.772808080089655e-11,-3.4373943353672816e-10,-3.385549289984889e-12,5.0331040597448854e-11,1.6284266220151374e-10,-1.0215476258644658e-12,-1.942241517513972e-12,-2.5456110550084044e-12,-2.1453670140044598e-13,-4.22793782764661e-13,-6.219495024920988e-13,-9.337990831579866e-15,-4.7851218246493525e-14,-8.635771451798944e-14,3.4921009557284973e-14,2.7348259171108243e-14,1.9661669479319545e-14,1.813732666114531e-15,1.1123488047940968e-14,2.3670866467778737e-14,-1.7877296879349035e-13,-1.2700366516323587e-13,-5.568071783241904e-14,-1.0378845625258444e-12,-6.895806604827817e-13,-4.223537943673987e-13,6.675967819819704e-11,9.253251061416022e-11,-1.4581130114023685e-12,-2.176972574702889e-10,-2.1840635949663893e-10,9.191937456003602e-11,3.0751975774378573e-10,-3.704799251340242e-10,2.816331261872491e-10,5.3432553353661294e-11,7.718692416577398e-11,-2.5807045222546663e-10,-2.4189697528671263e-12,1.1734602138683387e-10,2.089602532284197e-12,-9.766989820214286e-13,-1.8763077506541723e-12,2.926211489816654e-11,-2.284369932656448e-13,-5.099679550216145e-13,-8.050113379024811e-13,-1.5817593849744988e-14,-6.794533659811632e-14,-1.2992906150362813e-13,3.221709595132004e-14,2.2193965178118195e-14,1.100847686484143e-14,1.5454263080046608e-14,1.876178783493225e-14,2.7774613818647296e-14,-9.411922677271466e-14,-8.388825803962784e-14,-3.291647216858763e-14,-6.220649683798465e-13,-5.11187751995644e-13,-3.101911927996042e-13,-2.0496732069192833e-12,5.5529492828886736e-11,-1.100830238458366e-12,1.9543787739619215e-10,-5.198659435421786e-11,5.533857728148944e-11,-1.1357567190128902e-10,-5.13824088235697e-10,2.5931595668138823e-10,1.880088906247156e-10,-2.654746229247554e-10,-1.201436340084009e-10,3.078159644544708e-11,-2.7115221000241537e-11,3.7407404335681936e-12,-9.323221676980652e-13,3.067086660904266e-11,2.939190086220669e-11,-2.4455372826103025e-13,-5.042858211187818e-13,-7.457193320834135e-13,-1.7768454422738995e-14,-7.3564207031269e-14,-1.185889073815877e-13,3.1365993411456146e-14,2.1351499522919707e-14,1.2650121894669896e-14,3.7800087083858026e-14,3.8587171105572006e-14,4.223763019517112e-14,-4.9700708533453774e-15,-4.126080878535182e-15,1.4569885552666935e-14,-1.8794024566851017e-13,-2.009645057402378e-13,-1.0162074315649988e-13,-6.491554555770385e-13,-4.3311334178158567e-13,-4.744317284322442e-13,7.09113190601873e-11,2.364104269549133e-10,-3.838090449606065e-13,-1.0875861122323342e-10,-4.847340114998565e-10,2.1389750920261787e-10,1.655520396066871e-10,-2.3555350419457665e-10,6.343738610185547e-12,-4.917098265095259e-13,1.246627559341421e-10,6.330961319494522e-11,-4.2591639433164793e-13,-6.786220822408559e-13,-1.0897177697047965e-12,-8.816482088137469e-14,-2.153593175535283e-13,-3.019198250581291e-13,1.7818373954179042e-14,-6.7768357136019774e-15,-2.5312172646624773e-14,4.306545956255153e-14,3.815104804819827e-14,3.414367011702339e-14,2.3294921432262313e-12,2.329644607954037e-12,2.3309517504968376e-12,2.3137472819351137e-12,2.3133959064624134e-12,2.3194779747944325e-12,2.2520523418594196e-12,2.245473036514576e-12,2.2744482016432375e-12,2.072159579092191e-12,2.403538366336181e-12,2.1401078594727543e-12,2.763624615334909e-12,2.58819816128212e-10,2.6316153831532513e-12,3.307142009404378e-10,-1.1085994923474328e-09,2.5938538434485045e-10,3.209527588992999e-12,3.5216373934675517e-10,3.605547861161115e-11,1.96167540356161e-12,2.370734498857399e-12,1.6680425330246345e-12,2.164342248455264e-12,2.0207051018824944e-12,1.93635530418616e-12,2.27955900191237e-12,2.2402357128987577e-12,2.2136174812052615e-12,2.3203906217393186e-12,2.3116274718639294e-12,2.305076773198289e-12,2.331130563332048e-12,2.3291472042640947e-12,2.3275523239956273e-12
-5.357313182943167e-12,-5.357313271374422e-12,-5.3573132790378626e-12,-5.357313270675518e-12,-5.357313423572425e-12,-5.3573132776867075e-12,-5.357313237625585e-12,-5.3573133118193146e-12,-5.357313273606067e-12,-5.357313224478247e-12,-5.3573133410586855e-12,-5.357313260481837e-12,-5.357313253786574e-12,-5.3573133844282085e-12,-5.357313254008434e-12,-5.357313257674688e-12,-5.357313308478183e-12,-5.357313267964964e-12,-5.357313257673639e-12,-5.357313308393259e-12,-5.357313268132833e-12,-5.357313253730544e-12,-5.357313375926982e-12,-5.357313252578122e-12,-5.3573132170005194e-12,-5.357313379476011e-12,-5.35731325796346e-12,-5.357313236272653e-12,-5.357313309627127e-12,-5.357313265892448e-12,-5.3573132169858305e-12,-5.357313406566734e-12,-5.357313279259629e-12,-5.357313309028799e-12,-5.357313285956446e-12,-5.357313281368248e-12,1.1150351929378471e-13,1.1150343875716998e-13,1.1150349440402347e-13,1.1150345535298185e-13,1.1150330546224392e-13,1.1150349740659459e-13,1.1150348096697202e-13,1.1150337388097933e-13,1.115034852224253e-13,1.1150348104092472e-13,1.1150337249764981e-13,1.1150349185376425e-13,1.1150349635578521e-13,1.1150338469582543e-13,1.1150349011828198e-13,1.115034956388038e-13,1.1150336681847895e-13,1.1150349260542586e-13,1.1150349698771e-13,1.1150336704712815e-13,1.1150349237978569e-13,1.115034970631046e-13,1.1150338085551907e-13,1.1150349173345633e-13,1.1150348086260752e-13,1.1150337710127181e-13,1.1150349491703136e-13,1.1150348767108348e-13,1.1150337960399723e-13,1.1150347328226057e-13,1.1150346606541426e-13,1.1150330348513928e-13,1.1150347081729062e-13,1.1150352220407752e-13,1.1150344790484728e-13,1.1150356622833578e-13,1.3041642324178492e-13,1.3041629459168883e-13,1.3041642689586335e-13,1.304163365891793e-13,1.3041625582767404e-13,1.304163376303937e-13,1.3041638866825095e-13,1.3041626739725055e-13,1.3041637816763816e-13,1.304163851267539e-13,1.3041627220342517e-13,1.3041637945740015e-13,1.3041638452816351e-13,1.3041626563821947e-13,1.3041638447126173e-13,1.3041638558143828e-13,1.304162648404805e-13,1.3041637106622394e-13,1.3041637961164833e-13,1.3041626765977215e-13,1.3041637550963301e-13,1.3041638609025694e-13,1.3041626711509795e-13,1.3041637106627968e-13,1.3041638299236134e-13,1.3041627184985796e-13,1.3041636314838165e-13,1.304163789136331e-13,1.3041625820019363e-13,1.3041643915682634e-13,1.3041635724401894e-13,1.3041629563950614e-13,1.3041631542864957e-13,1.3041636732647416e-13,1.3041629756468904e-13,1.3041643963403766e-13,1.2614292948704868e-13,1.2614286215011365e-13,1.2614290549102864e-13,1.261428857243249e-13,1.2614271316056234e-13,1.2614290650013244e-13,1.2614289063533012e-13,1.2614280312765967e-13,1.2614290197902009e-13,1.2614290022379049e-13,1.2614277461294015e-13,1.2614291048372925e-13,1.2614290153683712e-13,1.2614281467984196e-13,1.2614289263596337e-13,1.261429013132738e-13,1.2614281371642858e-13,1.261429198346547e-13,1.2614289636533947e-13,1.2614280479441164e-13,1.261429095310143e-13,1.261429050864638e-13,1.2614281060770855e-13,1.261429192828396e-13,1.2614289229431758e-13,1.2614277213771768e-13,1.26142923262227e-13,1.2614289672389642e-13,1.2614278444001627e-13,1.2614288839749557e-13,1.2614288673458223e-13,1.26142762713985e-13,1.261428739389019e-13,1.2614289105664374e-13,1.2614287843582084e-13,1.2614288642486933e-13,1.219722940021213e-13,1.2197215516610377e-13,1.21972227642774e-13,1.2197217902943888e-13,1.2197215587593136e-13,1.2197220556887452e-13,1.219722750232441e-13,1.2197210666965475e-13,1.2197224018756496e-13,1.2197225370971988e-13,1.2197217862095787e-13,1.2197222113665356e-13,1.2197222346579787e-13,1.2197211465307696e-13,1.2197224237130804e-13,1.2197222818598287e-13,1.219721316004826e-13,1.219722352059303e-13,1.2197222825383914e-13,1.219721317463063e-13,1.2197223857781817e-13,1.2197221808017111e-13,1.219721233065607e-13,1.219722240792056e-13,1.219722631645195e-13,1.219721662477762e-13,1.2197222895178975e-13,1.2197226255458607e-13,1.2197210479043773e-13,1.2197224314519447e-13,1.2197223223796345e-13,1.2197212779966442e-13,1.2197218930769598e-13,1.2197225288954769e-13,1.2197214614019085e-13,1.219723116205239e-13,1.1797071183158855e-13,1.179706867385388e-13,1.1797070600588959e-13,1.179706525077387e-13,1.1797051951229646e-13,1.1797071839716744e-13,1.1797067042511055e-13,1.1797057925516902e-13,1.1797067435069163e-13,1.1797071519144998e-13,1.1797055189121606e-13,1.1797073284010768e-13,1.1797070511110473e-13,1.179706232711692e-13,1.1797066666910957e-13,1.179707225777326e-13,1.1797055552428378e-13,1.1797070028222222e-13,1.1797071966621437e-13,1.1797057667388245e-13,1.179706727772697e-13,1.1797072016799554e-13,1.179705542367707e-13,1.1797074117525047e-13,1.1797071049235001e-13,1.179706103867253e-13,1.179706720968046e-13,1.1797064946739194e-13,1.1797062829309499e-13,1.1797067677124748e-13,1.179706943966593e-13,1.1797057296847842e-13,1.179706376778912e-13,1.1797070154318636e-13,1.1797065947226504e-13,1.179707439126076e-13,1.1413054835599868e-13,1.1413044818344584e-13,1.1413049870868294e-13,1.1413048194643328e-13,1.1413041958876688e-13,1.1413047505632897e-13,1.1413050443252398e-13,1.1413044919608535e-13,1.141305188518944e-13,1.141305093279711e-13,1.1413044539348438e-13,1.141305047850968e-13,1.141305031605811e-13,1.1413044066503485e-13,1.141305154151706e-13,1.1413050135901728e-13,1.1413045109340665e-13,1.141305155797327e-13,1.141305026649327e-13,1.141304490936749e-13,1.1413051902402068e-13,1.1413050239893598e-13,1.141304535729185e-13,1.1413051057818755e-13,1.1413049974378396e-13,1.1413042938695872e-13,1.141304947344444e-13,1.1413051685692703e-13,1.1413042879744229e-13,1.1413050815559768e-13,1.1413049481557354e-13,1.14130387316951e-13,1.141304679294959e-13,1.1413050378289316e-13,1.1413046483416263e-13,1.1413054899013198e-13,1.1044417511784059e-13,1.1044407363381308e-13,1.1044415562743941e-13,1.1044411861691342e-13,1.104440157494013e-13,1.1044411468264613e-13,1.1044414982915697e-13,1.1044404735802915e-13,1.1044413553305664e-13,1.1044410696015417e-13,1.104440535541475e-13,1.1044413268637999e-13,1.1044414539084103e-13,1.1044403530276352e-13,1.1044413661205397e-13,1.1044413853162998e-13,1.1044403425450435e-13,1.104441247238861e-13,1.1044413057900329e-13,1.1044403668182224e-13,1.1044412045937988e-13,1.1044413857696336e-13,1.1044403257765658e-13,1.1044414190951249e-13,1.1044413854960823e-13,1.1044403665168911e-13,1.1044413295348501e-13,1.1044415004162768e-13,1.1044402810051405e-13,1.1044415461859976e-13,1.1044409007090079e-13,1.1044404019227659e-13,1.104441057306851e-13,1.1044413591190536e-13,1.1044409358960837e-13,1.1044416069064102e-13,1.0690440915896298e-13,1.069043367664713e-13,1.069043741673288e-13,1.0690433474110422e-13,1.0690428256660226e-13,1.069043666853081e-13,1.0690437805625463e-13,1.0690425754713362e-13,1.0690436216213345e-13,1.0690440009442864e-13,1.0690429644745631e-13,1.0690437257359894e-13,1.0690436002071794e-13,1.0690428268753138e-13,1.0690438474747047e-13,1.0690439220236627e-13,1.0690429067396343e-13,1.0690436400209736e-13,1.069043913086162e-13,1.0690428647207252e-13,1.0690438677814556e-13,1.0690438941267784e-13,1.069042867508647e-13,1.0690435802471577e-13,1.0690439776724e-13,1.069042801932975e-13,1.0690439745401885e-13,1.0690434439501767e-13,1.0690431026759901e-13,1.0690437561424378e-13,1.0690438549360919e-13,1.0690426793885017e-13,1.0690432633402821e-13,1.0690439644397316e-13,1.069043202172675e-13,1.0690441671464072e-13,1.0350445635156879e-13,1.0350439145064189e-13,1.0350444557617291e-13,1.0350443578531422e-13,1.0350430679267165e-13,1.0350442479910118e-13,1.0350442786813997e-13,1.0350436227495094e-13,1.0350443512486462e-13,1.0350443429974388e-13,1.0350432884637469e-13,1.0350445781012086e-13,1.0350445583168012e-13,1.0350433521455954e-13,1.0350443186065725e-13,1.0350443198473676e-13,1.0350434900499159e-13,1.0350442883435801e-13,1.0350443120417796e-13,1.035043399394887e-13,1.0350444081638099e-13,1.0350443350314391e-13,1.0350437305041225e-13,1.0350443935341756e-13,1.0350444113056826e-13,1.0350434480300536e-13,1.0350443773199574e-13,1.0350445137185588e-13,1.0350435630466743e-13,1.0350443131202648e-13,1.0350441980965112e-13,1.0350431443472434e-13,1.0350445097501275e-13,1.0350443037695049e-13,1.0350443435248553e-13,1.035044408863246e-13,1.0023789773149835e-13,1.0023784780901742e-13,1.002378717963852e-13,1.0023783664839933e-13,1.0023776006336129e-13,1.0023784436687413e-13,1.0023785443328737e-13,1.0023777471002787e-13,1.002378318351024e-13,1.0023781700995544e-13,1.0023773163423316e-13,1.0023784215998696e-13,1.0023783327807131e-13,1.0023775331703293e-13,1.002378216955701e-13,1.0023781753157117e-13,1.0023772773683761e-13,1.0023784066400739e-13,1.0023786439616086e-13,1.0023777678872467e-13,1.0023785734417149e-13,1.0023786539080597e-13,1.002377828320416e-13,1.0023786519236259e-13,1.0023785725607918e-13,1.0023781027697829e-13,1.002378884925008e-13,1.0023789086328686e-13,1.0023778054017858e-13,1.0023789250923815e-13,1.0023787602916129e-13,1.0023780019441726e-13,1.0023783379508424e-13,1.0023789224265012e-13,1.0023782227572179e-13,1.0023792781272104e-13,9.709856706331799e-14,9.709849362135786e-14,9.709854154705953e-14,9.709847152122366e-14,9.709837943055741e-14,9.70984822942414e-14,9.709840750503993e-14,9.709833103063973e-14,9.709841493474712e-14,9.709832335578093e-14,9.709825419077997e-14,9.709831528582868e-14,9.709826209900872e-14,9.709817006891163e-14,9.709828615213896e-14,9.709833584454251e-14,9.709821792542578e-14,9.709832296631457e-14,9.709839796552459e-14,9.709833962690179e-14,9.709841401508545e-14,9.709848953244738e-14,9.709843092739488e-14,9.709847919671254e-14,9.70985592593964e-14,9.70984791969985e-14,9.709855613139191e-14,9.709856510596874e-14,9.709851351011921e-14,9.709856457772668e-14,9.709858972500685e-14,9.709848730781137e-14,9.709857679962477e-14,9.709859700909308e-14,9.709853907244694e-14,9.70986374096096e-14,9.408052256193103e-14,9.408044299140913e-14,9.408048254083192e-14,9.408025288803132e-14,9.408018939804351e-14,9.408026893761237e-14,9.407987321818618e-14,9.407972171456965e-14,9.40798451574208e-14,9.407934693195961e-14,9.40792062810335e-14,9.40793353426075e-14,9.407908503953614e-14,9.407893953118009e-14,9.407907747215347e-14,9.407933622130677e-14,9.407924754807098e-14,9.407932406344086e-14,9.407987192982007e-14,9.407974000062817e-14,9.40798470134493e-14,9.408028859737716e-14,9.408023781002721e-14,9.408031061180447e-14,9.408060028371798e-14,9.408049951601031e-14,9.408058151935359e-14,9.408072165653753e-14,9.408061925686228e-14,9.408072897725236e-14,9.408073259453984e-14,9.408067226190285e-14,9.408074803161546e-14,9.408080184778901e-14,9.408074975246536e-14,9.408081117887665e-14,9.117763904946021e-14,9.117755459704598e-14,9.117759407952368e-14,9.11764818670204e-14,9.117634368474616e-14,9.117646316656136e-14,9.117422062991831e-14,9.117405700916482e-14,9.117417524815569e-14,9.117144130383561e-14,9.117111486571165e-14,9.117135160901965e-14,9.116995091515648e-14,9.116953056892121e-14,9.116982423458551e-14,9.117143084290165e-14,9.117109332776704e-14,9.117134382337681e-14,9.117427984426769e-14,9.11740702429746e-14,9.11742185297867e-14,9.117661955681118e-14,9.117646556932717e-14,9.117660323654173e-14,9.117795595047848e-14,9.117786977374325e-14,9.117795857952908e-14,9.117857836165959e-14,9.117851811281746e-14,9.117855511258525e-14,9.117881486280966e-14,9.117869225796436e-14,9.117880053299849e-14,9.117888981416841e-14,9.117886485115484e-14,9.117891799047897e-14,8.8382111979281e-14,8.838189911835831e-14,8.838200742816472e-14,8.837665292782573e-14,8.837622122180763e-14,8.837653518110588e-14,8.836514185448309e-14,8.83641839051363e-14,8.836480425655853e-14,8.834994642886388e-14,8.834808951502149e-14,8.834943188792831e-14,8.834137582655578e-14,8.833887983941832e-14,8.834071722706054e-14,8.834995195839503e-14,8.83480537654556e-14,8.834938061994441e-14,8.836519764044429e-14,8.836421164824171e-14,8.83648873489392e-14,8.837709852872036e-14,8.837670015045134e-14,8.837694710508993e-14,8.838355271220941e-14,8.838340668061074e-14,8.838348599383342e-14,8.838636032593682e-14,8.838622652412757e-14,8.838632586528392e-14,8.838737498501976e-14,8.838724689530542e-14,8.838733986904756e-14,8.838766113617067e-14,8.838765065948393e-14,8.838768902121026e-14,8.567859062198167e-14,8.567774019835323e-14,8.567815248154531e-14,8.565304001588668e-14,8.565080831669097e-14,8.565218049500825e-14,8.559604617613517e-14,8.559021216422845e-14,8.55941669291788e-14,8.551682301393209e-14,8.550454940049781e-14,8.551355155325186e-14,8.546919308016725e-14,8.545187743345841e-14,8.546513902487561e-14,8.551654965212436e-14,8.550427173226988e-14,8.551332290404591e-14,8.559612765010144e-14,8.559027143270889e-14,8.559427106007441e-14,8.565459469220291e-14,8.565236706763913e-14,8.565374806373163e-14,8.568440348462092e-14,8.568368008590888e-14,8.568410873919593e-14,8.56965413730688e-14,8.569631111414271e-14,8.56964365752887e-14,8.570070233807965e-14,8.570058986221928e-14,8.570067315074435e-14,8.570193408615355e-14,8.570188085414077e-14,8.570194313924065e-14,8.302356190117275e-14,8.301916032937034e-14,8.302143558200586e-14,8.290948262460898e-14,8.28970967846374e-14,8.290487515216768e-14,8.26415550341964e-14,8.260547423736169e-14,8.263106354264847e-14,8.223794608311955e-14,8.21547142263735e-14,8.221872515070772e-14,8.197185423266114e-14,8.184542236034901e-14,8.194710754645598e-14,8.223634154143662e-14,8.215290772018416e-14,8.221707321440782e-14,8.264105354161493e-14,8.260482754400127e-14,8.263053152220152e-14,8.291449681524667e-14,8.290219843330097e-14,8.290999352175742e-14,8.304548234873552e-14,8.3041855859961e-14,8.304385139690188e-14,8.309556586650492e-14,8.309461019657466e-14,8.30950731352129e-14,8.311184463262483e-14,8.311154311997062e-14,8.311167998523034e-14,8.311626059830613e-14,8.311617495985061e-14,8.31162416216552e-14,8.028039930627291e-14,8.025867510481924e-14,8.027038429155204e-14,7.980150350933857e-14,7.973335321453657e-14,7.977780930285468e-14,7.858945383844808e-14,7.837226752557811e-14,7.85318839004597e-14,7.661202350651124e-14,7.606567014433795e-14,7.650097333232117e-14,7.516543394452748e-14,7.426844804054298e-14,7.501739745262453e-14,7.660228752876998e-14,7.605451855338976e-14,7.649114321178276e-14,7.858366651378603e-14,7.836540779273806e-14,7.852606672629861e-14,7.98161271287644e-14,7.974824253570849e-14,7.979295048461848e-14,8.035693060938569e-14,8.03390382447278e-14,8.034918390205039e-14,8.055003164398628e-14,8.054574965627865e-14,8.054774697719609e-14,8.060904926725919e-14,8.06080525239842e-14,8.060843750957347e-14,8.062426177565166e-14,8.062403031918818e-14,8.062412511417119e-14,7.704469437801217e-14,7.694304119855354e-14,7.699905258002321e-14,7.516974380654881e-14,7.481996984241323e-14,7.50534553785058e-14,7.007684552785553e-14,6.884429163704648e-14,6.977384421911562e-14,6.090493338412567e-14,5.744605734678804e-14,6.028156262984748e-14,5.325582418902184e-14,4.6944605593252757e-14,5.2386830093263776e-14,6.085109671559246e-14,5.738154669454789e-14,6.022740099454873e-14,7.003818195865461e-14,6.879860233969477e-14,6.97351950436284e-14,7.520446303143333e-14,7.485491639548899e-14,7.509032803050665e-14,7.728948930241209e-14,7.720489198933467e-14,7.725365088874053e-14,7.797386863116623e-14,7.795546276030462e-14,7.796402591957897e-14,7.816936655191585e-14,7.816556977702382e-14,7.81668829407934e-14,7.821706592698985e-14,7.821618946696912e-14,7.821639154809103e-14,7.229458571802124e-14,7.186822273581558e-14,7.209972089997944e-14,6.571385454476084e-14,6.40777102124758e-14,6.517520438856351e-14,4.6214671747239e-14,3.973745600695949e-14,4.469660331632667e-14,6.74623183169638e-15,-1.4060298808505109e-14,3.3756104274850645e-15,-3.2082997099967493e-14,-7.57264994864902e-14,-3.70700214906935e-14,6.4671295779253076e-15,-1.4419360278688344e-14,3.095455835215229e-15,4.600669905581275e-14,3.948207093673387e-14,4.44887050968551e-14,6.576275345255442e-14,6.412145463838778e-14,6.523285706322997e-14,7.298791987890876e-14,7.262726644668176e-14,7.283282425472463e-14,7.517259956038002e-14,7.510062487448414e-14,7.513300860934955e-14,7.574913542006875e-14,7.573545813423932e-14,7.573973926209109e-14,7.58817180360202e-14,7.587890433648673e-14,7.587938238183402e-14,6.418500644981188e-14,6.263432909977185e-14,6.342090466091058e-14,4.425952537109328e-14,3.7555067462655616e-14,4.194694111969277e-14,-2.1033210112363154e-14,-5.147527308513928e-14,-2.81634289245141e-14,-1.7324141102182358e-13,-2.884714554158769e-13,-1.9061123603630799e-13,-3.5747383430841114e-13,-5.08163081286804e-13,-3.8535653814196193e-13,-1.745930061709803e-13,-2.9008637736367744e-13,-1.9196710996420795e-13,-2.199888339635685e-14,-5.274216771628866e-14,-2.912869139328423e-14,4.4180113219794135e-14,3.741977998680042e-14,4.189759030632642e-14,6.584670449770156e-14,6.451186393244696e-14,6.522942727736816e-14,7.182646701676651e-14,7.158107661048895e-14,7.167872283986511e-14,7.328873366005439e-14,7.324584113650159e-14,7.325653043999373e-14,7.360391761927889e-14,7.359554721999567e-14,7.35962540231713e-14,5.153636754571724e-14,4.697026099703171e-14,4.8860757466487925e-14,3.2195147575384416e-15,-1.917684075044511e-14,-5.7449241416231566e-15,-1.7439551278653324e-13,-2.929788830171516e-13,-2.0509144039014473e-13,-6.640210014254854e-13,-9.342755164261524e-13,-7.480150063910662e-13,-1.1511919253238581e-12,6.289550676666895e-11,-1.3024074582641984e-12,-6.690651379053081e-13,-7.929611575038906e-13,-7.531050625330543e-13,-1.7827354116239126e-13,-2.976544100893281e-13,-2.0898444629319236e-13,2.3269604099697687e-15,-2.0439988563981515e-14,-6.551549190013974e-15,5.464568672944078e-14,5.063392443802771e-14,5.245025307245251e-14,6.779273114169126e-14,6.711541153565685e-14,6.73078113017594e-14,7.077611422528308e-14,7.066496551003478e-14,7.067775647184594e-14,7.138220784634742e-14,7.136175116005337e-14,7.13604740520402e-14,3.949491866298577e-14,2.9930581023339776e-14,3.149458585874131e-14,-4.121587635797262e-14,-9.281440706201409e-14,-7.128491761649386e-14,-3.7198152025039907e-13,-5.510856247841682e-13,-4.886845025232669e-13,-1.1844370609762837e-12,6.234841712859552e-11,-1.5547949730932705e-12,6.204363667614658e-11,-3.3838719933073886e-10,6.140038294180005e-11,-9.07245236903183e-13,1.282275320471123e-10,-1.2779131146479945e-12,-3.8302370185584254e-13,-2.732412585997288e-13,-4.99831734218285e-13,-4.487261063123974e-14,-9.727063363458016e-14,-7.473808889880104e-14,4.3366585168176334e-14,3.4755985206140366e-14,3.669829998459726e-14,6.394571577291851e-14,6.255907929580616e-14,6.260331788051994e-14,6.838439426654044e-14,6.816486330346295e-14,6.813000955676096e-14,6.92509642088179e-14,6.921180298167116e-14,6.919905254359291e-14,4.136069174228597e-14,3.025871836897365e-14,2.235445883074873e-14,-2.181398415830318e-14,-7.125962930738555e-14,-1.032815937585253e-13,-2.517461267337235e-13,-4.851626420311106e-13,-6.20148462413339e-13,-8.723437853527147e-13,-1.4038222788287596e-12,-2.012076631328378e-12,-1.24900904835297e-12,1.2655281626468597e-10,6.394085324543349e-11,6.480167196998332e-11,-3.3152919296958724e-10,6.366333195093583e-11,1.3388884615266957e-14,6.504642430447607e-11,-3.5485325578534736e-13,-3.016183082629167e-14,6.226176679150146e-14,-1.1109764463098517e-13,4.340767608349511e-14,3.336654579130173e-14,2.735818534444665e-14,6.21740130112762e-14,6.035158761696926e-14,5.921853010406484e-14,6.640663807077724e-14,6.610027177210179e-14,6.589357826151285e-14,6.725905395135183e-14,6.720263686651926e-14,6.71618501450104e-14,4.5577272938100393e-14,3.2575293641902436e-14,1.5670679062803055e-14,-1.4930336497823847e-15,-5.964643999477634e-14,-1.4685083429347111e-13,-1.6899168294544039e-13,-4.435676029704582e-13,-8.050370583541278e-13,-6.071550446423136e-13,-1.2964658764002638e-12,6.430358923294998e-11,-8.190829168586988e-13,1.2981579856764576e-10,-2.1935733736867757e-10,6.49677594440438e-11,-2.646567952703099e-10,1.2991184044838617e-10,8.372279726277976e-14,6.49915846954112e-11,-5.520985660424131e-13,-1.3173684686726164e-14,6.755780416717973e-14,-1.578118345070206e-13,4.5720762396196474e-14,3.378306452152484e-14,2.0147545872909025e-14,6.112000938953519e-14,5.897986930753179e-14,5.6789522085103906e-14,6.465508794972598e-14,6.429762937263371e-14,6.394914819746304e-14,6.537548452039899e-14,6.531015050268381e-14,6.524802728524843e-14,5.2212915901771284e-14,4.42306367901749e-14,3.353043889315109e-14,2.6944469787342487e-14,-5.572645774609829e-15,-5.383863182607184e-14,-5.769572303483616e-14,-1.9337299779373253e-13,-2.79044829468449e-13,-2.58895542555002e-13,-2.9318640457838474e-13,6.692482836391535e-11,-8.672804945186406e-14,1.3205413276989244e-10,-2.1045814774799457e-10,6.49989535935493e-11,-2.622291102079694e-10,1.3218949584598288e-10,1.8566188957247731e-13,6.492705201749264e-11,-3.580231492825698e-14,1.2974390218547059e-14,1.1638705625235168e-13,-6.740490656740522e-14,5.021167423160556e-14,4.2465632560741616e-14,3.4376363965257984e-14,6.056648463578858e-14,5.908911098737807e-14,5.768598415617047e-14,6.305187054094164e-14,6.279543770045103e-14,6.255580433552954e-14,6.357561758349249e-14,6.352723458062825e-14,6.348248739724893e-14,5.6516769541777644e-14,5.3007801655729966e-14,4.8452164887252433e-14,4.535377436018767e-14,3.2152156896590133e-14,1.387424646590986e-14,9.454233948492111e-15,-4.0437049112570196e-14,2.7375391310726968e-14,-7.171557349996157e-14,2.0206846881367705e-13,6.776617202199347e-11,2.463507982437143e-13,1.3254827476205117e-10,-2.0567650595186586e-10,6.491986629671449e-11,-2.6071865958356366e-10,1.3275598414995135e-10,2.3719864394275577e-13,6.481539735705825e-11,2.5395740899170244e-13,2.5924330566706234e-14,1.4521128271040078e-13,-5.7703486410897615e-15,5.156681950561771e-14,4.7293193536252086e-14,4.4661125906086067e-14,5.935684669261693e-14,5.84900015748195e-14,5.799893583392188e-14,6.135485067066446e-14,6.120014666217342e-14,6.110640934053264e-14,6.180204731579363e-14,6.17717169059709e-14,6.17523730608483e-14,5.738099723343797e-14,5.593315661792387e-14,5.421740238357936e-14,5.1298367898302106e-14,4.586064992437148e-14,3.9409908715960183e-14,3.053256456279916e-14,1.0282892278987808e-14,1.2671427545458342e-13,-2.2087061033885655e-14,3.348360777252075e-13,6.777390947612765e-11,3.026719695783633e-13,1.32279480381128e-10,-2.0412220004346526e-10,6.470623171954051e-11,-2.5990969733275316e-10,1.32633407657577e-10,2.0491044876051594e-13,6.460405443132456e-11,2.9507861528519144e-13,1.0683099544203574e-14,1.294001124730608e-13,-3.549507308544643e-15,4.5042021763704256e-14,4.095657728253614e-14,4.171896071089452e-14,5.6242041390883255e-14,5.540053061584656e-14,5.5538688425804567e-14,5.928015989466604e-14,5.912757023100548e-14,5.914023731493351e-14,5.998281920165366e-14,5.995249083299562e-14,5.9952188198031e-14,5.572498246207924e-14,5.488385156335729e-14,5.4328990737601935e-14,4.8322212099397e-14,4.4698948149798313e-14,4.289741129421368e-14,1.9097541015505468e-14,3.073808024360052e-15,1.3649847559058555e-13,-7.216639508499824e-14,2.7680181975548714e-13,6.731294941966617e-11,1.24445862622951e-13,1.3142693278962813e-10,-2.708280993532608e-10,6.420130599166106e-11,-2.5968792493224323e-10,1.9912129250608717e-10,-8.544718987828542e-15,6.4146426147565e-11,3.636129147444334e-13,-6.852468904912438e-14,1.941727187259729e-14,-8.246020921807141e-14,2.0437418475853227e-14,1.0269815554801437e-14,1.671675904284195e-14,4.8751829023096723e-14,4.677128392475954e-14,4.7897218843973895e-14,5.6283559769680236e-14,5.5932479047928244e-14,5.6098715352774476e-14,5.799030422515457e-14,5.792271105461635e-14,5.794620225629425e-14,5.2153268739354496e-14,5.118772941392037e-14,5.147190661392117e-14,3.74850092994791e-14,3.226114295061734e-14,3.4636430003805254e-14,-2.7305586529542748e-14,-5.777939034398127e-14,-3.9016387586862753e-14,-2.6330817452415604e-13,-2.9254797357070545e-13,1.0811475603307244e-13,-6.639369898500686e-13,6.35458877671566e-11,1.3335856689432855e-10,6.295426217170956e-11,-1.327062407713247e-10,-2.0673587553285337e-10,-7.288748735790708e-13,6.317457487898435e-11,6.644862514061808e-11,-3.085377292819777e-13,-3.5287398606928144e-13,-2.0183460126782028e-13,-4.6135219273418636e-14,-8.081132784133864e-14,-5.5083434357943305e-14,3.166092119086359e-14,2.5433034092722252e-14,2.939486572640033e-14,5.131935889049467e-14,5.026637263788547e-14,5.080746116176597e-14,5.559690518993605e-14,5.540143167741586e-14,5.547181010017315e-14,4.73957939472666e-14,4.576376438789369e-14,4.685591862007845e-14,2.0545356348176295e-14,1.0311493151819208e-14,1.8165229278135903e-14,-1.07641349307677e-13,-1.7768461995312385e-13,-1.185904649592557e-13,-6.296421606974726e-13,-8.683813350762965e-13,-5.364988503595636e-13,-1.930863155310213e-12,1.2322635528655283e-10,6.545440297912473e-11,1.2225841868417512e-10,-4.107613040421551e-10,-8.08775956681002e-11,-2.2763131615894404e-12,1.225279645141711e-10,6.502453068064096e-11,-8.392098212731716e-13,-1.2093121217057785e-12,-7.969392205319161e-13,-1.8521667596547567e-13,-2.9008561004926935e-13,-2.147709001521742e-13,-1.5719377912890173e-15,-1.9383724620148397e-14,-9.17334665691842e-15,4.31013893061643e-14,4.0183215565157516e-14,4.139229967686662e-14,5.253096528748126e-14,5.2002243328620204e-14,5.212498205275519e-14,4.345711762305896e-14,4.127485763754303e-14,4.2580566515882233e-14,8.071518310274596e-15,-5.637776057209819e-15,3.808582920769481e-15,-1.613736403197519e-13,-2.5344543855563643e-13,-1.8285393025383808e-13,-8.491961081959291e-13,-8.777520090548484e-13,-8.101272934057315e-13,-2.2840023961797695e-12,2.3792346286119277e-10,6.441686034802733e-11,1.6472723996730268e-10,-6.831660329971394e-10,-1.0556197804126294e-10,-3.804839813930657e-12,2.1676530332416846e-10,1.2971552172241549e-10,-1.585699066584947e-12,-2.3694491488463214e-12,-1.5601679800807136e-12,-3.9911531784009925e-13,-6.430768918668532e-13,-5.102461849334803e-13,-5.335555349735431e-14,-9.58240055948592e-14,-8.024102934187372e-14,3.102790376882846e-14,2.40310450370848e-14,2.535661427429703e-14,4.866845795456292e-14,4.7405705669460415e-14,4.740879412457227e-14,4.017885435357645e-14,3.758296525748212e-14,3.852742447248492e-14,-1.0643913366524077e-15,-1.7171916374909313e-14,-1.0236474732893918e-14,-1.9633515194342044e-13,-1.651663104866655e-13,-2.492099028193436e-13,-7.037183047430209e-13,7.020274681830916e-11,-9.739028028332706e-13,6.861508493321953e-11,-2.5709489732971436e-10,6.800600767019445e-11,1.022255226658833e-10,-1.8869036460842378e-10,2.64758320350805e-10,4.646790444582121e-11,-6.912005221207752e-11,-2.0272090957603335e-10,-2.6239091623575406e-12,4.8268655261599866e-11,6.296453574563018e-11,-7.186257088803841e-13,-1.1866254871072588e-12,-9.74909246115865e-13,-1.2421272953915996e-13,-2.1834559040708916e-13,-2.0843323943779216e-13,1.5798518383430293e-14,8.47173524888497e-16,-5.582997136476594e-16,4.427393879302428e-14,4.164192735619622e-14,4.091144095216124e-14,3.611640764362505e-14,3.369420887378806e-14,3.426685142721797e-14,-1.3090713870962508e-14,-2.915297821405251e-14,-2.634827508115215e-14,-2.4076912886363613e-13,-2.1375319094706416e-13,-3.3503339978810805e-13,-8.473032545829559e-13,7.00687937350085e-11,-1.36954020047638e-12,6.83770013858291e-11,-1.6177747228576014e-10,9.766119483655977e-11,1.2511900673127854e-10,-3.86192685177154e-10,1.0721879600036734e-10,2.4692659237366208e-11,1.5148090646412605e-10,-1.7311579702994742e-10,-2.9988822319895e-12,2.6025102587759242e-11,8.314458921880198e-11,-8.503775590452693e-13,-1.5193638091253189e-12,-1.7523219247837535e-12,-1.6276610240691816e-13,-2.975681937221201e-13,-3.684800369818623e-13,5.689708500224678e-15,-1.7171832049724985e-14,-3.117647563004774e-14,4.077630987644487e-14,3.656939108824827e-14,3.366431678698403e-14,2.843515765500591e-14,2.8084546283722086e-14,3.052819829645671e-14,-4.2634681582941274e-14,-4.943757737886083e-14,-3.793826638942257e-14,-3.729018026113171e-13,-3.0896202146196584e-13,-3.8531160101094054e-13,-1.3786675185292916e-12,6.943843253433299e-11,-1.606407022516119e-12,6.67948248270654e-11,-1.3722658518641121e-10,9.70850933336459e-11,1.8061122555665185e-10,-4.550679088141799e-10,2.0487281169274715e-10,4.660247379576305e-11,6.112664613703966e-11,-3.1148300600856404e-10,-3.4131974110734597e-12,4.7904946836787756e-11,1.2753347249931526e-10,-9.820499869474678e-13,-1.8332481443764997e-12,-2.51782451822814e-12,-1.9629544999004281e-13,-3.7529291880678585e-13,-5.291016323909848e-13,-2.9062810877018614e-15,-3.41559516282998e-14,-6.185059640384453e-14,3.767796342505241e-14,3.177815835854481e-14,2.639840976936074e-14,1.535812826071707e-14,2.0395948350216822e-14,2.7575900659514804e-14,-1.0182727409073607e-13,-7.764863387093388e-14,-4.130974749863108e-14,-6.681363110929721e-13,-4.1499388387144164e-13,-3.5807964375573657e-13,-2.3206479627111866e-12,6.914640787040735e-11,-1.2217676981377101e-12,1.6837308790047038e-10,-1.3199176802126468e-10,9.955515224369171e-11,-1.0792575711030395e-11,-3.4432899199126107e-10,1.318600296947679e-10,8.142463486467185e-11,8.772859001848993e-11,-3.437395904059888e-10,-3.3855493424071665e-12,5.0331003576111276e-11,1.6284269309434982e-10,-1.0215475575913701e-12,-1.9422416265013406e-12,-2.5456121694167697e-12,-2.1453673845256123e-13,-4.227937517510208e-13,-6.219498325770775e-13,-9.337992137907272e-15,-4.785123040436711e-14,-8.635771668452046e-14,3.492100792016933e-14,2.7348262849954032e-14,1.9661666832371877e-14,1.813726244431939e-15,1.1123481377010844e-14,2.3670858700294695e-14,-1.787730335087681e-13,-1.2700368262545037e-13,-5.5680722376185556e-14,-1.0378850314920758e-12,-6.895806908932233e-13,-4.2235384508398273e-13,6.675967398564422e-11,9.253249247324273e-11,-1.4581135519426577e-12,-2.1769723806993598e-10,-2.1840622140174385e-10,9.191935763102492e-11,3.075198168943173e-10,-3.7048017885458685e-10,2.8163325488751446e-10,5.3432511157111447e-11,7.718731205392449e-11,-2.5807090064606497e-10,-2.4189707149278318e-12,1.1734595434881006e-10,2.0898009250553363e-12,-9.766993460687875e-13,-1.8763089240350416e-12,2.926209239817457e-11,-2.2843702918441034e-13,-5.099681389851259e-13,-8.050118437073068e-13,-1.581758818337402e-14,-6.794537010975475e-14,-1.2992909260517205e-13,3.221709034754823e-14,2.2193962803700286e-14,1.100846849163944e-14,1.5454259194150808e-14,1.8761781764781628e-14,2.777460637952326e-14,-9.411926626511974e-14,-8.388827075793729e-14,-3.291648797284905e-14,-6.220651886466658e-13,-5.111881186952068e-13,-3.1019127988351706e-13,-2.0496749662168478e-12,5.5529490645463324e-11,-1.1008307540029482e-12,1.9543787115083048e-10,-5.198660537123614e-11,5.533857482518684e-11,-1.1357568871589647e-10,-5.138239159581641e-10,2.593159236305868e-10,1.8800889362846348e-10,-2.6547472541477175e-10,-1.2014346743665503e-10,3.0781594155424586e-11,-2.7115200782765163e-11,3.740724386909527e-12,-9.323226228056416e-13,3.067086442807754e-11,2.939189700704908e-11,-2.445538574141422e-13,-5.04286105161142e-13,-7.457200265301175e-13,-1.7768455180209446e-14,-7.356425865969887e-14,-1.18588961599767e-13,3.1365990189529095e-14,2.1351495059142525e-14,1.2650110981162722e-14,3.78000769631756e-14,3.858719799473056e-14,4.223763073482892e-14,-4.970062309614531e-15,-4.1261080608965505e-15,1.4569882785767577e-14,-1.8794033040593054e-13,-2.0096456702903175e-13,-1.0162077837964366e-13,-6.491558192580967e-13,-4.3311380901302713e-13,-4.744319377975664e-13,7.091131858548781e-11,2.364104240845852e-10,-3.838093868786682e-13,-1.0875861233423195e-10,-4.847340290565168e-10,2.1389750810913654e-10,1.6555203971075924e-10,-2.3555350256516815e-10,6.3437222540679475e-12,-4.917102948100708e-13,1.246627540468565e-10,6.330960943217774e-11,-4.2591662946934524e-13,-6.78622633786149e-13,-1.0897185236306928e-12,-8.816485286025593e-14,-2.1535942879858228e-13,-3.0192000276151944e-13,1.781835979993292e-14,-6.776850577917628e-15,-2.5312171207822858e-14,4.3065459404734115e-14,3.815103655203525e-14,3.414367185286231e-14,2.3294921433842143e-12,2.329644594114027e-12,2.330951751586607e-12,2.3137472754606366e-12,2.313395906755796e-12,2.3194779729173117e-12,2.2520523252947683e-12,2.2454730082212094e-12,2.2744482047343788e-12,2.072159531046335e-12,2.4035382067471263e-12,2.140107799369306e-12,2.763624351252167e-12,2.5881981045857003e-10,2.6316152052733444e-12,3.3071419543570106e-10,-1.1085994648720152e-09,2.593853788620272e-10,3.209527401025295e-12,3.5216373398208926e-10,3.605547816703378e-11,1.961675306505253e-12,2.3707341468432303e-12,1.6680420099702775e-12,2.164342205193063e-12,2.020704963736597e-12,1.9363551183041677e-12,2.2795589756647764e-12,2.240235706939905e-12,2.2136174441718318e-12,2.3203906201685983e-12,2.3116274613442397e-12,2.3050767615510153e-12,2.3311305655694442e-12,2.329147192543794e-12,2.3275523264274866e-12
-6.8806606437158845e-12,-6.880660661823774e-12,-6.88066066592195e-12,-6.880660660500582e-12,-6.880660701402989e-12,-6.880660658046245e-12,-6.880660660877926e-12,-6.880660674142275e-12,-6.880660659308331e-12,-6.8806606616949936e-12,-6.880660671143709e-12,-6.8806606629089304e-12,-6.88066065718338e-12,-6.880660675648995e-12,-6.880660665938761e-12,-6.8806606505131095e-12,-6.8806606829528624e-12,-6.880660661902968e-12,-6.880660664684888e-12,-6.880660675896624e-12,-6.880660665460348e-12,-6.88066065051524e-12,-6.880660678995963e-12,-6.8806606635882864e-12,-6.880660648758842e-12,-6.880660683916063e-12,-6.880660658124188e-12,-6.8806606641566015e-12,-6.880660673183331e-12,-6.880660672455762e-12,-6.880660645241385e-12,-6.880660694469057e-12,-6.8806606614324995e-12,-6.8806606664609134e-12,-6.880660675010611e-12,-6.8806606680599505e-12,1.3546718965794056e-13,1.3546716427278134e-13,1.3546717423287199e-13,1.354671733670966e-13,1.354671407149667e-13,1.354671719446925e-13,1.354671835534874e-13,1.354671441832841e-13,1.3546717391314971e-13,1.3546718879200848e-13,1.3546715456696715e-13,1.3546717123972944e-13,1.3546718203361652e-13,1.3546713838866743e-13,1.3546718170169819e-13,1.354671795524091e-13,1.3546715595015773e-13,1.3546716643290697e-13,1.35467180716144e-13,1.3546716299910092e-13,1.3546717655784323e-13,1.3546718399605244e-13,1.3546714139316109e-13,1.3546717479524656e-13,1.3546715798112686e-13,1.3546716079847414e-13,1.354671922054347e-13,1.3546719519048881e-13,1.3546713415986245e-13,1.3546718662935204e-13,1.3546715332120326e-13,1.354671451389766e-13,1.3546718054122195e-13,1.3546719108608162e-13,1.3546717180454355e-13,1.354672005167266e-13,1.7539454751378944e-13,1.7539455941218075e-13,1.7539454928908787e-13,1.7539453495614892e-13,1.7539451478917136e-13,1.7539455371877818e-13,1.7539454898373867e-13,1.7539452111914918e-13,1.753945483834398e-13,1.7539454445328176e-13,1.753945414377189e-13,1.7539455251060335e-13,1.7539455142059498e-13,1.7539452939366869e-13,1.7539454816666517e-13,1.7539454329246786e-13,1.7539453202332675e-13,1.7539457077034314e-13,1.7539454282146525e-13,1.7539452342689423e-13,1.7539454977838459e-13,1.7539455206196772e-13,1.7539453348214054e-13,1.753945476630907e-13,1.7539454945483418e-13,1.7539452656700836e-13,1.7539454677223333e-13,1.7539454368079443e-13,1.7539452635462166e-13,1.7539454653735524e-13,1.7539456523739422e-13,1.7539452153222896e-13,1.7539453420219076e-13,1.7539454232171406e-13,1.7539453267103582e-13,1.7539455444575442e-13,1.6958333327424371e-13,1.6958331725450175e-13,1.695833154572588e-13,1.6958332109219247e-13,1.6958329590060967e-13,1.6958330667781743e-13,1.6958333400751429e-13,1.6958330599724408e-13,1.695833328764684e-13,1.6958331341894845e-13,1.69583286377936e-13,1.6958331181088268e-13,1.6958331469590044e-13,1.6958328801967546e-13,1.6958332911362217e-13,1.6958333765534524e-13,1.695832912949585e-13,1.6958332566465868e-13,1.6958333367180982e-13,1.695832878142261e-13,1.6958332533799261e-13,1.6958333575636797e-13,1.6958328462232998e-13,1.6958333125670012e-13,1.6958332991215115e-13,1.69583286287119e-13,1.6958332813492937e-13,1.695833301316941e-13,1.6958328402069664e-13,1.695833311037533e-13,1.6958331621750726e-13,1.6958329828385918e-13,1.695833219862382e-13,1.6958332781999166e-13,1.6958331475457857e-13,1.6958333466021068e-13,1.6380847952266797e-13,1.6380847375848976e-13,1.638084802753781e-13,1.6380847947199508e-13,1.6380845159662317e-13,1.6380847205366163e-13,1.6380847197579357e-13,1.6380845775200126e-13,1.6380847965772702e-13,1.6380849223439673e-13,1.6380846193806265e-13,1.6380849104686345e-13,1.6380847303380038e-13,1.6380847367238624e-13,1.6380848752998714e-13,1.6380847690855752e-13,1.638084636648038e-13,1.6380846777150108e-13,1.638084842050959e-13,1.6380844724311264e-13,1.6380849300652783e-13,1.6380847270466812e-13,1.6380846593421662e-13,1.6380846810073755e-13,1.638084804474567e-13,1.6380845229070768e-13,1.6380848536376832e-13,1.638084892965218e-13,1.6380846726670038e-13,1.6380847907075513e-13,1.6380847751776796e-13,1.6380845289469654e-13,1.638084651336617e-13,1.6380848525463703e-13,1.6380846024599928e-13,1.6380848736739525e-13,1.5827260924356945e-13,1.5827258646470286e-13,1.5827260445907439e-13,1.5827257130303476e-13,1.5827257205662376e-13,1.5827259427291221e-13,1.5827260799774012e-13,1.582725564709012e-13,1.58272607240676e-13,1.5827259610083597e-13,1.5827255996503974e-13,1.5827259491100047e-13,1.5827260567619634e-13,1.5827255997779884e-13,1.5827259710459621e-13,1.582726019871146e-13,1.5827256161085208e-13,1.5827261062835946e-13,1.5827260293797971e-13,1.582725588795211e-13,1.582725917878807e-13,1.5827259989833168e-13,1.5827258001743663e-13,1.5827260952032194e-13,1.5827259946561202e-13,1.5827258078797234e-13,1.582725823663719e-13,1.5827258038409898e-13,1.5827257449112374e-13,1.5827260427822314e-13,1.5827260343420407e-13,1.5827257101348439e-13,1.5827257968269344e-13,1.582725837607294e-13,1.5827259658145294e-13,1.5827260542468497e-13,1.529649397490518e-13,1.5296492086397234e-13,1.5296493132234236e-13,1.5296492813009405e-13,1.5296490952056106e-13,1.5296492920997188e-13,1.5296493831786293e-13,1.5296491126684112e-13,1.5296493701526914e-13,1.5296493926711003e-13,1.5296491990833882e-13,1.5296493324976932e-13,1.5296493299099588e-13,1.5296490728778895e-13,1.5296493285928918e-13,1.5296493255554022e-13,1.529649160121493e-13,1.5296492872491042e-13,1.5296493809967627e-13,1.529649189988085e-13,1.5296493164867642e-13,1.5296493171175783e-13,1.5296491858284085e-13,1.5296493148370155e-13,1.5296492944432087e-13,1.529649131878962e-13,1.529649298815157e-13,1.5296493790735435e-13,1.5296490875856212e-13,1.5296493848063494e-13,1.529649341964848e-13,1.5296490566657553e-13,1.5296493138883831e-13,1.5296493279475616e-13,1.529649232036947e-13,1.5296492808941114e-13,1.4787463058397814e-13,1.4787461720308693e-13,1.4787462065025065e-13,1.4787462303675477e-13,1.4787457878863914e-13,1.47874614942349e-13,1.478746079129415e-13,1.4787462399138824e-13,1.4787460074016275e-13,1.4787460666802336e-13,1.478745852470715e-13,1.4787460862347914e-13,1.4787460927154284e-13,1.478746175470842e-13,1.4787462588467784e-13,1.4787460904875257e-13,1.4787459960542928e-13,1.4787462695854003e-13,1.4787461740097939e-13,1.4787458760146097e-13,1.4787462470632836e-13,1.4787461520518564e-13,1.4787458447204446e-13,1.4787462818579818e-13,1.4787463866042424e-13,1.4787460156879093e-13,1.4787463386085576e-13,1.4787463577670057e-13,1.478745882986159e-13,1.4787462891548376e-13,1.478746012903356e-13,1.4787461134408264e-13,1.478746160525094e-13,1.4787463102582265e-13,1.4787462225427584e-13,1.4787463579302688e-13,1.4299131725654533e-13,1.4299130016624343e-13,1.4299131060036027e-13,1.4299127852198834e-13,1.4299128552930107e-13,1.4299130054162834e-13,1.429912893463034e-13,1.429912699519618e-13,1.4299130122441343e-13,1.4299130139081325e-13,1.4299125759475667e-13,1.429912972978226e-13,1.4299128606801053e-13,1.4299124673400043e-13,1.4299129359119477e-13,1.4299129985629143e-13,1.4299125277731413e-13,1.429912781814565e-13,1.4299130107875047e-13,1.4299126929152593e-13,1.4299130114891138e-13,1.4299130945266736e-13,1.4299130329141338e-13,1.4299128770085779e-13,1.4299131212409723e-13,1.4299127623412713e-13,1.4299130829746763e-13,1.4299131654789873e-13,1.4299131711742147e-13,1.4299130402850966e-13,1.4299132240236403e-13,1.429912664366429e-13,1.429913284378898e-13,1.4299131270538225e-13,1.4299131545485144e-13,1.4299132656323922e-13,1.3830522661386544e-13,1.3830518283817495e-13,1.3830520317703564e-13,1.3830517386228626e-13,1.383051692873482e-13,1.3830519602198958e-13,1.383051506757408e-13,1.3830512556956843e-13,1.3830514323901954e-13,1.383051053669397e-13,1.3830508555623465e-13,1.3830510826933957e-13,1.38305095029935e-13,1.3830507855014491e-13,1.3830508959708787e-13,1.3830510695560954e-13,1.383050985742343e-13,1.3830510161613446e-13,1.383051504276375e-13,1.3830511903453706e-13,1.3830516696267503e-13,1.383051868255571e-13,1.3830516700759562e-13,1.3830519496499816e-13,1.3830523323584206e-13,1.383052149129635e-13,1.3830523604659774e-13,1.383052438971266e-13,1.383052196815515e-13,1.3830524169806855e-13,1.3830527165947688e-13,1.3830522900867448e-13,1.383052585605549e-13,1.3830526677140572e-13,1.3830524081975138e-13,1.3830527731868474e-13,1.3380692946557902e-13,1.338069479127447e-13,1.3380692324931187e-13,1.3380682187609425e-13,1.3380678774957547e-13,1.3380681752000282e-13,1.338066392797537e-13,1.3380664105178136e-13,1.3380663969525282e-13,1.3380645560787478e-13,1.3380643511975e-13,1.3380645249977352e-13,1.338063925490379e-13,1.3380636925230779e-13,1.3380636961889178e-13,1.338064499032972e-13,1.3380643932223787e-13,1.3380646061231507e-13,1.338066590847218e-13,1.3380663616863936e-13,1.3380664596989598e-13,1.338068688556685e-13,1.3380682200361578e-13,1.338068734822795e-13,1.338070053208927e-13,1.3380698295696544e-13,1.3380700149675514e-13,1.338070870630836e-13,1.3380710138266082e-13,1.3380708879532016e-13,1.3380713325338376e-13,1.3380711518838764e-13,1.338071347533409e-13,1.338071569853054e-13,1.3380714918189836e-13,1.3380716429841646e-13,1.2948731002934616e-13,1.294872640373157e-13,1.294872941952917e-13,1.2948680958884554e-13,1.2948679008867814e-13,1.2948681025747162e-13,1.2948597876263315e-13,1.294859424807935e-13,1.2948595851240034e-13,1.2948509739067217e-13,1.2948504632182716e-13,1.2948507265422127e-13,1.2948469917778758e-13,1.2948465099961327e-13,1.2948466852157258e-13,1.294851061265751e-13,1.2948506136625048e-13,1.294850729004731e-13,1.294860164069451e-13,1.2948598207768305e-13,1.2948600446876591e-13,1.2948693885405057e-13,1.2948691275864048e-13,1.2948693048421062e-13,1.2948760471717628e-13,1.2948757902276703e-13,1.2948760103405605e-13,1.2948798532939097e-13,1.2948796163187245e-13,1.2948797153047062e-13,1.2948816139182944e-13,1.2948813828867655e-13,1.2948815687982416e-13,1.2948823048142368e-13,1.2948822467080057e-13,1.2948823557804613e-13,1.2533634136463816e-13,1.2533630840296174e-13,1.2533629485174321e-13,1.2533420493059284e-13,1.253341197171167e-13,1.2533415452790772e-13,1.253303493049603e-13,1.2533022589326576e-13,1.2533024158308383e-13,1.2532617830020795e-13,1.2532599505846214e-13,1.2532605666413413e-13,1.253242667941617e-13,1.2532403519666916e-13,1.2532411149956914e-13,1.25326222317272e-13,1.2532601725968605e-13,1.2532610111367632e-13,1.25330478233023e-13,1.2533036527298976e-13,1.2533038705696648e-13,1.253346390434666e-13,1.2533459907863678e-13,1.2533459611453118e-13,1.2533751966177834e-13,1.2533747513868736e-13,1.2533748617838521e-13,1.2533909217942154e-13,1.2533906642000106e-13,1.253390835932892e-13,1.2533981785601612e-13,1.2533977927719688e-13,1.2533980417505867e-13,1.2534007666659323e-13,1.2534006473207174e-13,1.2534008479994273e-13,1.213399502327907e-13,1.2133978837492954e-13,1.2133978489015252e-13,1.213306885908887e-13,1.2133037470491388e-13,1.213304290371003e-13,1.213134445741645e-13,1.2131283042074036e-13,1.2131298042181481e-13,1.2129426907818918e-13,1.212931972090268e-13,1.2129356108688493e-13,1.2128512969331434e-13,1.2128385794862636e-13,1.2128431021928345e-13,1.2129433238262277e-13,1.2129329233177932e-13,1.2129362505913438e-13,1.213138906787281e-13,1.213132632486464e-13,1.2131341487578103e-13,1.213322928675604e-13,1.2133195650089823e-13,1.2133203085496634e-13,1.2134440338910526e-13,1.2134425528034863e-13,1.213442858698835e-13,1.2135076069719956e-13,1.2135068569468324e-13,1.2135071121592336e-13,1.2135353952460463e-13,1.2135353585240011e-13,1.2135353122180104e-13,1.2135454354000809e-13,1.2135451153931197e-13,1.213545535972884e-13,1.1746849728730424e-13,1.1746768829731748e-13,1.1746771932725817e-13,1.174297642232645e-13,1.1742812800069174e-13,1.1742845358933272e-13,1.1735573214638144e-13,1.1735227445323705e-13,1.1735335322076263e-13,1.1727029201337543e-13,1.1726426583037766e-13,1.1726664427551358e-13,1.1722760692329344e-13,1.1722000440353697e-13,1.172233556235778e-13,1.172703736638026e-13,1.1726434277449044e-13,1.1726674350342697e-13,1.1735704641275733e-13,1.1735360119844673e-13,1.1735467539575177e-13,1.1743513652574438e-13,1.174335616610909e-13,1.1743390709731675e-13,1.1748455476803366e-13,1.174839255623385e-13,1.1748399883012055e-13,1.1750934606260857e-13,1.1750912441754234e-13,1.1750912479218084e-13,1.175197860358931e-13,1.175196952603883e-13,1.1751970566227658e-13,1.1752331228630062e-13,1.1752330163408114e-13,1.1752328210795044e-13,1.1364052170996e-13,1.1363666720008427e-13,1.1363708471832957e-13,1.1348623128062042e-13,1.134779600220101e-13,1.1348005189433495e-13,1.1317705126680332e-13,1.1315811583522335e-13,1.1316524280414996e-13,1.1280032079177707e-13,1.1276517235593754e-13,1.1278169988198542e-13,1.1260325028759026e-13,1.1255705617316045e-13,1.1258104964789542e-13,1.1279983586817823e-13,1.127646458342965e-13,1.1278123462079932e-13,1.1318042261543779e-13,1.1316146223147885e-13,1.1316868720356486e-13,1.1350350452266399e-13,1.1349540854784862e-13,1.1349758167880135e-13,1.1369559363756432e-13,1.1369265487632665e-13,1.1369309828806436e-13,1.137876801920018e-13,1.1378671772835236e-13,1.1378676283496757e-13,1.1382479134356575e-13,1.1382448502845358e-13,1.1382447025675267e-13,1.1383690271439568e-13,1.138368177113651e-13,1.1383678817806557e-13,1.0961666412928871e-13,1.0959899304263686e-13,1.0960175272394015e-13,1.0902408123737137e-13,1.0898297186185963e-13,1.0899569285217196e-13,1.0778932643374018e-13,1.0768863150751261e-13,1.0773272922654229e-13,1.0619811320745168e-13,1.0599788260605593e-13,1.06105239861895e-13,1.0530845074313009e-13,1.0503213763030965e-13,1.0519556995141124e-13,1.06193191792717e-13,1.059926107809409e-13,1.0610034175261461e-13,1.0779558222485222e-13,1.076947514628639e-13,1.077392650779957e-13,1.0907563836888869e-13,1.0903537652913127e-13,1.0904844417122753e-13,1.0979569624033259e-13,1.0978199147664888e-13,1.0978464799677638e-13,1.1011905859935611e-13,1.101149278493418e-13,1.1011516376927308e-13,1.1024314910519005e-13,1.102419542822422e-13,1.1024188043050859e-13,1.1028209696789819e-13,1.1028171901284693e-13,1.1028164959806005e-13,1.0472333305129977e-13,1.0464678480058344e-13,1.0466156741512555e-13,1.0259850687657531e-13,1.024052117286018e-13,1.0247398617131564e-13,9.79331708054406e-14,9.741858852972091e-14,9.767097015020905e-14,9.149400566778293e-14,9.038336215373059e-14,9.104373409538288e-14,8.757938236192437e-14,8.594411148991623e-14,8.701810667089002e-14,9.146393858795692e-14,9.03508854134135e-14,9.101378804361498e-14,9.79335801801881e-14,9.741763659944755e-14,9.767241195668058e-14,1.027383453726336e-13,1.0254808538451901e-13,1.0261833040847203e-13,1.0526406162874639e-13,1.0520384488110163e-13,1.0521778807905487e-13,1.0633493675303938e-13,1.063178649560425e-13,1.06319365115127e-13,1.067211067402998e-13,1.0671656170889485e-13,1.0671630955755545e-13,1.0683721475316848e-13,1.0683587097207715e-13,1.0683560502211709e-13,9.730134170500734e-14,9.699303975708964e-14,9.705935843222466e-14,9.026261640862222e-14,8.941071127828102e-14,8.974265990350702e-14,7.384274900194801e-14,7.13521937310693e-14,7.267886313533226e-14,4.9228885910843414e-14,4.329338723784175e-14,4.712033480834106e-14,3.255301433013349e-14,2.299762297667305e-14,2.983607791935985e-14,4.907739533992428e-14,4.312543661044705e-14,4.696914771207423e-14,7.3770002750527e-14,7.126924460682798e-14,7.26097501643265e-14,9.059401922352174e-14,8.975118020172767e-14,9.00902835742685e-14,9.879418709591159e-14,9.854785816774554e-14,9.861053541810154e-14,1.0204311228604256e-13,1.0197789062777581e-13,1.01984490122428e-13,1.0315009349605421e-13,1.031340775098636e-13,1.0313319171886064e-13,1.0346558344121784e-13,1.0346105272433979e-13,1.0346008365999182e-13,8.400095721009052e-14,8.287401704551491e-14,8.311631099880133e-14,6.30076474286917e-14,5.957237600332694e-14,6.096668555995733e-14,1.0408205001280925e-14,-7.744962630479828e-16,5.510604282490117e-15,-7.675447874242864e-14,-1.0689290166334532e-13,-8.621728639834896e-14,-1.448112893233892e-13,-1.9847272204392187e-13,-1.5756087036429737e-13,-7.743258424310749e-14,-1.076765178341786e-13,-8.689554228713716e-14,9.9383269997787e-15,-1.3115277158231699e-15,5.051577477474561e-15,6.363973875908094e-14,6.022228796556014e-14,6.16525046419123e-14,8.76682305685964e-14,8.675250817843169e-14,8.698746992391729e-14,9.651688312238198e-14,9.629174668608019e-14,9.631204080297095e-14,9.93470818077016e-14,9.929460199028289e-14,9.929077481259363e-14,1.0011477795734355e-13,1.0010110080772266e-13,1.0009775207099354e-13,6.030361378111912e-14,5.669467953768192e-14,5.734110148123336e-14,6.032552279815572e-15,-6.191340952844901e-15,-1.3715706387598154e-15,-1.4178045345460844e-13,-1.8682445006204455e-13,-1.6103160955868377e-13,-4.1855709531367865e-13,-5.562999887963499e-13,-4.588212973574704e-13,-6.751754464446927e-13,-4.006823131047716e-13,-7.329239148349373e-13,-4.2129914579017145e-13,-5.581964983404012e-13,-4.615711166674477e-13,-1.4388106941670152e-13,-1.89305979706832e-13,-1.6310678330549945e-13,6.778622889185439e-15,-5.4572296615519795e-15,-4.662910732560365e-16,6.801673610211776e-14,6.503177227474118e-14,6.570298291686215e-14,8.887559732446513e-14,8.81942091611362e-14,8.822251569522749e-14,9.51279796428576e-14,9.497906600960812e-14,9.495920093366454e-14,9.67410264966638e-14,9.670423962999675e-14,9.669298227819638e-14,2.5871231286346544e-14,1.6293656440549227e-14,1.702159268637677e-14,-8.825658454635161e-14,-1.2428037432548608e-13,-1.1246828902802438e-13,-4.2946370412008584e-13,-5.779995287459673e-13,-4.986169779874311e-13,-1.1610215018491613e-12,-5.895360539513498e-13,-1.32090508789819e-12,-8.919921214532306e-13,1.957634555614397e-10,-1.1419340092401338e-12,-1.1665370116538345e-12,-1.7480958634746347e-14,-1.3264779884514216e-12,-4.369688743884337e-13,-5.830043271530957e-13,-5.060823971297984e-13,-8.875730809554373e-14,-1.2508463462121392e-13,-1.1255464263076729e-13,3.895604654644724e-14,3.088736550100659e-14,3.193734188261336e-14,7.922216329205873e-14,7.749923746305959e-14,7.737434067942437e-14,9.058163033350179e-14,9.022404268612871e-14,9.013353826052771e-14,9.33804083214632e-14,9.329618955732888e-14,9.326098275053785e-14,-4.0448769432302625e-15,-2.324741825454007e-14,-2.667149649805089e-14,-1.7779374302183482e-13,-2.5378669311195555e-13,-2.463415168367448e-13,-7.373838749936375e-13,-5.368335302087614e-13,-9.56249005676283e-13,-1.0066673333455927e-12,1.9415960561153435e-10,-1.578909728868811e-12,1.9421692617700773e-10,-1.1139423393497129e-09,1.93778927784512e-10,1.252004074791863e-13,3.9255728296047824e-10,-4.4751918244605695e-13,-7.502265555190227e-13,5.919902242442444e-13,-9.69142159890868e-13,-1.8319636828485145e-13,-2.564546738117006e-13,-2.508545243402165e-13,1.2211099231812788e-14,-4.255034762636591e-15,-6.0237216760002935e-15,7.054004211280968e-14,6.718042904279876e-14,6.61259587628888e-14,8.64082258486946e-14,8.572891477232175e-14,8.54105332100043e-14,9.02151104822286e-14,9.005738240116685e-14,8.996320552889741e-14,-2.7525946681860766e-15,-2.852296739816823e-14,-4.901024317833494e-14,-1.5752982586183166e-13,-2.4805641983196295e-13,-3.146772477479568e-13,-6.184411054428034e-13,-9.58277361162039e-13,-1.1893259428144507e-12,-1.5910365880561967e-12,-1.0324884366360111e-12,-2.2054630476963823e-12,-4.587594001218997e-13,3.9008995192092646e-10,2.049770556903002e-10,1.964506466203819e-10,-9.991037937696748e-10,1.9585373772900552e-10,4.86739770946701e-13,1.965164702278177e-10,-8.365083120771385e-14,-1.6840924169301735e-13,3.0594223111076636e-13,-3.237523834677121e-13,1.0012828143822187e-14,-1.0858083200301366e-14,-2.7762983539861895e-14,6.75028377708349e-14,6.262601473819264e-14,5.899850951347328e-14,8.354420887558443e-14,8.253644621924594e-14,8.173305417053968e-14,8.744837068668474e-14,8.721817146202075e-14,8.702591156886519e-14,1.2120294814648213e-14,-1.81779623809319e-14,-5.3435127374837796e-14,-1.1010324103821292e-13,-2.173597326678997e-13,-3.5513340877840524e-13,-4.668053211410609e-13,-8.717596357729395e-13,-9.1276019696969e-13,-1.1979083496000815e-12,-8.123113862652001e-13,2.034116291485875e-10,-2.9855356257787474e-13,4.0117377113016277e-10,-7.515917319716366e-10,1.96901721485753e-10,-7.985690387286147e-10,4.017010260919607e-10,6.118134558595301e-13,1.9666595823859374e-10,1.6687314012416049e-13,-1.2907707492699325e-13,3.220163402318914e-13,-3.7180122605158445e-13,1.878632594450946e-14,-6.2818150999592104e-15,-3.5364874313681975e-14,6.768273714955162e-14,6.197671207173312e-14,5.627769303581872e-14,8.158143366068093e-14,8.041736263095168e-14,7.928856625857677e-14,8.500817420365894e-14,8.474304382399333e-14,8.448814808668512e-14,3.646652822725057e-14,1.5586761170800007e-14,-9.545795321937897e-15,-3.7030556640488635e-14,-1.0542816133422265e-13,-1.9355067547607284e-13,-2.4172076200590735e-13,-4.725221420332193e-13,-2.327965994466255e-13,-6.276182926527309e-13,4.2428256794353117e-13,2.0569401010950477e-10,6.803187351131362e-13,4.0177875667198205e-10,-6.32031566246638e-10,1.9634763731471038e-10,-7.917230301541504e-10,4.0272046865324797e-10,8.048380898663098e-13,1.9594827479649428e-10,8.13727696969988e-13,-6.486651736990339e-14,4.149226407126761e-13,-2.1991543997221862e-13,3.447011679919653e-14,1.6962595484911212e-14,-3.2882013186323738e-15,6.962439390293811e-14,6.536788950111767e-14,6.121579013243566e-14,8.006985614522453e-14,7.917185923354153e-14,7.830638596942247e-14,8.274027397918063e-14,8.252888398145097e-14,8.232809335112247e-14,5.583184879125611e-14,4.532462986385017e-14,3.2957580356876684e-14,1.8297555791886976e-14,-1.3675030052629565e-14,-5.2249501764274483e-14,-8.295267083967218e-14,-1.7931612180425583e-13,2.607012562767695e-13,-2.6385062936993933e-13,1.1747115776393694e-12,2.0600165794244087e-10,1.2177090337868722e-12,4.01121655347342e-10,-6.235763549376538e-10,1.958590448249555e-10,-7.876147993672454e-10,4.0212419750223896e-10,9.112730933031027e-13,1.9539294659241292e-10,1.2526647866418538e-12,-3.0853835498421846e-14,4.744792467825867e-13,-1.0162635484768244e-13,4.0641476095629155e-14,3.083957459950368e-14,2.1662446339477324e-14,6.881982834874459e-14,6.61928692459303e-14,6.428432788896936e-14,7.786753072662443e-14,7.728474590961708e-14,7.685263588974181e-14,8.031680398233744e-14,8.017524296015162e-14,8.006607860346192e-14,6.390432204857619e-14,5.916842228892437e-14,5.4006963424121043e-14,4.061450065539275e-14,2.6440904391384894e-14,1.2048243547668845e-14,-2.5757149470881132e-14,-6.537978343410411e-14,4.5176538828005794e-13,-1.5711899773577227e-13,1.4019279562040786e-12,2.0544044629099147e-10,1.3009107526773926e-12,3.9988216454074746e-10,-6.196858153813452e-10,1.9528280974378996e-10,-7.856049880584846e-10,4.014271629226292e-10,8.258661391660062e-13,1.9481973939865945e-10,1.2948277981971061e-12,-7.594046326381975e-14,4.28317008187234e-13,-1.099080538778554e-13,1.9713050494130018e-14,1.119566563436113e-14,9.607385009680781e-15,5.991451041006323e-14,5.754002002010714e-14,5.728376662317111e-14,7.349584728960789e-14,7.295877259318576e-14,7.285532532398488e-14,7.729690184568462e-14,7.716163374196235e-14,7.712284053111207e-14,6.169246441333916e-14,5.902916732331633e-14,5.722908977312103e-14,3.347964008428608e-14,2.4591469261699903e-14,2.093723546400128e-14,-5.811973174206685e-14,-8.600027554706122e-14,4.567711473628118e-13,-2.825835036303594e-13,1.256281698489194e-12,2.0364582480256626e-10,9.142549379910966e-13,3.972263694141465e-10,-8.206728438279144e-10,1.9415897003243333e-10,-7.831581080871576e-10,6.020584440859419e-10,3.6067387383988377e-13,1.9378465621587437e-10,1.947359875165112e-12,-2.837355293632303e-13,1.7191101496296703e-13,-3.121088483029147e-13,-5.746272729045504e-14,-7.672452824314767e-14,-6.825144672165247e-14,3.425471174366821e-14,2.9408903296268034e-14,3.1109060907483975e-14,6.466107167147213e-14,6.358761016740194e-14,6.381074875376874e-14,7.301289137546472e-14,7.274695521482479e-14,7.275739528453767e-14,5.1419820504838924e-14,4.880063061282467e-14,4.904632045225225e-14,7.694767615678569e-16,-1.0251620798673343e-14,-6.916265060991564e-15,-1.8093290387042108e-13,-2.316258463178422e-13,-2.028499268959372e-13,-7.011798486858878e-13,-3.874439673943821e-13,8.758548399277683e-13,-7.858766496467203e-13,1.949206815325842e-10,4.044311658323501e-10,1.932558314848155e-10,-3.723256313988744e-10,-6.239109296560354e-10,-9.35718468586838e-13,1.9363233195617159e-10,2.0214302940594935e-10,-8.25613285638586e-13,-5.433224456403825e-13,-3.4275206102184027e-13,-2.438832625270585e-13,-3.035885969745202e-13,-2.6792716797416136e-13,-2.260295569825015e-14,-3.6250602793079054e-14,-3.047540915610406e-14,4.7766433868996867e-14,4.4853042591875346e-14,4.5563309258455635e-14,6.648554932768059e-14,6.578490937079812e-14,6.581475415972047e-14,3.6542811853238235e-14,3.2611301011414235e-14,3.4405841163522825e-14,-4.9037380387467376e-14,-6.82566300327042e-14,-5.656727963914722e-14,-3.7582717306466193e-13,-4.79002921362281e-13,-4.0322924023227455e-13,-1.4005426027558656e-12,-9.048561173463256e-13,-9.424532146150565e-13,-1.909513553618693e-12,4.028112011657124e-10,2.0221812783238866e-10,4.01348786935871e-10,-1.4142463451352667e-09,-2.1543538369464874e-10,-2.5348096167109886e-12,4.016714543387091e-10,2.0144199781707555e-10,-1.872154904230276e-12,-1.5638391441374982e-12,-1.5244773266507654e-12,-5.929685580618198e-13,-7.584003814651737e-13,-6.695446777064403e-13,-1.2525992938307272e-13,-1.6152150813637869e-13,-1.4953090669257999e-13,1.9218726271363338e-14,1.1634794046895804e-14,1.2570834422954254e-14,5.6766534194228006e-14,5.497399485990129e-14,5.481330268941432e-14,2.3147654522915965e-14,1.7757362454974202e-14,1.9759131289380352e-14,-9.141565331556925e-14,-1.181051491397332e-13,-1.0477203705422572e-13,-5.321920255184257e-13,-6.710820539925855e-13,-5.869909744157349e-13,-1.9152597431211058e-12,-1.240177405379028e-13,-1.5814728049402067e-12,-1.513438865301612e-12,7.68375710640045e-10,2.0028347279238742e-10,5.498192621007791e-10,-2.335735210642562e-09,-2.6769583936176475e-10,-3.924969525802712e-12,7.086714640651887e-10,4.0025280901900453e-10,-3.2917179846020907e-12,-2.6130880714129598e-12,-2.3815715074889637e-12,-1.0984941742609502e-12,-1.4714002916432876e-12,-1.3472965241208481e-12,-2.7566641665106507e-13,-3.592498268490116e-13,-3.501433015682321e-13,-2.1693115217389954e-14,-3.924302952717794e-14,-4.0921311084305566e-14,4.369852961576421e-14,3.957579352179702e-14,3.837883982089817e-14,1.1521531391755059e-14,4.944743896292515e-15,5.966344293878052e-15,-1.2595773791904807e-13,-1.5779823843883403e-13,-1.5106894827705011e-13,-6.486838916624535e-13,-2.611721149010858e-13,-7.67973460314275e-13,-1.1659403118918e-12,2.1418990330794204e-10,-1.6615817305504373e-12,2.12350920241945e-10,-7.505603847156826e-10,2.1267499388917158e-10,3.430326002236538e-10,-6.812958622317269e-10,8.28981383977056e-10,1.5076946883651808e-10,-2.5332842541343067e-10,-5.868266888315035e-10,-4.431032135175265e-12,1.5304631506804329e-10,1.9583365559428042e-10,-1.7522704187774862e-12,-2.1460996434829914e-12,-1.9650231765177297e-12,-4.618025874760277e-13,-6.352951215337804e-13,-6.615974866859154e-13,-7.04292110976341e-14,-1.0624830897344078e-13,-1.1870237443770706e-13,2.878009097209613e-14,2.0505351771195662e-14,1.6265827730190698e-14,-2.4321393350206644e-15,-8.312274194388781e-15,-7.548214587868975e-15,-1.6719686619183889e-13,-1.9877481854877027e-13,-1.9777955676856423e-13,-7.853352186886443e-13,-4.1060130817492485e-13,-9.645671470828597e-13,-1.5625482083749058e-12,2.1394826494683022e-10,-2.2446321922179797e-12,2.1190606197529342e-10,-4.5400822560517063e-10,2.952808657076435e-10,4.1966173259185426e-10,-1.3132573182394448e-09,3.9208404259661756e-10,7.646058896936953e-11,5.446257757560507e-10,-5.767649744505335e-10,-5.695691928697401e-12,7.84044888423283e-11,2.7299266242587865e-10,-2.1445203700423488e-12,-3.0487525733614543e-12,-3.1736929948497563e-12,-5.910837039157289e-13,-8.559582760575659e-13,-1.0203127740789745e-12,-1.0788764572434473e-13,-1.6482761959819602e-13,-2.0504956426297187e-13,1.6349824497019587e-14,2.8801808348001524e-15,-7.590994262402785e-15,-2.5168407878759492e-14,-2.4978639382457674e-14,-1.875625028510152e-14,-2.4209555536674277e-13,-2.514744722815025e-13,-2.307002089911636e-13,-1.0572316051335795e-12,-6.091305829043414e-13,-1.0807881912728084e-12,-2.4350101206020538e-12,2.124771892494864e-10,-2.663403611831517e-12,2.101415690364072e-10,-3.642006070111282e-10,2.958664750909415e-10,5.937706143036901e-10,-1.6618281719374106e-09,7.14119812411494e-10,1.5497189472854447e-10,2.42880218157873e-10,-1.1511463538629957e-09,-6.134992874344405e-12,1.564740806116996e-10,4.340516910073983e-10,-2.435335690094658e-12,-3.4874863349881708e-12,-4.04557792848183e-12,-6.844497085646977e-13,-1.0363742789814291e-12,-1.3395205246876838e-12,-1.3563243088766004e-13,-2.1329832923876926e-13,-2.827936260763578e-13,6.608879288390927e-15,-1.2140559859501663e-14,-2.942530778717514e-14,-5.741592440430641e-14,-4.414695523458453e-14,-2.597777529179057e-14,-3.6057741493542994e-13,-3.1084920200499975e-13,-2.3976024249765877e-13,-1.5234862131391483e-12,-7.93827968324039e-13,-1.0399239932263134e-12,-2.690233643200757e-12,2.117492939791308e-10,-2.1425751167455388e-12,5.132404573329559e-10,-3.503179899952155e-10,2.973019983304383e-10,2.102861584503444e-11,-1.1429683002515683e-09,5.206726221018836e-10,2.518038881612869e-10,2.584906842322084e-10,-1.1584900856237393e-09,-5.7034338016791365e-12,1.6506875419114849e-10,5.276627267706096e-10,-2.452751630197932e-12,-3.5741453745025937e-12,-3.796716352128727e-12,-7.139319489580746e-13,-1.116414392241733e-12,-1.496548963374233e-12,-1.4983330872703402e-13,-2.4328221407983845e-13,-3.348742923531327e-13,1.1373372777511612e-16,-2.3201874009509796e-14,-4.635092933628295e-14,-8.156966978339379e-14,-5.90922095271496e-14,-3.003287750652454e-14,-4.716833860733011e-13,-3.7654283483890943e-13,-2.5042917463530756e-13,-1.5658769097381211e-12,-9.341709309461446e-13,-1.0665172159004775e-12,2.1103018757847072e-10,2.954536592491582e-10,-1.9860329466713382e-12,-7.159661075720139e-10,-7.206176966524017e-10,2.956608823499422e-10,9.610394153617658e-10,-1.2049689103049901e-09,8.993038865526888e-10,1.6918054946701917e-10,3.185524892564271e-10,-8.741996590140714e-10,-3.8099162035494104e-12,3.4572630726287285e-10,4.1113782950415964e-11,-2.240689281413824e-12,-2.665385436627511e-12,8.488539553224767e-11,-7.003625980792357e-13,-1.1898512695589975e-12,-1.5188840653546896e-12,-1.5405633824091003e-13,-2.6816171529700796e-13,-3.918319500475482e-13,-3.244693308154668e-15,-3.124830800793563e-14,-6.057611586894377e-14,-4.467465047025976e-14,-3.286108617651359e-14,-1.1031094606406008e-14,-3.0919040556873947e-13,-2.7165566314526065e-13,-1.7832169596388667e-13,-1.313778044946082e-12,-7.899596099221899e-13,-7.86418994063366e-13,-1.8105668616632792e-12,1.7252155101657819e-10,-1.6277885931877479e-12,6.021924865263116e-10,-1.4174992641585699e-10,1.7356655972272568e-10,-2.974310819976046e-10,-1.6981216744344922e-09,8.359257930354574e-10,5.890429635733938e-10,-8.651596541406486e-10,-3.826081626786785e-10,8.807669252962113e-11,-4.606073674603689e-11,2.5404194004729226e-11,-1.590826640366401e-12,8.723660941665696e-11,8.486323599961205e-11,-6.401728527270353e-13,-9.080884793177547e-13,-1.3193998794907994e-12,-1.3601343724017997e-13,-2.4619924521062736e-13,-3.4253224486097994e-13,1.773035897934965e-15,-2.4275654141898392e-14,-4.81583719192853e-14,1.630757728997296e-14,2.068456595860701e-14,3.084128425972173e-14,-1.0662837059241879e-13,-9.591302162512559e-14,-5.589712284827316e-14,-5.317559467297926e-13,-5.142112478983069e-13,-3.518092088403961e-13,-1.072660615613517e-12,5.402799904362296e-13,-1.0962797804897337e-12,2.1671278196220416e-10,7.554937027552072e-10,1.5143659585993117e-12,-2.8519868083930286e-10,-1.5970869098890563e-09,6.757911618522466e-10,5.08791387099618e-10,-7.172386347230711e-10,9.223178171194585e-11,3.4371528631950924e-13,3.7935961887742697e-10,1.7684711800578496e-10,-9.938781143408163e-13,-6.135907278157083e-13,-1.6209713998361937e-12,-3.1549804527285435e-13,-5.435870490107764e-13,-7.210336503004228e-13,-4.499767004036296e-14,-1.0132933693558126e-13,-1.4801586559195351e-13,3.437608703824527e-14,1.988720079309761e-14,7.167276462363538e-15,2.8527899668333973e-12,2.8543460952633078e-12,2.8586658974013043e-12,2.797549698103893e-12,2.8004943786525856e-12,2.8160267527741273e-12,2.6199676090477977e-12,2.6234164321443906e-12,2.678684916294587e-12,2.2175889270323487e-12,4.096205511168343e-12,2.3594878633187505e-12,6.5354996033956684e-12,8.304032102779562e-10,5.689400893767845e-12,1.0464809913309307e-09,-3.5887420218107696e-09,8.324438430376152e-10,8.089108512711498e-12,1.11994219180754e-09,9.704812134858866e-11,1.9925812003926683e-12,4.995054827423833e-12,1.8703721995137655e-12,2.3988489025341746e-12,2.1438360991009504e-12,1.9585152997077303e-12,2.6911935331271917e-12,2.6022566055966256e-12,2.534259924052462e-12,2.8188893129495613e-12,2.7942812042635805e-12,2.7740150622550765e-12,2.8594271584950468e-12,2.852386318014822e-12,2.8462671975801665e-12
-6.880660641453051e-12,-6.880660661573275e-12,-6.880660667500812e-12,-6.880660666396099e-12,-6.8806606902827385e-12,-6.880660661958784e-12,-6.880660651477649e-12,-6.8806606894016635e-12,-6.880660664574963e-12,-6.880660662273096e-12,-6.880660672020289e-12,-6.880660667130829e-12,-6.880660652541202e-12,-6.88066068058666e-12,-6.880660666996747e-12,-6.8806606513692665e-12,-6.880660681519863e-12,-6.8806606645300025e-12,-6.880660652838056e-12,-6.8806606714983965e-12,-6.880660668700764e-12,-6.880660653575705e-12,-6.880660676233459e-12,-6.880660667500057e-12,-6.880660653714461e-12,-6.880660676374956e-12,-6.880660660676107e-12,-6.8806606548906834e-12,-6.880660687022624e-12,-6.880660660155328e-12,-6.880660651587832e-12,-6.880660678433734e-12,-6.880660665105413e-12,-6.880660659521252e-12,-6.880660688033235e-12,-6.880660657430195e-12,1.3546717734461478e-13,1.3546715719275427e-13,1.354671915787848e-13,1.3546717361597539e-13,1.3546715695438165e-13,1.3546715192218316e-13,1.3546716106640634e-13,1.3546717293559025e-13,1.3546718791170332e-13,1.354671957350257e-13,1.3546712160045851e-13,1.3546718996690221e-13,1.3546717011406587e-13,1.354671719132669e-13,1.3546718615995773e-13,1.3546717686243553e-13,1.3546712751771037e-13,1.3546719144402626e-13,1.3546717545212248e-13,1.3546714642672394e-13,1.3546718817818392e-13,1.3546717373151572e-13,1.354671334368654e-13,1.3546719887834675e-13,1.354671766225879e-13,1.3546714529460287e-13,1.354671713919137e-13,1.3546717513096395e-13,1.3546717451768707e-13,1.3546716529930521e-13,1.354671537628232e-13,1.3546714193226878e-13,1.3546717467849535e-13,1.354671964070542e-13,1.3546715459070013e-13,1.3546718479020803e-13,1.753945503597625e-13,1.7539454240292317e-13,1.7539454692346683e-13,1.753945647392869e-13,1.7539451242167705e-13,1.7539454715098996e-13,1.7539454714942042e-13,1.7539451467537586e-13,1.7539456237234916e-13,1.7539454377128265e-13,1.753945222404135e-13,1.753945568262736e-13,1.7539454915243343e-13,1.753945286187919e-13,1.7539454183647247e-13,1.7539454977605652e-13,1.7539452209914414e-13,1.7539454733627923e-13,1.753945513808887e-13,1.753945258522605e-13,1.7539455916702429e-13,1.75394551167632e-13,1.753945213952498e-13,1.7539454476199704e-13,1.753945439900065e-13,1.7539453367951682e-13,1.7539455456387727e-13,1.7539455202970203e-13,1.7539451467596474e-13,1.7539454863456344e-13,1.7539456085041034e-13,1.753945072580457e-13,1.7539455542720907e-13,1.7539454683086622e-13,1.7539455747143893e-13,1.753945585752428e-13,1.6958333554837728e-13,1.6958331588477628e-13,1.695833241424662e-13,1.6958330629164768e-13,1.6958329294915654e-13,1.695833262814333e-13,1.6958331869731719e-13,1.6958331029616312e-13,1.6958330184946726e-13,1.6958332548852333e-13,1.6958330034332808e-13,1.695833240826895e-13,1.6958333327601117e-13,1.695833046775889e-13,1.6958332169326197e-13,1.6958332987363394e-13,1.695833112573591e-13,1.6958332346029182e-13,1.6958331019893223e-13,1.6958330456842366e-13,1.6958332453001568e-13,1.6958333698065586e-13,1.695832984921641e-13,1.6958332490662358e-13,1.6958333095667347e-13,1.6958330440094625e-13,1.6958332127346861e-13,1.6958332518842317e-13,1.6958330426489604e-13,1.6958332289248645e-13,1.6958331162241475e-13,1.6958329263209353e-13,1.6958331201654289e-13,1.6958332674760612e-13,1.6958331000012616e-13,1.6958333143045974e-13,1.638084990328496e-13,1.638084478526163e-13,1.6380848651056862e-13,1.6380845268764532e-13,1.6380846573547517e-13,1.6380847388361295e-13,1.6380848671607857e-13,1.6380846379185276e-13,1.638084859970696e-13,1.6380848875729375e-13,1.6380847102968474e-13,1.6380847602585887e-13,1.6380846137635936e-13,1.638084381213437e-13,1.6380849294635448e-13,1.638084909090789e-13,1.638084400323983e-13,1.6380848831172128e-13,1.6380849034956716e-13,1.638084386440548e-13,1.638084796939299e-13,1.638084591754749e-13,1.6380846210073531e-13,1.6380848979307736e-13,1.6380849067923983e-13,1.6380846206157106e-13,1.6380847727829675e-13,1.6380845794771268e-13,1.6380845778692056e-13,1.6380848431121088e-13,1.6380848823508187e-13,1.638084561652556e-13,1.6380848281722172e-13,1.6380846624146817e-13,1.6380847119991027e-13,1.6380849351002314e-13,1.5827261382538425e-13,1.5827257390678203e-13,1.5827260383379531e-13,1.582725805767739e-13,1.5827256691573422e-13,1.5827259526005292e-13,1.5827260143450867e-13,1.5827257663279451e-13,1.5827259470894626e-13,1.5827258342009013e-13,1.582725770029134e-13,1.5827260036828094e-13,1.5827260059593252e-13,1.58272586482173e-13,1.5827258866086254e-13,1.5827260327146113e-13,1.5827257068934672e-13,1.582725956432419e-13,1.5827259460329736e-13,1.5827258048954755e-13,1.5827259644171596e-13,1.5827259870882658e-13,1.5827258857259978e-13,1.5827258275081216e-13,1.5827259858452007e-13,1.5827257220672958e-13,1.582726018836742e-13,1.5827260019373695e-13,1.5827258054653738e-13,1.582726008530734e-13,1.5827259845735236e-13,1.5827255593598757e-13,1.5827257066910987e-13,1.5827260901708755e-13,1.582725769161685e-13,1.5827260256384366e-13,1.5296494312434693e-13,1.5296492633817204e-13,1.5296493435206907e-13,1.5296493110184703e-13,1.52964902744724e-13,1.5296492554917099e-13,1.5296493009395088e-13,1.5296491034415588e-13,1.529649366451551e-13,1.529649362079538e-13,1.5296490857085513e-13,1.5296493017447255e-13,1.5296493399214291e-13,1.5296490897979335e-13,1.5296493628754407e-13,1.5296492695237546e-13,1.5296491402013036e-13,1.5296492934483786e-13,1.5296493704456135e-13,1.529649096338121e-13,1.529649407863694e-13,1.5296493838469088e-13,1.5296490762801544e-13,1.5296493229524247e-13,1.5296492987448306e-13,1.5296491166014046e-13,1.529649314064474e-13,1.5296493158121435e-13,1.52964914223494e-13,1.5296493352876667e-13,1.5296492750814228e-13,1.5296491186241762e-13,1.5296493213077328e-13,1.529649314799033e-13,1.529649203906667e-13,1.5296494606062e-13,1.4787462557660557e-13,1.4787460383570202e-13,1.4787461522644192e-13,1.4787461588547868e-13,1.4787460546063694e-13,1.478746234555303e-13,1.4787462476504122e-13,1.4787459735871303e-13,1.4787460918025813e-13,1.478746083857883e-13,1.47874606911746e-13,1.4787461544411563e-13,1.4787460586620424e-13,1.4787460075757555e-13,1.47874626414588e-13,1.4787463414040484e-13,1.478745911205054e-13,1.4787460836338577e-13,1.478746058783777e-13,1.478746103167429e-13,1.4787461479514074e-13,1.4787460288988076e-13,1.47874612730981e-13,1.478746247545504e-13,1.478746283466622e-13,1.478746085529006e-13,1.4787462712350844e-13,1.4787463079189936e-13,1.4787458746875583e-13,1.4787461757858815e-13,1.4787463178483518e-13,1.4787459933281187e-13,1.478746247747097e-13,1.4787461437353873e-13,1.4787462963580783e-13,1.4787462120688666e-13,1.4299131002712895e-13,1.4299129183553058e-13,1.429913058727767e-13,1.4299129651042097e-13,1.429912774256186e-13,1.4299130646068238e-13,1.429912944431997e-13,1.4299128276736278e-13,1.4299129615129615e-13,1.42991297882048e-13,1.4299125492352874e-13,1.4299129605876905e-13,1.4299128823546365e-13,1.4299125257202713e-13,1.429912720233505e-13,1.429912701474131e-13,1.4299126921860156e-13,1.4299129315079218e-13,1.4299130531219865e-13,1.4299127627004728e-13,1.4299130008027966e-13,1.4299131207667975e-13,1.429912878321202e-13,1.4299128706073954e-13,1.4299129134663049e-13,1.4299130463509558e-13,1.429913230034828e-13,1.4299132735046313e-13,1.4299128719404649e-13,1.429913231762949e-13,1.429913094075424e-13,1.429912737480867e-13,1.4299132387602183e-13,1.4299132839581425e-13,1.4299131857653656e-13,1.4299131842060332e-13,1.3830520558282502e-13,1.3830519862537658e-13,1.3830520280817529e-13,1.3830519543720843e-13,1.3830517303930617e-13,1.383051831353089e-13,1.3830513940314313e-13,1.3830512232591214e-13,1.3830514865437714e-13,1.3830512103608796e-13,1.383050746244564e-13,1.3830510375602566e-13,1.383050970781158e-13,1.383050904797938e-13,1.38305073686331e-13,1.3830510805023768e-13,1.3830510183913637e-13,1.3830512664445894e-13,1.3830514843843534e-13,1.3830512457985653e-13,1.383051497519521e-13,1.3830519451223148e-13,1.383051746706776e-13,1.383052019009181e-13,1.3830523345656923e-13,1.383052028577423e-13,1.3830522120121556e-13,1.3830526389940636e-13,1.3830522075564067e-13,1.383052404784707e-13,1.383052434680735e-13,1.3830523358164798e-13,1.3830525976294996e-13,1.383052582533712e-13,1.3830525558110283e-13,1.3830526540696322e-13,1.3380693828505626e-13,1.3380694013601828e-13,1.3380692324338913e-13,1.3380681996864726e-13,1.338067769295797e-13,1.3380682267027811e-13,1.3380664822445025e-13,1.3380662232676217e-13,1.3380663882369607e-13,1.338064558495755e-13,1.3380644898593047e-13,1.3380645227531192e-13,1.3380637538101415e-13,1.3380633638860138e-13,1.3380639765542174e-13,1.33806463351413e-13,1.3380643924327847e-13,1.3380645025921185e-13,1.3380665615094482e-13,1.3380663129231353e-13,1.3380664999456183e-13,1.3380686799916903e-13,1.3380685117029094e-13,1.3380685755735877e-13,1.3380699833348804e-13,1.3380697879509746e-13,1.3380699990513686e-13,1.3380710721129854e-13,1.3380707506442814e-13,1.3380709787270245e-13,1.338071430257456e-13,1.3380711070334974e-13,1.3380713177050983e-13,1.338071530262647e-13,1.338071615415204e-13,1.3380717783926615e-13,1.2948730707595514e-13,1.2948728055152991e-13,1.2948729692891037e-13,1.2948679579473802e-13,1.294867961070084e-13,1.2948681301316405e-13,1.294859839090157e-13,1.2948594291195494e-13,1.294859596946458e-13,1.2948509254375325e-13,1.2948505011096949e-13,1.294850683270658e-13,1.2948470259458392e-13,1.2948465389478741e-13,1.294846675537131e-13,1.2948511529609432e-13,1.2948505629819807e-13,1.2948508367343106e-13,1.2948599469154035e-13,1.2948596600417757e-13,1.294860021989201e-13,1.2948694046358653e-13,1.2948691053639795e-13,1.2948693150828364e-13,1.294876115555802e-13,1.2948758392649e-13,1.2948760387899675e-13,1.29487974445052e-13,1.294879582861466e-13,1.2948798425195752e-13,1.2948816140165787e-13,1.294881408802641e-13,1.294881514040331e-13,1.2948823018139057e-13,1.2948821920352527e-13,1.2948823125173158e-13,1.2533634730651319e-13,1.253362947339144e-13,1.2533629976285103e-13,1.2533420377462166e-13,1.253341375473252e-13,1.253341414656733e-13,1.2533034365049905e-13,1.2533022383031528e-13,1.2533025014504375e-13,1.253261790607157e-13,1.2532598783971914e-13,1.253260545134096e-13,1.253242640508907e-13,1.2532403572119618e-13,1.2532411307848649e-13,1.2532621750491452e-13,1.2532602620138084e-13,1.2532607889071872e-13,1.2533050546777666e-13,1.2533036783555006e-13,1.253304045498622e-13,1.253346464857382e-13,1.2533458665371028e-13,1.2533459708518805e-13,1.253375088601744e-13,1.2533746917154293e-13,1.2533749836604417e-13,1.2533911799754842e-13,1.253390659695899e-13,1.2533907205103066e-13,1.2533980943568907e-13,1.253397900070429e-13,1.253398141218716e-13,1.25340079834594e-13,1.2534006675795823e-13,1.2534008471563897e-13,1.2133995959510844e-13,1.213397836176127e-13,1.2133978183346732e-13,1.2133068747384752e-13,1.2133036841458418e-13,1.213304339814884e-13,1.2131344100663953e-13,1.2131282599058153e-13,1.2131296895677972e-13,1.2129427387480922e-13,1.2129320021838821e-13,1.2129356584022016e-13,1.212851230320329e-13,1.212838521185855e-13,1.2128431766347194e-13,1.2129431753698613e-13,1.2129329991350194e-13,1.2129361448594377e-13,1.2131388486012884e-13,1.213132738231723e-13,1.213134280862488e-13,1.2133227734344665e-13,1.213319547526197e-13,1.213320351834894e-13,1.2134439027577547e-13,1.2134427191903657e-13,1.2134426981700746e-13,1.2135074822798093e-13,1.213506894647681e-13,1.213507095665244e-13,1.2135354091111605e-13,1.2135351844998617e-13,1.2135352377029797e-13,1.213545477536435e-13,1.2135452236125777e-13,1.2135453540530634e-13,1.174685015572776e-13,1.174676639418293e-13,1.1746772858131946e-13,1.1742976869667906e-13,1.174281305134443e-13,1.1742845991456314e-13,1.1735572801153174e-13,1.1735228127468456e-13,1.1735334957726225e-13,1.1727028248011403e-13,1.1726428517717576e-13,1.1726663928182503e-13,1.1722762647371853e-13,1.1721999480793732e-13,1.1722333379041937e-13,1.1727037200582326e-13,1.172643387898653e-13,1.1726675512044682e-13,1.173570352057743e-13,1.173536141310109e-13,1.1735465617180534e-13,1.1743516274646184e-13,1.174335466805576e-13,1.174338968852971e-13,1.1748454983412183e-13,1.1748393408980562e-13,1.174840057105806e-13,1.1750934567511404e-13,1.1750912101996098e-13,1.175091128908952e-13,1.1751979014511475e-13,1.1751969281647106e-13,1.1751971089446538e-13,1.1752330747896116e-13,1.1752329880390367e-13,1.1752328961509272e-13,1.1364051319547169e-13,1.1363668249906919e-13,1.1363708429050029e-13,1.1348624601069654e-13,1.1347793118374664e-13,1.134800276556521e-13,1.1317706075358671e-13,1.131581098798614e-13,1.1316524461645502e-13,1.1280028973748867e-13,1.127651571752039e-13,1.1278168239374099e-13,1.1260322598346967e-13,1.1255703435090158e-13,1.1258105743667572e-13,1.1279984054762377e-13,1.1276463378837705e-13,1.1278120873183783e-13,1.131804023963018e-13,1.131614564407525e-13,1.1316868935757226e-13,1.1350349393905931e-13,1.1349541824519067e-13,1.1349756963124692e-13,1.1369559657536654e-13,1.1369267229387865e-13,1.1369308213511724e-13,1.1378768955667912e-13,1.137867182301408e-13,1.137867639432345e-13,1.138247979627466e-13,1.1382448460508412e-13,1.1382448903807185e-13,1.1383690562534361e-13,1.1383681304671027e-13,1.1383678419750201e-13,1.096166570470814e-13,1.0959898755563121e-13,1.0960175202510582e-13,1.0902406568078915e-13,1.0898297657678427e-13,1.0899568088487829e-13,1.0778928555434426e-13,1.0768859388884731e-13,1.0773269221530625e-13,1.0619804846709799e-13,1.0599779539490468e-13,1.0610516807739803e-13,1.0530833746783602e-13,1.0503201668917741e-13,1.0519545418838197e-13,1.0619312554450513e-13,1.0599251268428586e-13,1.0610026725189642e-13,1.0779555539699954e-13,1.0769470799123822e-13,1.0773923907929304e-13,1.0907562696421758e-13,1.0903536679519294e-13,1.0904843231356113e-13,1.0979568630105475e-13,1.0978197752838447e-13,1.0978465049269775e-13,1.1011905306856804e-13,1.1011492784384072e-13,1.1011515730822509e-13,1.1024315298026787e-13,1.1024194904428737e-13,1.1024189129243451e-13,1.1028209198916109e-13,1.102817148924737e-13,1.1028164504076824e-13,1.0472331591068122e-13,1.0464677283143507e-13,1.046615394388263e-13,1.0259844861912284e-13,1.0240513664828931e-13,1.0247393922827062e-13,9.793299552011974e-14,9.741836176169492e-14,9.767078801349819e-14,9.149356402055232e-14,9.038283293830399e-14,9.10432942765809e-14,8.757872780811459e-14,8.594318198553679e-14,8.701742823406e-14,9.146350410805165e-14,9.035032936935954e-14,9.101335654142986e-14,9.793340396083492e-14,9.741739355961973e-14,9.767223359523819e-14,1.0273828274192893e-13,1.0254803960049055e-13,1.0261825568932323e-13,1.052640433553048e-13,1.0520382932887746e-13,1.0521777037076666e-13,1.0633493888642219e-13,1.0631786455654899e-13,1.063193714252016e-13,1.0672107980440716e-13,1.0671656806748473e-13,1.0671629393555004e-13,1.0683723218344e-13,1.0683587721328654e-13,1.0683560640043829e-13,9.730124546010596e-14,9.699294414141421e-14,9.705927716700275e-14,9.026234907569615e-14,8.941039705165238e-14,8.974237532609954e-14,7.384185535217994e-14,7.135099291571087e-14,7.267793395425847e-14,4.9226467198367866e-14,4.328996815059142e-14,4.711784756868866e-14,3.254888183095045e-14,2.299136351090969e-14,2.983184087193708e-14,4.907498192968292e-14,4.312201716364457e-14,4.696665804532286e-14,7.376907945397326e-14,7.126805755755873e-14,7.260880677074932e-14,9.059376584134729e-14,8.975084680532082e-14,9.009002156301052e-14,9.879413724372324e-14,9.854775280293072e-14,9.861047262809998e-14,1.0204309459971422e-13,1.0197787262203782e-13,1.0198445793018546e-13,1.0315009217849928e-13,1.0313406705031662e-13,1.0313319430415953e-13,1.0346557306304798e-13,1.0346106452627247e-13,1.034600791687961e-13,8.400065862124108e-14,8.287363085133278e-14,8.311600458493477e-14,6.300650829626667e-14,5.957087096502147e-14,6.096550094357409e-14,1.0403944725802604e-14,-7.806196497447859e-16,5.506143506253985e-15,-7.676721444695202e-14,-1.0691305685163894e-13,-8.623049546280611e-14,-1.4483550757186779e-13,-1.9851496903029384e-13,-1.5758589998753735e-13,-7.744539399672863e-14,-1.0769681071648451e-13,-8.690883353403592e-14,9.934012172100873e-15,-1.3177171916037765e-15,5.047084480367681e-15,6.363859308810578e-14,6.022076588692934e-14,6.165131332369882e-14,8.76679670170643e-14,8.675219817197756e-14,8.698720121237921e-14,9.65168301106133e-14,9.629168045842587e-14,9.631198251359286e-14,9.93470687544676e-14,9.929460896318766e-14,9.929075885683053e-14,1.0011478371249305e-13,1.0010109572805579e-13,1.0009774942822823e-13,6.030261081555488e-14,5.669339833309069e-14,5.734005116107993e-14,6.0284430543978885e-15,-6.1973140901402e-15,-1.3759627045687044e-15,-1.4179812258113465e-13,-1.868528075856539e-13,-1.6105030105587402e-13,-4.1861736735873914e-13,-5.564087068172063e-13,-4.588846619839044e-13,-6.753044372663904e-13,-4.0038811866656825e-13,-7.330590753264588e-13,-4.2135988227185226e-13,-5.583053270787356e-13,-4.616350112078453e-13,-1.4389900635869736e-13,-1.893347853078089e-13,-1.6312577337150343e-13,6.774391850417985e-15,-5.463324619838776e-15,-4.707799768859796e-16,6.801589001508708e-14,6.503064464211383e-14,6.570205837730557e-14,8.887543224062139e-14,8.81940125811725e-14,8.82223477192049e-14,9.512796251981422e-14,9.497902500337406e-14,9.495918918801811e-14,9.674100616388337e-14,9.670423286632505e-14,9.669296906799194e-14,2.5868736379494042e-14,1.629003767774664e-14,1.701876835561676e-14,-8.826863993304354e-14,-1.2429974688483947e-13,-1.1248162611572737e-13,-4.2952252399237306e-13,-5.78106693115713e-13,-4.986815470519571e-13,-1.1612512460504768e-12,-5.88916287802953e-13,-1.3211551288486787e-12,-8.914528774610423e-13,1.9611311301195957e-10,-1.1414388007945722e-12,-1.1667669441873515e-12,-1.627010362650354e-14,-1.3267282917837064e-12,-4.3702910222395797e-13,-5.831114086165416e-13,-5.061483277881468e-13,-8.87697370868371e-14,-1.251046488044108e-13,-1.1256839895300309e-13,3.895375531371222e-14,3.0884062812547335e-14,3.193482854564932e-14,7.922180418028765e-14,7.749871620706453e-14,7.73739207221821e-14,9.058156913335106e-14,9.022395828529047e-14,9.013346634488788e-14,9.338039506899823e-14,9.329619428464185e-14,9.326096998554642e-14,-4.049199386949014e-15,-2.3254336256984633e-14,-2.667687362401318e-14,-1.7781679543733668e-13,-2.538281761459421e-13,-2.4637014088170293e-13,-7.375098602044313e-13,-5.36551802587633e-13,-9.564036256429386e-13,-1.0061389256026614e-12,1.945067754180886e-10,-1.578496024281476e-12,1.945644483704584e-10,-1.1160278047315172e-09,1.9412675448070294e-10,1.2689753244588242e-13,3.932673614162873e-10,-4.4593739894355357e-13,-7.50353462149348e-13,5.934390376105665e-13,-9.692975516458755e-13,-1.8322091484268356e-13,-2.5649635397046076e-13,-2.508846435840989e-13,1.2207017132284836e-14,-4.26156341685854e-15,-6.028745303133793e-15,7.053940404184588e-14,6.717953281756265e-14,6.612515976178648e-14,8.640810734041605e-14,8.572880768941806e-14,8.541042873172999e-14,9.021510363043714e-14,9.005734941768081e-14,8.996318208607863e-14,-2.755692349338884e-15,-2.852810569504622e-14,-4.901663671455223e-14,-1.5754450810479675e-13,-2.4808423224792284e-13,-3.1471130844283856e-13,-6.185119770840511e-13,-9.584274905659176e-13,-1.1895113239904497e-12,-1.5913085232250372e-12,-1.0314948560420904e-12,-2.2050996551841475e-12,-4.571850927792177e-13,3.9079626927814426e-10,2.0535776971687512e-10,1.968114287138207e-10,-1.0010772351138449e-09,1.9621518477256126e-10,4.878198014171095e-13,1.9687679816771492e-10,-8.268499216259644e-14,-1.6842552100657735e-13,3.064893822639361e-13,-3.2378801300653407e-13,1.0009410584084446e-14,-1.086308425939028e-14,-2.7769319245444637e-14,6.750225463488962e-14,6.262511925984488e-14,5.899753221528144e-14,8.354411954944464e-14,8.253630538995497e-14,8.17329034601845e-14,8.744835408452118e-14,8.721817258986536e-14,8.702588389892972e-14,1.2118145509540887e-14,-1.8182537178200165e-14,-5.344352657682742e-14,-1.10113221014055e-13,-2.1738458026954465e-13,-3.551851252589328e-13,-4.668525620225581e-13,-8.718963491899909e-13,-9.125089198059983e-13,-1.198085588879472e-12,-8.114427313441457e-13,2.0378846978072094e-10,-2.97751595847673e-13,4.0175421313021235e-10,-7.531538648291036e-10,1.971052781284988e-10,-7.990477660904851e-10,4.0228183725978825e-10,6.123985681730782e-13,1.9686923502203973e-10,1.6775721737651576e-13,-1.2909084151194258e-13,3.2230778742404317e-13,-3.718566823559937e-13,1.8783500141791245e-14,-6.287006774180936e-15,-3.5373206995846416e-14,6.768225433039638e-14,6.197585866550061e-14,5.6276511178088484e-14,8.158135129263986e-14,8.041723135504426e-14,7.928841531995852e-14,8.500816106517284e-14,8.474302392030073e-14,8.448812341184786e-14,3.6465459049626456e-14,1.5584421199159965e-14,-9.550138439778325e-15,-3.7035229738847534e-14,-1.0543971208697822e-13,-1.935742805885231e-13,-2.4174129319340224e-13,-4.725781178978177e-13,-2.3243601736715404e-13,-6.276865726589199e-13,4.2563697259922587e-13,2.0600879505007935e-10,6.818490833237132e-13,4.0247137945692853e-10,-6.329288030513093e-10,1.9672636131232186e-10,-7.934290741334242e-10,4.0341415295233885e-10,8.059968260544769e-13,1.963264183856619e-10,8.152679183574727e-13,-6.487406000387812e-14,4.1550027151572356e-13,-2.199418938212329e-13,3.446818434460658e-14,1.695972916094931e-14,-3.293018940760052e-15,6.962406948922561e-14,6.536729530505594e-14,6.121507295780375e-14,8.006980153839798e-14,7.917179593561068e-14,7.83062623369539e-14,8.274026511087146e-14,8.252887018848405e-14,8.232807845092584e-14,5.5831411853487046e-14,4.532371461625736e-14,3.295592783537396e-14,1.8295721842410464e-14,-1.3679292540485638e-14,-5.2257406213132644e-14,-8.296035771339346e-14,-1.7933400550184492e-13,2.6113628700883456e-13,-2.6387340964474874e-13,1.1761668948250523e-12,2.0630708373062236e-10,1.219280239366908e-12,4.01795139586029e-10,-6.244957404631705e-10,1.9622810898165672e-10,-7.891955217806661e-10,4.027987099307679e-10,9.12402212984828e-13,1.9576144376533833e-10,1.2542361427270225e-12,-3.085862334443935e-14,4.750429474139281e-13,-1.0163730736936663e-13,4.064009979178896e-14,3.083781502619651e-14,2.1659966684466107e-14,6.881957468488847e-14,6.619249475287467e-14,6.428392397265344e-14,7.786749967888643e-14,7.728469084683469e-14,7.685258152109158e-14,8.031679475679692e-14,8.017522060901576e-14,8.006606458823223e-14,6.390413102411055e-14,5.916804974997873e-14,5.40062737438955e-14,4.0613734539198583e-14,2.643906355039205e-14,1.2045204219867741e-14,-2.5760742830703767e-14,-6.538690696639659e-14,4.52204425612941e-13,-1.5712962659425123e-13,1.4032079793283688e-12,2.057357872396252e-10,1.3021383855828193e-12,4.00437489018573e-10,-6.20688247832995e-10,1.955436258836998e-10,-7.865482324672167e-10,4.019837505004845e-10,8.266505732789843e-13,1.9508015991025807e-10,1.2960539107028493e-12,-7.594509969544152e-14,4.2870894797573465e-13,-1.0991559218957838e-13,1.971187506600602e-14,1.119406152296237e-14,9.605634016065411e-15,5.991431160764858e-14,5.753969940880255e-14,5.72834927513613e-14,7.349580560505826e-14,7.295870745914538e-14,7.285527565842714e-14,7.72968978998671e-14,7.716164411105019e-14,7.712284347355911e-14,6.169239305537577e-14,5.902899121442892e-14,5.722874055123161e-14,3.347925172781788e-14,2.4590449032854467e-14,2.093552631499054e-14,-5.812175388078243e-14,-8.600459126918989e-14,4.570248117344907e-13,-2.825904615505693e-13,1.2571736764995873e-12,2.0381891255049009e-10,9.152682933140476e-13,3.9765299416500503e-10,-8.212450275098079e-10,1.9441313915344372e-10,-7.841768834137077e-10,6.02761989974463e-10,3.614289977722017e-13,1.9403844144380084e-10,1.949201978814369e-12,-2.8374016760344937e-13,1.722874835094477e-13,-3.1211595774405093e-13,-5.746391967307346e-14,-7.672625332342598e-14,-6.825326632213878e-14,3.425450810831876e-14,2.9408590843898594e-14,3.110876157937337e-14,6.466105760313526e-14,6.358755690895209e-14,6.381071898402842e-14,7.301287547745765e-14,7.274694901152313e-14,7.275738339394682e-14,5.141988097195011e-14,4.8800649854372516e-14,4.9046247301815535e-14,7.696764764051302e-16,-1.0251597372134028e-14,-6.916798318084841e-15,-1.8093209913376673e-13,-2.316260304033114e-13,-2.0285212770359107e-13,-7.011770839723328e-13,-3.8707296742916885e-13,8.767762762457062e-13,-7.851273809783174e-13,1.9516948480490102e-10,4.0487812783937787e-10,1.9350408474643577e-10,-3.7299922775288263e-10,-6.248660523333853e-10,-9.349800726651779e-13,1.93880598992657e-10,2.02418467609312e-10,-8.256159216280422e-13,-5.429593673109713e-13,-3.423445263181415e-13,-2.438840600416272e-13,-3.035904583432011e-13,-2.679284078215621e-13,-2.2603143440704246e-14,-3.625097137040592e-14,-3.047565609858213e-14,4.7766409553088143e-14,4.4853002026594794e-14,4.556326217574391e-14,6.648553466391989e-14,6.578490780287403e-14,6.581473887932893e-14,3.6543114787773914e-14,3.261173666631866e-14,3.440611425901273e-14,-4.903549462865199e-14,-6.825405089777344e-14,-5.6565791696502547e-14,-3.7581622342876573e-13,-4.789860388638022e-13,-4.0322064025789967e-13,-1.4004877475546693e-12,-9.043351958077467e-13,-9.421463766705481e-13,-1.9084498754132817e-12,4.031001054645438e-10,2.023956752687561e-10,4.016376988577748e-10,-1.4154056604106874e-09,-2.1558160631897134e-10,-2.533828099399965e-12,4.019602488065386e-10,2.0161956585913943e-10,-1.872135971283798e-12,-1.5633901976273342e-12,-1.5241921707655007e-12,-5.9296735624644e-13,-7.58399523299251e-13,-6.695417966888863e-13,-1.25260026508356e-13,-1.6152184081760874e-13,-1.4953056518788785e-13,1.921865526215432e-14,1.1634718835345127e-14,1.2570872813057968e-14,5.6766510798696654e-14,5.4973975566943846e-14,5.4813303091445905e-14,2.3148481432793677e-14,1.7758501757926883e-14,1.9759873353212887e-14,-9.141041461979708e-14,-1.180964566136689e-13,-1.0476723008863356e-13,-5.321555615540256e-13,-6.710100552845088e-13,-5.869572117619487e-13,-1.9150272104542537e-12,-1.2280113681621415e-13,-1.581001044784756e-12,-1.5113481872003657e-12,7.686687238824141e-10,2.004581660639779e-10,5.499590204104179e-10,-2.3360094641138737e-09,-2.6824783679043575e-10,-3.9231505258054055e-12,7.090270670536104e-10,4.006482026163939e-10,-3.2916496284889466e-12,-2.612084495678391e-12,-2.3805257322941628e-12,-1.0984947349620536e-12,-1.4713996577838885e-12,-1.347279105282126e-12,-2.7566787874792603e-13,-3.5925194698194755e-13,-3.5014143385665753e-13,-2.1693462007796093e-14,-3.9243434921615535e-14,-4.0921087927282824e-14,4.369846615269168e-14,3.9575706227363064e-14,3.837887979867208e-14,1.1522233891364008e-14,4.945719720794239e-15,5.966935933277584e-15,-1.259532512001237e-13,-1.5779097265821416e-13,-1.510653963967167e-13,-6.486531953273552e-13,-2.608928448901109e-13,-7.679497682554206e-13,-1.1653109956304558e-12,2.1434328086882532e-10,-1.660995015328292e-12,2.1250519025469734e-10,-7.512640392168885e-10,2.1283027486182805e-10,3.4316282095124517e-10,-6.813622044789583e-10,8.296426536764522e-10,1.50985440385162e-10,-2.541536370020547e-10,-5.876202223862526e-10,-4.430712415219083e-12,1.532618551666272e-10,1.9605390139658146e-10,-1.7523315201527965e-12,-2.1459362119243985e-12,-1.9646682021733247e-12,-4.618123665993708e-13,-6.353128848121567e-13,-6.615917603322226e-13,-7.043054565297206e-14,-1.0625021441189712e-13,-1.1870154869051854e-13,2.8779903678945296e-14,2.050513700591256e-14,1.6265954426567358e-14,-2.4316693896327313e-15,-8.311501829735278e-15,-7.547885911876126e-15,-1.6719363645607494e-13,-1.9876897832721182e-13,-1.977777745053338e-13,-7.85312209751285e-13,-4.104237638448991e-13,-9.64557587610092e-13,-1.5621389526465594e-12,2.1403891302293372e-10,-2.2441378058580843e-12,2.1199755475835372e-10,-4.540563803144341e-10,2.955116783510974e-10,4.198639129134623e-10,-1.313750511552299e-09,3.9186774995733037e-10,7.656932524635738e-11,5.446470818737381e-10,-5.766959791405382e-10,-5.695554389286918e-12,7.851290224400805e-11,2.730885086961331e-10,-2.144556896851379e-12,-3.0486355211728103e-12,-3.1732394775476997e-12,-5.910896803576794e-13,-8.559611511284607e-13,-1.0202702488271251e-12,-1.078884654236022e-13,-1.6482774924673465e-13,-2.0504435541269773e-13,1.6349688845466466e-14,2.880216776239227e-15,-7.590326213007616e-15,-2.516850451891023e-14,-2.4978104434257047e-14,-1.8755937870468963e-14,-2.420955915499189e-13,-2.5146920734993987e-13,-2.306982462178261e-13,-1.0572273334229657e-12,-6.088842742826924e-13,-1.080773511700982e-12,-2.4345527788519716e-12,2.126153213694228e-10,-2.662661954631072e-12,2.102811310200954e-10,-3.6461757093710776e-10,2.9618290379888947e-10,5.941840330748871e-10,-1.6626273954154948e-09,7.139254617855884e-10,1.5512237872708893e-10,2.426158321442564e-10,-1.1511124202452816e-09,-6.1346021321836005e-12,1.5662397076733363e-10,4.341335177816163e-10,-2.4353500545512323e-12,-3.4871993798829465e-12,-4.044854593393439e-12,-6.844530224573608e-13,-1.036364632199682e-12,-1.3394483618935673e-12,-1.3563302913917506e-13,-2.132973383786415e-13,-2.827858550126433e-13,6.608768410785676e-15,-1.2140499414745758e-14,-2.9424465654081924e-14,-5.741763979563564e-14,-4.4147271354774187e-14,-2.5977719627872034e-14,-3.605892294796747e-13,-3.108502122983971e-13,-2.397594358858841e-13,-1.5235684179986577e-12,-7.937339599879005e-13,-1.0399156338499397e-12,-2.6897128750825928e-12,2.1181576460489245e-10,-2.142024427459805e-12,5.136810067794489e-10,-3.5036653330302106e-10,2.975759637303698e-10,2.035420102736815e-11,-1.1426727097294729e-09,5.199425887355406e-10,2.5214090211638993e-10,2.578394512667658e-10,-1.1581139302156156e-09,-5.703202880065302e-12,1.6525092901818863e-10,5.278501096462205e-10,-2.4528514234798513e-12,-3.5740628469976275e-12,-3.796124404209594e-12,-7.139497537637595e-13,-1.1164443140017538e-12,-1.4965540848486935e-12,-1.4983629584578828e-13,-2.4328694045120485e-13,-3.3487740945693864e-13,1.1322311109099554e-16,-2.3202637127844303e-14,-4.6351651296485494e-14,-8.157327544749976e-14,-5.909320824756599e-14,-3.003308671770584e-14,-4.717108746905205e-13,-3.765480220769579e-13,-2.5042960380082377e-13,-1.5657899208346075e-12,-9.340328281136821e-13,-1.0665135650980476e-12,2.112473991052477e-10,2.955647024058338e-10,-1.985655640615387e-12,-7.169370071969985e-10,-7.20742558654184e-10,2.957729515636059e-10,9.615156783365607e-10,-1.2050259934203274e-09,8.996213197279244e-10,1.6932225991013554e-10,3.180450352512574e-10,-8.741870698941989e-10,-3.809429570533389e-12,3.461861348877845e-10,4.07709271707852e-11,-2.2408677202129138e-12,-2.664847298711311e-12,8.503668672164383e-11,-7.004001608332256e-13,-1.1899508981539186e-12,-1.5188585491097657e-12,-1.5406283024171335e-13,-2.6817690481775677e-13,-3.918576446910617e-13,-3.2457794133074474e-15,-3.125064028669581e-14,-6.057976131858252e-14,-4.467692728608852e-14,-3.286283754831004e-14,-1.103187172861021e-14,-3.0920603262029656e-13,-2.7166815706907656e-13,-1.7832670208884614e-13,-1.3138832414813749e-12,-7.897266262440015e-13,-7.864514775081063e-13,-1.809790603618764e-12,1.727592471402953e-10,-1.6273082384177133e-12,6.027253681120471e-10,-1.433324971660041e-10,1.7380439051379788e-10,-2.9801874104787617e-10,-1.6965096569917676e-09,8.357930467269996e-10,5.891743740329489e-10,-8.651982671468955e-10,-3.824957370505939e-10,8.824360606065781e-11,-4.6689576570683895e-11,2.4252986196266047e-11,-1.590707657492768e-12,8.740357719677725e-11,8.518181869902994e-11,-6.402371257512295e-13,-9.080408259312871e-13,-1.3191963622813753e-12,-1.3602347283799751e-13,-2.4622353869275704e-13,-3.425645318891005e-13,1.7714394510039481e-15,-2.4279016189598944e-14,-4.8162888393308734e-14,1.6306705791203824e-14,2.0683753172795443e-14,3.084084792639632e-14,-1.0663361180811268e-13,-9.591843045718087e-14,-5.589974245360184e-14,-5.317872069090415e-13,-5.142474322329588e-13,-3.5182484905851294e-13,-1.072715473943338e-12,5.40242063579863e-13,-1.0963562060045538e-12,2.1678343959992435e-10,7.553833075430578e-10,1.5141852746372847e-12,-2.858239462437912e-10,-1.594877665226459e-09,6.757266609974079e-10,5.089617208785337e-10,-7.178537783394951e-10,9.103414239361107e-11,3.4418308232770185e-13,3.7962566952573057e-10,1.774467624100331e-10,-9.939958286267153e-13,-6.133320615478611e-13,-1.620112777760897e-12,-3.1552376071422894e-13,-5.43649554614409e-13,-7.21112109277797e-13,-4.500214362184167e-14,-1.0133911508389771e-13,-1.4802845989155182e-13,3.437530056026079e-14,1.988567815984585e-14,7.165305745064978e-15,2.852789659444057e-12,2.8543457652055743e-12,2.8586656984230338e-12,2.7975480195938787e-12,2.800492419278084e-12,2.8160256659681324e-12,2.619958327244398e-12,2.6234044233898683e-12,2.6786787046807995e-12,2.2175464843401482e-12,4.09640592097061e-12,2.3594586121067262e-12,6.5360798270996094e-12,8.305985640580569e-10,5.6898268167831234e-12,1.0467470251312858e-09,-3.590073965491118e-09,8.326399630295774e-10,8.089976616912922e-12,1.1202373269719173e-09,9.733014523444246e-11,1.9924923207399805e-12,4.995590306813246e-12,1.8713387703580866e-12,2.3988173383705213e-12,2.143762474984906e-12,1.9584291470086133e-12,2.691185854508069e-12,2.6022402676496123e-12,2.5342397669965746e-12,2.818887792137866e-12,2.794278282487637e-12,2.774011393660684e-12,2.859426848450985e-12,2.8523857918358737e-12,2.8462665219567546e-12
-6.88066064816654e-12,-6.880660660232387e-12,-6.880660662486543e-12,-6.8806606629070135e-12,-6.880660685836421e-12,-6.880660672343086e-12,-6.8806606583364335e-12,-6.880660681400188e-12,-6.8806606535431464e-12,-6.8806606604015295e-12,-6.8806606715356245e-12,-6.88066066289166e-12,-6.880660660816585e-12,-6.880660668826896e-12,-6.8806606684830065e-12,-6.880660656811649e-12,-6.88066068006966e-12,-6.880660665421426e-12,-6.880660656516321e-12,-6.880660680328011e-12,-6.88066066370933e-12,-6.880660657760082e-12,-6.880660676651664e-12,-6.8806606637171675e-12,-6.880660654510266e-12,-6.880660689978515e-12,-6.880660658500956e-12,-6.880660659208101e-12,-6.880660677919699e-12,-6.880660669623708e-12,-6.8806606522643656e-12,-6.8806606837492516e-12,-6.880660662460642e-12,-6.880660658598475e-12,-6.880660680371576e-12,-6.880660668536693e-12,1.3546718972441228e-13,1.3546717169464323e-13,1.3546716489112874e-13,1.3546717222820866e-13,1.354671330282721e-13,1.354671800737308e-13,1.3546718282878024e-13,1.354671531014309e-13,1.3546716824550526e-13,1.354671831572598e-13,1.3546715522832956e-13,1.3546716369705718e-13,1.354671841133465e-13,1.3546714200626913e-13,1.354671788294993e-13,1.3546717897517437e-13,1.3546715328489294e-13,1.3546718934746753e-13,1.3546717839030275e-13,1.3546716141611148e-13,1.3546717179092496e-13,1.3546717958444701e-13,1.3546714954702612e-13,1.3546717266738098e-13,1.3546717870170232e-13,1.3546715184792916e-13,1.3546719015830728e-13,1.3546718946265647e-13,1.354671388597702e-13,1.3546718726425758e-13,1.3546716184340035e-13,1.3546713901375748e-13,1.354671731185563e-13,1.3546717223864777e-13,1.3546718387001484e-13,1.3546719999956665e-13,1.7539455477996205e-13,1.7539453821618485e-13,1.75394565627401e-13,1.7539453677890683e-13,1.7539452221413356e-13,1.7539453831747893e-13,1.7539454860612506e-13,1.753945193629373e-13,1.753945485727026e-13,1.7539454095600494e-13,1.7539452870062785e-13,1.7539457890030314e-13,1.7539454470800815e-13,1.7539452062889523e-13,1.7539454187579182e-13,1.753945493405637e-13,1.7539453715329088e-13,1.75394549233174e-13,1.753945522833169e-13,1.7539451687447752e-13,1.753945506783587e-13,1.7539454893269096e-13,1.7539455462390522e-13,1.753945527861789e-13,1.7539454512470523e-13,1.7539451196257726e-13,1.7539454288543927e-13,1.753945629222619e-13,1.753945261199035e-13,1.753945589944287e-13,1.7539454482822965e-13,1.7539453551990563e-13,1.7539453512014152e-13,1.753945464146215e-13,1.753945337613043e-13,1.753945533041967e-13,1.6958333488206472e-13,1.6958330087368494e-13,1.6958332666906678e-13,1.695833221440956e-13,1.6958329484917506e-13,1.6958331671245207e-13,1.6958332777005629e-13,1.6958331058833478e-13,1.6958332604957474e-13,1.6958333075506193e-13,1.6958329865773594e-13,1.6958332023253936e-13,1.6958332689095636e-13,1.6958331400699955e-13,1.6958332735225657e-13,1.6958333256537659e-13,1.695832783381088e-13,1.695833284382809e-13,1.695833194750164e-13,1.695833005576034e-13,1.6958332424033283e-13,1.695833111059164e-13,1.6958327962038093e-13,1.6958332753785764e-13,1.6958334225547354e-13,1.6958330271903038e-13,1.6958332673390836e-13,1.6958331904481786e-13,1.6958330673705132e-13,1.6958332522036333e-13,1.6958332132515852e-13,1.6958329470431667e-13,1.6958331352673396e-13,1.6958332503968737e-13,1.695833107350212e-13,1.6958333542244307e-13,1.6380849306527623e-13,1.6380845533570653e-13,1.6380849594711856e-13,1.638084604347556e-13,1.6380846373394527e-13,1.638084744471249e-13,1.6380848709420512e-13,1.6380844371463156e-13,1.638084896452277e-13,1.638084836158428e-13,1.638084550204465e-13,1.638084722125821e-13,1.6380846922557312e-13,1.638084590225305e-13,1.6380849041989447e-13,1.6380847894777583e-13,1.638084633109474e-13,1.6380847339541725e-13,1.6380848071127966e-13,1.6380844303275443e-13,1.638084918037127e-13,1.6380848012955116e-13,1.6380846646075666e-13,1.63808478668377e-13,1.6380846610089836e-13,1.6380846972985038e-13,1.638084720856745e-13,1.6380847461832058e-13,1.638084484689531e-13,1.638084905594198e-13,1.6380848288980925e-13,1.638084431737435e-13,1.6380845765459752e-13,1.6380848781026323e-13,1.6380845882228977e-13,1.6380849783299746e-13,1.5827261634438428e-13,1.582725904231991e-13,1.5827257797747353e-13,1.5827258249251693e-13,1.5827255440705488e-13,1.5827259813096418e-13,1.582725849668581e-13,1.5827257217089505e-13,1.5827260367760197e-13,1.5827259651940955e-13,1.5827256158227154e-13,1.5827259688737568e-13,1.5827259962291204e-13,1.58272579876534e-13,1.5827257991964757e-13,1.582726015774017e-13,1.5827257835042213e-13,1.582726022558142e-13,1.5827260480176788e-13,1.582725583820713e-13,1.582726025134527e-13,1.5827259632072384e-13,1.5827258163757488e-13,1.582725965350444e-13,1.5827261157894911e-13,1.5827255355870846e-13,1.5827260149554475e-13,1.5827259980958506e-13,1.582725804721299e-13,1.582725943792946e-13,1.5827259953434152e-13,1.5827257215575134e-13,1.5827260238566379e-13,1.5827258068922765e-13,1.582726010641216e-13,1.582725898407751e-13,1.529649382427155e-13,1.5296491784725757e-13,1.5296493839310728e-13,1.5296493493507227e-13,1.5296490664455181e-13,1.5296493217267192e-13,1.529649369628595e-13,1.5296491061017926e-13,1.5296493568186369e-13,1.529649337025271e-13,1.5296491954042035e-13,1.5296493451251303e-13,1.5296494081144573e-13,1.5296491206305254e-13,1.5296493458385736e-13,1.5296493069590895e-13,1.5296491080634547e-13,1.5296493460002858e-13,1.5296492927350484e-13,1.5296491856852917e-13,1.5296492929315442e-13,1.529649359040869e-13,1.529649089180335e-13,1.529649309692057e-13,1.5296493114633707e-13,1.5296491058183702e-13,1.529649425692829e-13,1.5296493147350558e-13,1.5296491203758766e-13,1.5296492984839375e-13,1.5296493123808788e-13,1.5296491132818334e-13,1.5296492052516594e-13,1.5296493814739425e-13,1.5296491874914616e-13,1.5296494633996713e-13,1.4787463414000498e-13,1.4787461794111783e-13,1.4787462514633594e-13,1.4787459781978544e-13,1.47874600322069e-13,1.4787461961567631e-13,1.4787461704199754e-13,1.4787460499086136e-13,1.478745987463392e-13,1.478746259208573e-13,1.4787459218589868e-13,1.4787463268429877e-13,1.4787460483373905e-13,1.47874588638533e-13,1.4787462371306782e-13,1.4787460858802023e-13,1.47874593781232e-13,1.478746218946098e-13,1.4787463940809535e-13,1.4787458069993204e-13,1.478746257525212e-13,1.478746056798398e-13,1.4787460403466723e-13,1.4787463543783924e-13,1.4787464162032124e-13,1.4787461136825182e-13,1.478745978101517e-13,1.4787460665931697e-13,1.4787462061008312e-13,1.4787463386002858e-13,1.4787461585446022e-13,1.4787457430262704e-13,1.4787462742089522e-13,1.4787462515064148e-13,1.4787463201231065e-13,1.4787461968272883e-13,1.429913174972363e-13,1.4299127910912663e-13,1.4299131363546042e-13,1.429912975537833e-13,1.4299128511459278e-13,1.4299129544886714e-13,1.4299129537816743e-13,1.4299126686179193e-13,1.4299130810301718e-13,1.429912764879803e-13,1.429912609065859e-13,1.4299127751291766e-13,1.429912957179674e-13,1.4299125967756918e-13,1.4299127987495452e-13,1.429912974220669e-13,1.4299125847155842e-13,1.4299129311160854e-13,1.4299128514791023e-13,1.4299128871203358e-13,1.429912987156958e-13,1.429912986042833e-13,1.4299129575755333e-13,1.4299130001745836e-13,1.4299131186254418e-13,1.429912732419192e-13,1.4299132702437626e-13,1.4299132458091058e-13,1.4299130432364188e-13,1.429912993303952e-13,1.4299131922925396e-13,1.429912991591365e-13,1.4299131757000316e-13,1.4299131507341294e-13,1.4299129437105726e-13,1.429913333303295e-13,1.3830521642935036e-13,1.38305194957808e-13,1.3830521797728316e-13,1.3830518979747567e-13,1.3830517448658305e-13,1.3830517505414124e-13,1.383051447306871e-13,1.3830513219021624e-13,1.383051435792533e-13,1.3830511112983918e-13,1.383050844821479e-13,1.3830510027888552e-13,1.3830510239196444e-13,1.3830506546214995e-13,1.3830508940521347e-13,1.3830511163815217e-13,1.3830508418427078e-13,1.3830511238497428e-13,1.3830514645328992e-13,1.3830512700018296e-13,1.3830513588491942e-13,1.383051878565521e-13,1.383051642079673e-13,1.383052054282424e-13,1.3830523480718472e-13,1.3830521698091746e-13,1.3830522628842156e-13,1.3830524402189193e-13,1.3830522510441268e-13,1.3830524889752226e-13,1.383052524442013e-13,1.3830524474987872e-13,1.3830525643018354e-13,1.3830526628228914e-13,1.383052563562252e-13,1.3830527124735514e-13,1.338069338953994e-13,1.338069230094513e-13,1.3380692599875521e-13,1.33806817621431e-13,1.3380678652093115e-13,1.3380682005961774e-13,1.3380664253588717e-13,1.338066194068663e-13,1.3380663709797597e-13,1.3380645881888572e-13,1.3380645123802259e-13,1.338064791394636e-13,1.338063721441708e-13,1.3380635866102098e-13,1.3380636835565773e-13,1.3380645266199382e-13,1.3380646107743856e-13,1.3380645893298736e-13,1.3380665885468966e-13,1.3380662414268453e-13,1.3380665462626273e-13,1.3380686302807446e-13,1.338068373991603e-13,1.3380687199705652e-13,1.3380700399586568e-13,1.3380699027903978e-13,1.3380699558205833e-13,1.3380708401928835e-13,1.3380707523287733e-13,1.3380708887842838e-13,1.3380715540660373e-13,1.338071281784037e-13,1.3380712642649495e-13,1.338071547998401e-13,1.3380713878724225e-13,1.3380717647724138e-13,1.2948730519903547e-13,1.2948728094378235e-13,1.2948728959789294e-13,1.294868144237146e-13,1.2948678655542785e-13,1.294868142545497e-13,1.2948597870339846e-13,1.2948594703140244e-13,1.2948596230066056e-13,1.294850929285449e-13,1.2948503610638247e-13,1.2948505901681763e-13,1.294847021628651e-13,1.2948464834255808e-13,1.294846752439321e-13,1.294851036153226e-13,1.2948506361847346e-13,1.2948507404772253e-13,1.2948601979679344e-13,1.294859838231117e-13,1.294859973970987e-13,1.2948694289939513e-13,1.2948691298707723e-13,1.2948692917263094e-13,1.2948760430085806e-13,1.294875814518338e-13,1.294876012410572e-13,1.294879873465953e-13,1.29487953486213e-13,1.2948798638833402e-13,1.294881574113079e-13,1.2948813848300987e-13,1.2948815783060445e-13,1.294882267912183e-13,1.294882249075172e-13,1.2948822948748943e-13,1.2533634027808796e-13,1.253363184198007e-13,1.2533630032788647e-13,1.2533419858450276e-13,1.2533412482319195e-13,1.2533414765470487e-13,1.2533034366677286e-13,1.2533021640083186e-13,1.2533025142276396e-13,1.2532619128308474e-13,1.2532601605851883e-13,1.2532605695140814e-13,1.2532426070446448e-13,1.253240404897139e-13,1.2532410917878953e-13,1.2532623560041858e-13,1.2532600861085117e-13,1.2532608670594215e-13,1.2533047797206934e-13,1.253303541227203e-13,1.253304077020819e-13,1.253346478644108e-13,1.2533459336332846e-13,1.2533459154612575e-13,1.2533751806018784e-13,1.2533747223371144e-13,1.2533749265943175e-13,1.25339091214706e-13,1.2533907858838202e-13,1.2533907910610822e-13,1.2533980875273353e-13,1.2533978714516438e-13,1.2533980571065647e-13,1.25340083032219e-13,1.2534007229636703e-13,1.253400826611065e-13,1.2133995989230377e-13,1.2133977091752182e-13,1.213397894888704e-13,1.2133069617330199e-13,1.2133037623009438e-13,1.2133041568795053e-13,1.213134576239056e-13,1.2131280893139503e-13,1.2131297340576499e-13,1.2129426263196744e-13,1.2129321786325736e-13,1.2129354192923896e-13,1.2128511521339494e-13,1.2128386847719123e-13,1.2128431988715073e-13,1.2129432228786567e-13,1.21293275517574e-13,1.2129361697328718e-13,1.2131389299313746e-13,1.213132763135425e-13,1.2131343079517726e-13,1.2133227563687126e-13,1.2133195895792191e-13,1.213320294558703e-13,1.2134439193488087e-13,1.2134424411186667e-13,1.2134428976678226e-13,1.2135076733087384e-13,1.21350694883058e-13,1.2135070001426128e-13,1.2135353824060867e-13,1.2135351640899556e-13,1.213535437089947e-13,1.2135453908119278e-13,1.2135452737666627e-13,1.2135453202021185e-13,1.1746848931743277e-13,1.1746768735463773e-13,1.1746772035443797e-13,1.1742977403499012e-13,1.1742812707465578e-13,1.174284567977159e-13,1.1735572048782566e-13,1.1735229494439106e-13,1.173533481229398e-13,1.1727028557422592e-13,1.1726426962525775e-13,1.1726664763271334e-13,1.1722762853033106e-13,1.1721997445968038e-13,1.1722335728533599e-13,1.1727037214378874e-13,1.172643500451051e-13,1.172667464636786e-13,1.1735703992938273e-13,1.173536139560816e-13,1.1735465685649036e-13,1.1743515228795772e-13,1.1743355055378476e-13,1.1743390507859782e-13,1.1748455730394728e-13,1.1748394401302453e-13,1.1748399276110205e-13,1.1750933242400778e-13,1.1750911154431222e-13,1.175091371458971e-13,1.1751979414820282e-13,1.1751968639080443e-13,1.1751968594644688e-13,1.1752331113774256e-13,1.1752330576180771e-13,1.1752328751414928e-13,1.136405190357901e-13,1.1363668461728002e-13,1.136370828723993e-13,1.1348622819857777e-13,1.1347794309038229e-13,1.134800428984461e-13,1.1317705540622594e-13,1.1315810766801356e-13,1.131652551101329e-13,1.1280029568159482e-13,1.127651651658284e-13,1.1278168265728202e-13,1.1260323853647427e-13,1.1255704565487476e-13,1.1258104522581533e-13,1.1279983818261908e-13,1.1276463917201744e-13,1.1278122823907424e-13,1.1318041559118159e-13,1.1316146217178048e-13,1.1316867495541348e-13,1.1350348777230748e-13,1.134954275719865e-13,1.1349757072069953e-13,1.13695591955726e-13,1.1369264913329244e-13,1.13693104385434e-13,1.1378769970339754e-13,1.1378670440793338e-13,1.1378674777632465e-13,1.138247932614559e-13,1.138244991105904e-13,1.138244959407438e-13,1.1383690975169694e-13,1.1383679390340506e-13,1.1383679978392009e-13,1.0961665470081186e-13,1.0959899227049204e-13,1.0960174567028591e-13,1.090240689385786e-13,1.0898297791527963e-13,1.0899570045787555e-13,1.0778930264111205e-13,1.0768860748461889e-13,1.0773269858687252e-13,1.0619806836934464e-13,1.0599781479961512e-13,1.0610519510129898e-13,1.0530837519201612e-13,1.0503205779254945e-13,1.0519549681580279e-13,1.061931527931294e-13,1.0599254123097865e-13,1.0610030011375379e-13,1.0779556097099245e-13,1.076947194766491e-13,1.0773924126545062e-13,1.0907562595552576e-13,1.0903538881071157e-13,1.090484199910152e-13,1.0979568490782975e-13,1.0978201106212009e-13,1.0978464644952939e-13,1.1011906070625864e-13,1.1011492136550918e-13,1.1011516570360505e-13,1.1024313476582995e-13,1.1024194399687005e-13,1.1024189326610199e-13,1.1028209495387334e-13,1.1028172145161045e-13,1.1028164446518948e-13,1.0472331758349891e-13,1.0464679709997559e-13,1.0466153711340672e-13,1.0259846604417035e-13,1.0240516206013237e-13,1.0247394031551068e-13,9.79330617452691e-14,9.741843121771805e-14,9.76708528578642e-14,9.149372106194595e-14,9.038302890647636e-14,9.104343400473373e-14,8.757895688942225e-14,8.594349178599306e-14,8.701766505206144e-14,9.146364674120382e-14,9.035052360525011e-14,9.101350308949539e-14,9.793346432122689e-14,9.741747196475804e-14,9.767230566536854e-14,1.0273831789857434e-13,1.025480562556389e-13,1.0261828759216161e-13,1.0526405294864505e-13,1.0520381503253398e-13,1.052177707867965e-13,1.0633493676750373e-13,1.063178421242622e-13,1.0631936694979501e-13,1.0672109319067666e-13,1.0671659087655472e-13,1.067162979505466e-13,1.0683723122463588e-13,1.068358723259424e-13,1.0683559174467192e-13,9.730127712351352e-14,9.699297005884719e-14,9.705930807466531e-14,9.026243913587553e-14,8.941051002258115e-14,8.97424712474901e-14,7.384214815516918e-14,7.135139927209812e-14,7.267826304695446e-14,4.922729257988278e-14,4.329114914661756e-14,4.711868769449201e-14,3.2550294847820806e-14,2.2993503069174183e-14,2.9833288904950887e-14,4.9075807629306134e-14,4.312318884488919e-14,4.696751459345875e-14,7.376939732418629e-14,7.126846931281975e-14,7.260913286764916e-14,9.059383740184633e-14,8.975096252767041e-14,9.009010213751642e-14,9.879416669260836e-14,9.854780213032951e-14,9.861049403719505e-14,1.0204309840509805e-13,1.0197788382933911e-13,1.019844791443858e-13,1.0315010567472969e-13,1.0313406009401847e-13,1.0313319177833121e-13,1.0346557194856589e-13,1.0346105548512375e-13,1.0346009518210884e-13,8.400076557166986e-14,8.287377057479555e-14,8.311610313886802e-14,6.300690887142077e-14,5.957139962288391e-14,6.09659014732898e-14,1.0405415917855695e-14,-7.785290724858954e-16,5.507661509692249e-15,-7.676284110631985e-14,-1.0690614577791041e-13,-8.622597885683444e-14,-1.4482720390868638e-13,-1.9850012464050044e-13,-1.5757734560300342e-13,-7.744098507793791e-14,-1.0768984074589613e-13,-8.690427465330753e-14,9.935491799535863e-15,-1.3156023555229342e-15,5.048643174506142e-15,6.36390088927269e-14,6.022129455446269e-14,6.16517119823239e-14,8.76680312835881e-14,8.675229943076234e-14,8.698729743685311e-14,9.651685058179946e-14,9.629171231589533e-14,9.631200592878671e-14,9.934707072073408e-14,9.929460857171231e-14,9.929075955709465e-14,1.0011477910300647e-13,1.0010109948807474e-13,1.0009775167141522e-13,6.03029465996428e-14,5.669383621420431e-14,5.734041383469234e-14,6.0298376832992985e-15,-6.195247888306647e-15,-1.374471616842787e-15,-1.4179206455838476e-13,-1.8684310067297748e-13,-1.6104389187571164e-13,-4.1859672709633617e-13,-5.563705074225302e-13,-4.58862896447838e-13,-6.752594248554992e-13,-4.002872840712933e-13,-7.330117605228939e-13,-4.213390080033619e-13,-5.582666803142125e-13,-4.616130859206693e-13,-1.4389281044137537e-13,-1.893248328865502e-13,-1.6311920252565157e-13,6.775860669288283e-15,-5.461232289876256e-15,-4.692103767895794e-16,6.801618849568248e-14,6.5031050071873e-14,6.570235662921461e-14,8.887549467198119e-14,8.81940574401917e-14,8.822241422733889e-14,9.51279692974777e-14,9.497904623143129e-14,9.495919791273713e-14,9.674102403255415e-14,9.670422263632392e-14,9.66929664745925e-14,2.586959884739242e-14,1.6291263652287277e-14,1.701975025610582e-14,-8.826452025986539e-14,-1.2429312934486578e-13,-1.1247706084567418e-13,-4.2950232141817776e-13,-5.780689531002249e-13,-4.986594100882332e-13,-1.161170788307506e-12,-5.887309547456295e-13,-1.3210675509730463e-12,-8.912383773366572e-13,1.9611442408421764e-10,-1.141209346468008e-12,-1.1666850852978438e-12,-1.6080146081541388e-14,-1.3266393866814815e-12,-4.3700818569492564e-13,-5.830725242082348e-13,-5.06125495979425e-13,-8.876541891365717e-14,-1.2509768673533193e-13,-1.1256364257914721e-13,3.895454834245824e-14,3.0885222637107844e-14,3.193571534070333e-14,7.922191774628482e-14,7.749891502438943e-14,7.737406098466452e-14,9.058158875253796e-14,9.02239873436898e-14,9.013349428266265e-14,9.338040282630205e-14,9.32961893139843e-14,9.326097483493719e-14,-4.047713690027003e-15,-2.3251955540995593e-14,-2.6675053659349704e-14,-1.7780888562485364e-13,-2.5381366596534696e-13,-2.463603141190626e-13,-7.374657584686473e-13,-5.36451663017441e-13,-9.563497702971522e-13,-1.005925701163631e-12,1.9450808065826502e-10,-1.5782424220254805e-12,1.945658312318068e-10,-1.1160403171029542e-09,1.9412824666314355e-10,1.2712006718275588e-13,3.9326931360352533e-10,-4.45674303647821e-13,-7.503063050507375e-13,5.93547932819779e-13,-9.692406141365255e-13,-1.8321224814584565e-13,-2.5648046152800583e-13,-2.5087401684714513e-13,1.2208477665427494e-14,-4.259249077220851e-15,-6.026978908427583e-15,7.053962607190249e-14,6.717986242483283e-14,6.612544102979054e-14,8.640816744202084e-14,8.572884223146908e-14,8.541045952290953e-14,9.02150881974336e-14,9.005736689492229e-14,8.996319780750647e-14,-2.754646826979217e-15,-2.8526334502946105e-14,-4.901441278916923e-14,-1.5753948475036466e-13,-2.4807462809916547e-13,-3.1469965085057236e-13,-6.184875415169021e-13,-9.583747778008081e-13,-1.1894464218946306e-12,-1.5912121493006976e-12,-1.031241928026203e-12,-2.2047980631533884e-12,-4.569282898993395e-13,3.907983799657176e-10,2.0535925277805811e-10,1.9681218102639836e-10,-1.0010808560420362e-09,1.962161454255247e-10,4.878556866486743e-13,1.968775035313787e-10,-8.260909525382109e-14,-1.684184027552539e-13,3.0650435735140133e-13,-3.237742568733357e-13,1.0010718225006162e-14,-1.0860886751358655e-14,-2.7767015698341785e-14,6.750248424288272e-14,6.262543717967501e-14,5.899789110971567e-14,8.354415081061705e-14,8.253636453122892e-14,8.173297880152418e-14,8.744836001091646e-14,8.721817783814621e-14,8.702588252438657e-14,1.2118896629700581e-14,-1.818097206727111e-14,-5.344061782149297e-14,-1.101097241267417e-13,-2.1737597487021355e-13,-3.5516697013202984e-13,-4.668361590953479e-13,-8.718479645143272e-13,-9.123848688240173e-13,-1.1980223837989035e-12,-8.112072599189277e-13,2.037897454848386e-10,-2.9758713110708507e-13,4.0175566375693737e-10,-7.531635684606118e-10,1.971055311588468e-10,-7.990474995053747e-10,4.0228329373524227e-10,6.124270918914292e-13,1.968694701067217e-10,1.6789304595591454e-13,-1.2908481410708353e-13,3.223220592554787e-13,-3.718359878915487e-13,1.8784617470632793e-14,-6.2848012735311825e-15,-3.5370179600897494e-14,6.768244002499766e-14,6.197620997723882e-14,5.6276953557454706e-14,8.158138767509505e-14,8.041726615996585e-14,7.928845943450791e-14,8.50081598963319e-14,8.47430384211533e-14,8.448812957000396e-14,3.646583033237878e-14,1.5585261527394764e-14,-9.54860670119259e-15,-3.7033583393967877e-14,-1.0543560629799595e-13,-1.935656820412242e-13,-2.4173387822264623e-13,-4.72556974694978e-13,-2.323851690598371e-13,-6.276600293396029e-13,4.257282903295327e-13,2.060093341533406e-10,6.819165777996687e-13,4.0247247110965126e-10,-6.329288230003029e-10,1.967269643568987e-10,-7.934318156699966e-10,4.0341527008857947e-10,8.060178758483741e-13,1.9632701226428345e-10,8.153323282748093e-13,-6.486971092640818e-14,4.155107870416593e-13,-2.1993058392144884e-13,3.446901266039043e-14,1.6961281746806466e-14,-3.2911722986792936e-15,6.962420846347278e-14,6.536752861747724e-14,6.121534872102585e-14,8.006981856347216e-14,7.917183770725419e-14,7.83063097075794e-14,8.274027237125461e-14,8.252886797241146e-14,8.232809776459875e-14,5.583157441989706e-14,4.53240568056846e-14,3.2956550678941123e-14,1.8296426555556752e-14,-1.367770075995551e-14,-5.2254099329563094e-14,-8.295739594513438e-14,-1.7932589326023966e-13,2.611548110927617e-13,-2.6386252550534464e-13,1.176202467054904e-12,2.0630746219241147e-10,1.2193118380600892e-12,4.017960385340122e-10,-6.244966573527867e-10,1.962286549044294e-10,-7.891978841280192e-10,4.027996258049444e-10,9.124183422655665e-13,1.957619833090668e-10,1.254268107088667e-12,-3.08553909421549e-14,4.750508290897859e-13,-1.0163142032147277e-13,4.0640719861230646e-14,3.0838930227653116e-14,2.16609862165904e-14,6.881968700338419e-14,6.619265072771665e-14,6.428409861323145e-14,7.786751073498896e-14,7.72847084564186e-14,7.685261609921301e-14,8.031679803230774e-14,8.017523157992757e-14,8.006605892287464e-14,6.390421313406642e-14,5.916818809885958e-14,5.400655184851695e-14,4.061402602859714e-14,2.643984384224977e-14,1.2046783483289198e-14,-2.575929536623769e-14,-6.538283267437522e-14,4.5221426034307504e-13,-1.5712381984258121e-13,1.4032286427230303e-12,2.0573615430538494e-10,1.3021587728073561e-12,4.0043817681256117e-10,-6.206895278661407e-10,1.9554396270304717e-10,-7.865494103725305e-10,4.0198445292826415e-10,8.266631613008808e-13,1.950804922208484e-10,1.296076259143382e-12,-7.594273479939398e-14,4.287149829397611e-13,-1.0991160653537065e-13,1.971225835403124e-14,1.1194883967194473e-14,9.606292379147738e-15,5.991437066881607e-14,5.753980869211734e-14,5.728359308012041e-14,7.349581650278802e-14,7.295871851322318e-14,7.28552923601666e-14,7.72968902066516e-14,7.716165574021319e-14,7.71228319005616e-14,6.169239351711905e-14,5.902904171648153e-14,5.72288829235012e-14,3.347929601528113e-14,2.4590755218631622e-14,2.093637018541992e-14,-5.812150903970783e-14,-8.600279347521128e-14,4.570308259938403e-13,-2.825890127622079e-13,1.2571849832939334e-12,2.0381912843999486e-10,9.152761612511648e-13,3.9765354029291786e-10,-8.212458257947622e-10,1.9441347659381052e-10,-7.841785462489782e-10,6.027628720348917e-10,3.6143237238589415e-13,1.9403877979342734e-10,1.94922002681468e-12,-2.8374036716973664e-13,1.722898076978524e-13,-3.1211372867512196e-13,-5.74640449447846e-14,-7.672623694891199e-14,-6.825306029897497e-14,3.425447047432315e-14,2.9408584192572004e-14,3.110878241436229e-14,6.466104485739274e-14,6.358755779958448e-14,6.381071590483122e-14,7.301288775058237e-14,7.274693730330743e-14,7.275739228791151e-14,5.141978252085666e-14,4.880053032249916e-14,4.90462094779016e-14,7.691762827916678e-16,-1.0252203829283547e-14,-6.916930441908539e-15,-1.8093487774009364e-13,-2.3162969201667243e-13,-2.0285258260113588e-13,-7.011901658960012e-13,-3.8709153884900455e-13,8.76777411279436e-13,-7.851746281463731e-13,1.9516962188576321e-10,4.0487862339513595e-10,1.9350419257667312e-10,-3.730000828900095e-10,-6.248676278795803e-10,-9.35023034219074e-13,1.9388074006157591e-10,2.0241875728228023e-10,-8.256266428071638e-13,-5.429752254337624e-13,-3.4234951816716884e-13,-2.4388610316277097e-13,-3.0359330877085797e-13,-2.6792969742239684e-13,-2.2603467724420145e-14,-3.625138071814484e-14,-3.0475916395796674e-14,4.776636388982118e-14,4.4852924573667384e-14,4.556324316442531e-14,6.648552912947009e-14,6.578490768755585e-14,6.581473044686438e-14,3.6542829388656196e-14,3.261134716379011e-14,3.44058449429171e-14,-4.9037282878728125e-14,-6.825672050049258e-14,-5.6567375140316297e-14,-3.7582733586247895e-13,-4.790046967582543e-13,-4.0323026519113947e-13,-1.4005478385692413e-12,-9.044534298630798e-13,-9.42198017539596e-13,-1.9087126417232023e-12,4.030998329744344e-10,2.0239550648410334e-10,4.0163732241681296e-10,-1.4154151486159349e-09,-2.1558202279035775e-10,-2.534053234735743e-12,4.0196006557434883e-10,2.0161943075351787e-10,-1.8721798711893123e-12,-1.5634747507578593e-12,-1.5242290424253384e-12,-5.929738222827248e-13,-7.584106269761435e-13,-6.695475016667583e-13,-1.252609029790178e-13,-1.6152305071374988e-13,-1.4953129479438117e-13,1.9218573046548338e-14,1.1634596465860586e-14,1.257079163236358e-14,5.676650686170589e-14,5.497394671735391e-14,5.481329823197791e-14,2.314792843133579e-14,1.7757739756538234e-14,1.975938299382371e-14,-9.141391869026039e-14,-1.1810228098253226e-13,-1.0477043816264843e-13,-5.321799086612497e-13,-6.710573309543573e-13,-5.869795886510951e-13,-1.915180426346922e-12,-1.23175196118278e-13,-1.5811413319306428e-12,-1.512173824112156e-12,7.686628525267142e-10,2.0045757498793022e-10,5.499525960222086e-10,-2.335957639828217e-09,-2.68255568949984e-10,-3.923775728429813e-12,7.090188861177621e-10,4.0064805426039437e-10,-3.291726419998426e-12,-2.6122791929258434e-12,-2.3805963638873787e-12,-1.0985015274382004e-12,-1.4714120761183608e-12,-1.3472860207429846e-12,-2.7566816243222e-13,-3.592522428384078e-13,-3.501419083284137e-13,-2.1693415379478753e-14,-3.924335497755697e-14,-4.0921112566269796e-14,4.369849582284196e-14,3.957573593081665e-14,3.8378882612281695e-14,1.1521849823256174e-14,4.945177128907165e-15,5.9666465136420366e-15,-1.2595574149267194e-13,-1.5779470556264963e-13,-1.510672017973553e-13,-6.486694884268397e-13,-2.609209590959654e-13,-7.679610784888488e-13,-1.1654057514156396e-12,2.1434329420703282e-10,-1.6610576500809878e-12,2.1250493574286935e-10,-7.512706545240127e-10,2.1283019933018775e-10,3.431578426923594e-10,-6.813393572274975e-10,8.296388123493059e-10,1.5098302899530902e-10,-2.541499936763487e-10,-5.876241706366489e-10,-4.430578148310838e-12,1.5325963604434962e-10,1.960542532977656e-10,-1.752302083465345e-12,-2.145861656380322e-12,-1.964648481092184e-12,-4.618074501833309e-13,-6.35302983656799e-13,-6.615891109898842e-13,-7.04298366149907e-14,-1.062490470455606e-13,-1.1870115770492825e-13,2.8780003593856014e-14,2.0505285596301968e-14,1.6266000209191072e-14,-2.4318853937827823e-15,-8.311798574614547e-15,-7.547960485231919e-15,-1.6719501903364307e-13,-1.9877111515794114e-13,-1.9777790712711497e-13,-7.8532096086713e-13,-4.104392761950999e-13,-9.645557677802671e-13,-1.5621918327343791e-12,2.1403882567696457e-10,-2.244100813139331e-12,2.1199731811115744e-10,-4.540571498149237e-10,2.955121598614626e-10,4.198632362199492e-10,-1.3137520802360626e-09,3.918605668371344e-10,7.65698117512529e-11,5.446378763628117e-10,-5.766956748753995e-10,-5.6953908822809485e-12,7.851340688085441e-11,2.7308826870073044e-10,-2.144523932780859e-12,-3.0485655598862955e-12,-3.173279128281219e-12,-5.910841782247809e-13,-8.55952504586334e-13,-1.0202755233207515e-12,-1.0788770682168232e-13,-1.6482671117254428e-13,-2.0504502504249416e-13,1.6349824382274126e-14,2.880329467997368e-15,-7.590392440639325e-15,-2.516854833678006e-14,-2.497839006573699e-14,-1.8756062795238413e-14,-2.420961180403145e-13,-2.5147191790935997e-13,-2.3069886020778555e-13,-1.0572324361289975e-12,-6.089088504385554e-13,-1.0807773052993227e-12,-2.4345977570337927e-12,2.1261523286116515e-10,-2.6626799541024633e-12,2.1028093829955517e-10,-3.64618515208314e-10,2.9618305649641503e-10,5.941849958703996e-10,-1.662611302402957e-09,7.139189911675649e-10,1.5512258623442245e-10,2.4260284272569656e-10,-1.1510972556913714e-09,-6.134515055272833e-12,1.5662408483426113e-10,4.3413302760329384e-10,-2.4353287062670038e-12,-3.4871896251223787e-12,-4.045072008074215e-12,-6.844488956234489e-13,-1.036362498585194e-12,-1.3394713184425916e-12,-1.3563229683273474e-13,-2.1329691069158663e-13,-2.827879386654319e-13,6.608890292287778e-15,-1.214037662561771e-14,-2.9424627481818844e-14,-5.741706742934849e-14,-4.41472161248068e-14,-2.597773280847649e-14,-3.605852218465927e-13,-3.108502033299522e-13,-2.3975972081604374e-13,-1.5235391142660327e-12,-7.937363653690615e-13,-1.0399174291485386e-12,-2.6895193620859243e-12,2.1181575326815903e-10,-2.14203541853593e-12,5.136825367848625e-10,-3.503674276803182e-10,2.9757616154217964e-10,2.034685099259045e-11,-1.1426768466057132e-09,5.199405151716613e-10,2.521350028277365e-10,2.578740690502259e-10,-1.1581183208264582e-09,-5.7029278000843164e-12,1.6524432057460293e-10,5.278501574788397e-10,-2.4527926990563223e-12,-3.573944642628361e-12,-3.79603813208821e-12,-7.139393402556138e-13,-1.1164233444529273e-12,-1.496533594445181e-12,-1.4983452464314524e-13,-2.4328380002667165e-13,-3.348737053131942e-13,1.1351494753947858e-16,-2.320215109727424e-14,-4.635103655998021e-14,-8.157206362245986e-14,-5.909292696142615e-14,-3.003303289777201e-14,-4.717015085587955e-13,-3.7654668001100133e-13,-2.5042956634852073e-13,-1.5657135791356965e-12,-9.340306249666048e-13,-1.0665153499994018e-12,2.1124828013626152e-10,2.955646856815162e-10,-1.985677943984319e-12,-7.16944175881493e-10,-7.207373011000162e-10,2.9577283888714655e-10,9.615174735761395e-10,-1.2050267815051848e-09,8.996212937325789e-10,1.693229086792745e-10,3.180368423201293e-10,-8.741833634835457e-10,-3.809122234651481e-12,3.461877741721477e-10,4.0765809830121565e-11,-2.2407789472558964e-12,-2.664556446158313e-12,8.503748455254873e-11,-7.00381895950428e-13,-1.1899003089175205e-12,-1.5187567117903372e-12,-1.5405970990982496e-13,-2.6816935370070437e-13,-3.918440074770588e-13,-3.2452458117843225e-15,-3.1249481769224054e-14,-6.057786076093204e-14,-4.467611518451688e-14,-3.286220288476692e-14,-1.1031574361279146e-14,-3.0920045900209007e-13,-2.716633242923195e-13,-1.7832474751422967e-13,-1.3138445059487047e-12,-7.896861146512337e-13,-7.86438111043611e-13,-1.8095618534517484e-12,1.7276001565171334e-10,-1.6272284648309486e-12,6.027272578725273e-10,-1.4333975906685094e-10,1.7380518936181407e-10,-2.980197627968763e-10,-1.6965065862617509e-09,8.357926828788617e-10,5.891748293367006e-10,-8.651974636177256e-10,-3.824943730871002e-10,8.824439651253118e-11,-4.669490531636614e-11,2.4247370921955646e-11,-1.590549275510401e-12,8.740435617858178e-11,8.518298419883938e-11,-6.402081503961827e-13,-9.079552936497658e-13,-1.3190793248418656e-12,-1.3601897224414426e-13,-2.462124329218451e-13,-3.425491078012638e-13,1.772159394789767e-15,-2.4277493062673032e-14,-4.816078513895402e-14,1.6307020159651124e-14,2.068407237094193e-14,3.084101887600275e-14,-1.0663165704693952e-13,-9.591624230869989e-14,-5.589867910239764e-14,-5.317753553349382e-13,-5.142327783711692e-13,-3.51818386174281e-13,-1.0726547481988102e-12,5.403316918651478e-13,-1.0963234673032927e-12,2.1678385721914772e-10,7.553834968142115e-10,1.5143050957297486e-12,-2.8582541164579986e-10,-1.5948735252291795e-09,6.757265738714035e-10,5.089622759870722e-10,-7.178552888236396e-10,9.103242026425424e-11,3.4435479960381056e-13,3.796266585999658e-10,1.7744827470212752e-10,-9.939426666667883e-13,-6.131743281691446e-13,-1.6199115177193006e-12,-3.155123531524268e-13,-5.436212276619928e-13,-7.210749820350814e-13,-4.500014405659259e-14,-1.0133474442104022e-13,-1.4802266443751178e-13,3.4375654018090424e-14,1.9886355874488624e-14,7.166237368081361e-15,2.8527897857949492e-12,2.8543458961614473e-12,2.858665774335088e-12,2.7975487050322057e-12,2.8004932222605706e-12,2.8160261218541698e-12,2.619962108367217e-12,2.6234097368626887e-12,2.678681383115835e-12,2.2175649125027054e-12,4.0964383386083494e-12,2.359472135984068e-12,6.536153556181377e-12,8.305992858164797e-10,5.689883990570221e-12,1.0467479554983846e-09,-3.5900782128014425e-09,8.326406776353703e-10,8.09005236645505e-12,1.1202382669458198e-09,9.733064909005455e-11,1.9925343637363384e-12,4.995704769045655e-12,1.87146299258051e-12,2.3988315085630555e-12,2.1437964212754458e-12,1.958470252877426e-12,2.691189272281525e-12,2.6022475874753917e-12,2.534249090229599e-12,2.818888469416527e-12,2.7942796065260627e-12,2.7740130721581297e-12,2.8594269873764338e-12,2.8523860277548284e-12,2.846266833302383e-12
-6.880660649673409e-12,-6.880660666608132e-12,-6.880660660442141e-12,-6.8806606689742e-12,-6.880660680780184e-12,-6.880660671462294e-12,-6.880660653280499e-12,-6.8806606802302475e-12,-6.8806606539881365e-12,-6.880660657574566e-12,-6.880660667073175e-12,-6.880660668479437e-12,-6.8806606565812895e-12,-6.880660674228204e-12,-6.880660660423807e-12,-6.8806606561903255e-12,-6.880660675886272e-12,-6.880660663725604e-12,-6.880660656669321e-12,-6.8806606775082764e-12,-6.8806606623965534e-12,-6.880660653770923e-12,-6.880660672649038e-12,-6.880660665333934e-12,-6.880660657186133e-12,-6.8806606727250545e-12,-6.880660666693021e-12,-6.880660659661905e-12,-6.880660680820384e-12,-6.880660666258168e-12,-6.88066065181129e-12,-6.8806606843089515e-12,-6.880660666231355e-12,-6.88066066888407e-12,-6.880660670732182e-12,-6.880660663882822e-12,1.3546718898080114e-13,1.3546717385202478e-13,1.3546716597677744e-13,1.3546718148739782e-13,1.354671282700174e-13,1.3546717870841024e-13,1.3546717089039507e-13,1.3546714403481569e-13,1.3546717571164555e-13,1.3546716841256909e-13,1.354671435850863e-13,1.354671781768223e-13,1.3546718385993357e-13,1.354671454900251e-13,1.354671763018171e-13,1.3546718142647726e-13,1.354671401678158e-13,1.3546717828362472e-13,1.3546718081108478e-13,1.3546715004064857e-13,1.3546717835150361e-13,1.3546718572875753e-13,1.3546713144175503e-13,1.354671779418109e-13,1.354671582599578e-13,1.3546716772195001e-13,1.3546718024905917e-13,1.3546718754508136e-13,1.3546715953860052e-13,1.3546719190484503e-13,1.3546718168623298e-13,1.354671323475178e-13,1.3546716419065378e-13,1.3546719281914294e-13,1.3546716033808189e-13,1.3546719150033836e-13,1.7539455518309466e-13,1.7539455339529401e-13,1.75394550968834e-13,1.7539453338945026e-13,1.753945400296402e-13,1.7539454286028861e-13,1.7539456245040544e-13,1.7539452462483513e-13,1.753945491614379e-13,1.7539454667544916e-13,1.7539452335949275e-13,1.75394558641868e-13,1.7539456899615705e-13,1.753945303920248e-13,1.7539455079875065e-13,1.7539454200144492e-13,1.753945213534594e-13,1.7539455735879777e-13,1.7539454918152207e-13,1.753945220213504e-13,1.7539454740164508e-13,1.7539454510244648e-13,1.7539453453479006e-13,1.7539454960883356e-13,1.7539455258053242e-13,1.7539452111108336e-13,1.7539455322572764e-13,1.753945450482088e-13,1.753945200546065e-13,1.7539454988351326e-13,1.753945382968406e-13,1.7539452082228828e-13,1.753945411915309e-13,1.7539454504580238e-13,1.7539453679151326e-13,1.753945617065964e-13,1.6958331713907936e-13,1.6958331268710606e-13,1.6958332711951347e-13,1.6958331980733864e-13,1.6958328116362127e-13,1.695833057853154e-13,1.695833363911273e-13,1.695832844161342e-13,1.6958333144462521e-13,1.6958330658840922e-13,1.6958329239177817e-13,1.695833278995666e-13,1.6958332874218576e-13,1.6958330589566323e-13,1.6958331443466727e-13,1.6958332135612528e-13,1.695833055911202e-13,1.6958332534635732e-13,1.6958333239969813e-13,1.695833051964872e-13,1.6958333044517697e-13,1.6958332154952883e-13,1.6958330732226706e-13,1.6958332264908936e-13,1.6958333452457002e-13,1.695832780420751e-13,1.6958332857271148e-13,1.695833217482194e-13,1.6958331185237661e-13,1.6958332381924216e-13,1.6958332462860365e-13,1.695833019876258e-13,1.6958331817009537e-13,1.6958332551577828e-13,1.6958331510100084e-13,1.6958331997523126e-13,1.6380849475771927e-13,1.638084709324571e-13,1.6380848461664005e-13,1.638084797134785e-13,1.638084544892447e-13,1.638084794640666e-13,1.638084792278831e-13,1.6380846675358587e-13,1.6380848219695097e-13,1.6380849267887626e-13,1.6380843512439644e-13,1.6380848905579044e-13,1.6380847571291964e-13,1.638084643035496e-13,1.6380848637408543e-13,1.6380849134569618e-13,1.6380844183456474e-13,1.6380848224317777e-13,1.6380847925519298e-13,1.6380844386456855e-13,1.6380847451195275e-13,1.6380847869748746e-13,1.6380847314866943e-13,1.638084866397647e-13,1.6380848723638083e-13,1.638084422972479e-13,1.63808485116098e-13,1.6380847755522212e-13,1.638084705643706e-13,1.6380846927489942e-13,1.6380847721721786e-13,1.638084528335191e-13,1.6380847034533738e-13,1.6380848608596728e-13,1.6380846289045773e-13,1.6380849562298896e-13,1.5827260788127164e-13,1.5827258954468563e-13,1.5827258477133005e-13,1.5827256837784866e-13,1.5827257219518944e-13,1.5827259666321538e-13,1.58272600654689e-13,1.5827257709971697e-13,1.5827260039909584e-13,1.5827259715521498e-13,1.5827259107855152e-13,1.582725933774262e-13,1.5827259951005844e-13,1.5827255820655958e-13,1.5827258853600915e-13,1.5827259224346982e-13,1.5827259199862516e-13,1.5827259987715457e-13,1.5827260606131516e-13,1.582725555159438e-13,1.5827258862744008e-13,1.5827260051890455e-13,1.5827255792562594e-13,1.582725986503609e-13,1.5827260044240004e-13,1.5827258185330988e-13,1.5827260212767876e-13,1.582725812599855e-13,1.582725807541573e-13,1.5827258383647298e-13,1.5827259972887921e-13,1.5827257161413545e-13,1.5827259898340934e-13,1.5827258523184024e-13,1.5827258992412485e-13,1.5827260729002814e-13,1.529649401271832e-13,1.529649179947518e-13,1.5296493765168769e-13,1.5296493020372599e-13,1.5296490809060247e-13,1.529649315453564e-13,1.52964928720306e-13,1.529649141848427e-13,1.529649304420986e-13,1.5296492871094205e-13,1.5296490222444193e-13,1.5296492777687824e-13,1.5296493343121752e-13,1.5296491130986178e-13,1.5296493550686248e-13,1.529649384813143e-13,1.529649158275313e-13,1.5296493423164644e-13,1.5296493407598946e-13,1.5296492301496666e-13,1.5296493228737214e-13,1.529649339017815e-13,1.5296491466464946e-13,1.5296494168046763e-13,1.529649360352669e-13,1.5296490892486662e-13,1.5296493323457068e-13,1.5296493194995515e-13,1.529649108755863e-13,1.5296493850807488e-13,1.529649347317999e-13,1.5296491038181602e-13,1.5296492310799782e-13,1.5296493054408334e-13,1.5296493002394991e-13,1.5296492783852016e-13,1.4787463514099853e-13,1.4787462141725307e-13,1.4787461190722542e-13,1.4787461933372566e-13,1.4787458059471208e-13,1.4787461594857382e-13,1.4787462172355466e-13,1.4787460539692707e-13,1.4787461784036093e-13,1.4787462451246922e-13,1.478746060107064e-13,1.4787462435114153e-13,1.4787460731875844e-13,1.4787461087632977e-13,1.478746179545797e-13,1.478746119759525e-13,1.4787458712513176e-13,1.4787461155398376e-13,1.4787461446908294e-13,1.4787458483627696e-13,1.4787463982981287e-13,1.4787462203422883e-13,1.4787460869773314e-13,1.4787460370370855e-13,1.4787461701893584e-13,1.4787461683891016e-13,1.4787461674736292e-13,1.4787463091769544e-13,1.478745953300025e-13,1.478746106120593e-13,1.4787462128656096e-13,1.4787458962749286e-13,1.4787463089704177e-13,1.478746318553822e-13,1.4787459931418092e-13,1.4787463599117218e-13,1.4299130216076168e-13,1.4299130329109995e-13,1.42991316361733e-13,1.4299130327905333e-13,1.4299127542164997e-13,1.4299128129328735e-13,1.42991301833657e-13,1.429912668116635e-13,1.4299130276144587e-13,1.4299127686411483e-13,1.429912568336988e-13,1.4299128786795312e-13,1.4299128014903483e-13,1.429912517962844e-13,1.429912936088814e-13,1.4299129439823305e-13,1.4299127638570474e-13,1.4299127644082454e-13,1.4299128846359828e-13,1.4299128689960815e-13,1.4299128217688022e-13,1.4299129900804275e-13,1.4299127084991966e-13,1.4299131403462838e-13,1.429913103397903e-13,1.4299130186208647e-13,1.4299131770041982e-13,1.4299131509934877e-13,1.4299130346479576e-13,1.4299132595644327e-13,1.4299131719222073e-13,1.4299131149773895e-13,1.4299129786081756e-13,1.42991313668004e-13,1.4299131779143473e-13,1.429913354726578e-13,1.3830522097349613e-13,1.383051903826397e-13,1.3830520858642041e-13,1.3830516904776632e-13,1.3830515658315454e-13,1.3830518484573018e-13,1.383051446803139e-13,1.3830514221001898e-13,1.3830514300629664e-13,1.383051047265242e-13,1.3830509996423862e-13,1.3830511508367688e-13,1.383051003486595e-13,1.38305054245265e-13,1.3830508236210337e-13,1.383051185049266e-13,1.3830510244911907e-13,1.3830510881274877e-13,1.3830513470526293e-13,1.383051368862991e-13,1.383051578044116e-13,1.383052020596681e-13,1.3830516337187349e-13,1.3830521036466244e-13,1.383052346254546e-13,1.3830521375422806e-13,1.3830520703142345e-13,1.3830526468035453e-13,1.3830521744826723e-13,1.3830525232696865e-13,1.383052434551989e-13,1.38305219138505e-13,1.3830525165412911e-13,1.383052537237956e-13,1.3830526870388785e-13,1.383052571568916e-13,1.3380693917886934e-13,1.3380691635937154e-13,1.3380694272597733e-13,1.3380683773100998e-13,1.3380678651451646e-13,1.338068176085071e-13,1.3380663800487693e-13,1.3380662209934162e-13,1.3380664229729646e-13,1.3380646246660277e-13,1.338064321123919e-13,1.33806459699682e-13,1.3380636966278324e-13,1.338063812538317e-13,1.3380637021020717e-13,1.3380647973048012e-13,1.3380643267537717e-13,1.338064475391512e-13,1.3380664436350638e-13,1.3380665739783962e-13,1.3380664816271059e-13,1.338068686198776e-13,1.3380681995375882e-13,1.3380684781395714e-13,1.3380700073574898e-13,1.3380699116702948e-13,1.338070276295055e-13,1.338070910594177e-13,1.3380708044667267e-13,1.3380708719340654e-13,1.3380715403507688e-13,1.3380711344852066e-13,1.3380713696774217e-13,1.3380716710655489e-13,1.3380714769886127e-13,1.3380716687544838e-13,1.294873050130087e-13,1.2948727747810804e-13,1.2948729469494999e-13,1.2948681002144888e-13,1.2948679229219116e-13,1.294868104663323e-13,1.2948597874104972e-13,1.2948593745829338e-13,1.2948596219238068e-13,1.294850977077376e-13,1.2948504689496235e-13,1.2948506434682295e-13,1.2948469745510963e-13,1.2948464515578257e-13,1.2948467511230132e-13,1.294850988712366e-13,1.294850615092243e-13,1.2948508114050467e-13,1.2948602154339823e-13,1.2948598143113396e-13,1.29486002875423e-13,1.2948692510115184e-13,1.2948691863719256e-13,1.294869282557303e-13,1.2948760858018245e-13,1.2948758359119266e-13,1.2948759792382868e-13,1.2948797688931013e-13,1.2948796703267442e-13,1.2948796430278453e-13,1.2948815759534427e-13,1.2948813472822058e-13,1.2948816527710324e-13,1.2948822717466416e-13,1.2948822165706898e-13,1.294882293772361e-13,1.2533634377290585e-13,1.2533631287270812e-13,1.2533628872540288e-13,1.253342028245078e-13,1.2533412307645307e-13,1.2533415307231945e-13,1.2533034149873328e-13,1.253302306592357e-13,1.2533023905496785e-13,1.2532617990500215e-13,1.253259963476627e-13,1.2532605423916935e-13,1.253242658113136e-13,1.253240402102569e-13,1.2532411672368888e-13,1.253262269740767e-13,1.253260440755317e-13,1.2532607595828428e-13,1.2533048168656507e-13,1.2533034603472195e-13,1.2533039218841857e-13,1.253346429874266e-13,1.2533458768083192e-13,1.2533460454007496e-13,1.2533751908271071e-13,1.2533747795035261e-13,1.2533748925437991e-13,1.2533909216810354e-13,1.2533906973734832e-13,1.2533907936900302e-13,1.2533981299996186e-13,1.2533978561259985e-13,1.2533980136149348e-13,1.2534007848153008e-13,1.2534007897727946e-13,1.2534009213660663e-13,1.213399489119739e-13,1.2133978723411176e-13,1.213398040199183e-13,1.21330690076808e-13,1.2133035465439834e-13,1.2133042090445117e-13,1.2131345199119578e-13,1.2131283245069652e-13,1.2131298475580825e-13,1.2129426050175683e-13,1.2129319655701217e-13,1.2129355810326142e-13,1.2128511667114405e-13,1.212838628791818e-13,1.2128431740033157e-13,1.212943353618341e-13,1.2129327517040855e-13,1.2129363788817254e-13,1.2131389513503199e-13,1.2131328081814355e-13,1.2131342025759177e-13,1.21332287842191e-13,1.2133198086782234e-13,1.2133201840045117e-13,1.2134438897455009e-13,1.213442469830962e-13,1.2134427686251994e-13,1.2135076290885756e-13,1.2135068852051073e-13,1.213507189213111e-13,1.2135355682949204e-13,1.2135352537802204e-13,1.2135351847871535e-13,1.213545304027983e-13,1.2135453036095863e-13,1.2135454339067533e-13,1.1746849845788113e-13,1.174676876505939e-13,1.1746771013290332e-13,1.1742977217089741e-13,1.174281294344494e-13,1.1742845086499075e-13,1.1735572812383362e-13,1.17352294810181e-13,1.1735334894608225e-13,1.172702835823645e-13,1.1726426945891932e-13,1.1726664851495397e-13,1.1722762925174e-13,1.1721998140980375e-13,1.172233375518867e-13,1.1727036802452865e-13,1.1726434348940956e-13,1.172667321614253e-13,1.1735704104591985e-13,1.1735359868689617e-13,1.173546821761981e-13,1.1743514711803447e-13,1.1743354703014883e-13,1.174338939209209e-13,1.174845510138704e-13,1.1748394444413668e-13,1.1748399437945426e-13,1.175093437432943e-13,1.1750912262573827e-13,1.1750912613215204e-13,1.1751976450241156e-13,1.1751970093064434e-13,1.1751969883801472e-13,1.1752332805754347e-13,1.1752327786628943e-13,1.1752329845034132e-13,1.1364050758525732e-13,1.136366828945415e-13,1.1363708206797019e-13,1.1348623437089045e-13,1.1347793965832673e-13,1.1348003470860678e-13,1.1317704958988204e-13,1.1315810472110831e-13,1.1316525673545556e-13,1.1280031946070694e-13,1.1276516747117672e-13,1.1278166693688816e-13,1.126032294105363e-13,1.1255704125730313e-13,1.125810636918341e-13,1.1279983480264843e-13,1.127646332408473e-13,1.127812250036849e-13,1.1318041859178491e-13,1.1316145771901635e-13,1.1316868437672197e-13,1.1350348713549069e-13,1.1349542198847617e-13,1.1349756459675672e-13,1.1369559506159047e-13,1.1369265083963114e-13,1.1369309303054882e-13,1.1378769882346397e-13,1.137867188623871e-13,1.1378675609144467e-13,1.138247932595293e-13,1.138244858002777e-13,1.1382449201120696e-13,1.1383690507057684e-13,1.13836813387003e-13,1.138367840868771e-13,1.0961666565377854e-13,1.0959898762476864e-13,1.0960174923939173e-13,1.09024070998453e-13,1.0898296842432641e-13,1.0899570566572472e-13,1.0778929921269802e-13,1.0768860383703754e-13,1.0773271084871923e-13,1.0619806054382507e-13,1.0599781361971548e-13,1.0610519292488582e-13,1.0530836309785443e-13,1.0503204703341526e-13,1.051954843598352e-13,1.0619316303240158e-13,1.0599254553035409e-13,1.0610029655927872e-13,1.0779555000893729e-13,1.0769471664290604e-13,1.0773924818381882e-13,1.0907563263233379e-13,1.090353976254503e-13,1.0904843717729266e-13,1.0979568942733298e-13,1.0978198714261021e-13,1.0978464244174239e-13,1.1011904489030522e-13,1.1011492994311526e-13,1.1011517013267821e-13,1.1024313663152855e-13,1.102419719272115e-13,1.1024186333627032e-13,1.1028209440042408e-13,1.102817177983285e-13,1.1028164803470404e-13,1.0472330393628623e-13,1.0464678207031792e-13,1.0466155100536146e-13,1.0259847533040525e-13,1.0240516325318692e-13,1.024739265122549e-13,9.793305245978302e-14,9.741839892696912e-14,9.767085260123626e-14,9.149370794648843e-14,9.038299616060037e-14,9.104340109777806e-14,8.757891720365925e-14,8.594346308064233e-14,8.701763155313364e-14,9.14636319784775e-14,9.035049873489612e-14,9.101347845131257e-14,9.793345747105666e-14,9.741746200747529e-14,9.76722866597259e-14,1.0273829441233423e-13,1.0254804243629672e-13,1.0261827677599639e-13,1.0526405523130326e-13,1.0520381401544433e-13,1.0521779846820022e-13,1.0633494456720056e-13,1.063178436178103e-13,1.0631936118669602e-13,1.0672108160339655e-13,1.0671656480875097e-13,1.0671632983384607e-13,1.0683723178020156e-13,1.0683587551736514e-13,1.0683559782773795e-13,9.730128754022159e-14,9.699296902830858e-14,9.705930712685042e-14,9.026242018929552e-14,8.941050185959532e-14,8.974246690706905e-14,7.384210620644763e-14,7.135136382541039e-14,7.267819213378644e-14,4.922717276264423e-14,4.329097229009701e-14,4.71185813390452e-14,3.255009622744244e-14,2.2993198254593488e-14,2.9833079054481756e-14,4.907569092874034e-14,4.312299500232139e-14,4.6967395433651073e-14,7.376934972480334e-14,7.126841020386077e-14,7.260908912784733e-14,9.059385060049932e-14,8.975092706459659e-14,9.009008478118064e-14,9.87941506032459e-14,9.854780270055665e-14,9.861048717861893e-14,1.0204310059195356e-13,1.0197787820252135e-13,1.0198447896041e-13,1.0315010929354713e-13,1.0313405782856303e-13,1.031331739180211e-13,1.03465577484519e-13,1.0346105507102857e-13,1.0346009543491026e-13,8.400074289681961e-14,8.287373588257167e-14,8.311609649821118e-14,6.30068427655187e-14,5.957132565937187e-14,6.096582378905555e-14,1.0405190560511117e-14,-7.788362114836933e-16,5.507451430850991e-15,-7.676348107271472e-14,-1.0690716800689068e-13,-8.622662069283359e-14,-1.4482843127641243e-13,-1.985022925326001e-13,-1.5757858278575816e-13,-7.744161664539206e-14,-1.0769085832188852e-13,-8.690493216062062e-14,9.935297987614941e-15,-1.3158979998283008e-15,5.048397412262135e-15,6.363891705025279e-14,6.022124414601315e-14,6.165167494031092e-14,8.76680438397544e-14,8.675227260888329e-14,8.698728065459037e-14,9.65168441159766e-14,9.629172433688708e-14,9.631199279517403e-14,9.934706928290838e-14,9.929462106122191e-14,9.92907457154711e-14,1.0011477788113227e-13,1.0010109405341249e-13,1.0009775521068276e-13,6.030290908061399e-14,5.669377247068161e-14,5.734036134420012e-14,6.029629458005811e-15,-6.195558469014758e-15,-1.3746661932829667e-15,-1.4179297615866602e-13,-1.8684452059121925e-13,-1.6104484276322448e-13,-4.185997206850589e-13,-5.56376061786601e-13,-4.588660840306399e-13,-6.752658792335551e-13,-4.003020759841113e-13,-7.330187548483048e-13,-4.213420263866571e-13,-5.582722914299956e-13,-4.616162544766151e-13,-1.4389369538682364e-13,-1.8932625505056228e-13,-1.631201678286122e-13,6.775664562548622e-15,-5.461538024395691e-15,-4.694529569238914e-16,6.801613554749362e-14,6.503099702053214e-14,6.570233602906744e-14,8.887547062789581e-14,8.819407034657125e-14,8.822240292495545e-14,9.512795425476044e-14,9.497902477183457e-14,9.495918977316439e-14,9.674102420312865e-14,9.670423980638978e-14,9.669297625715758e-14,2.586945134963469e-14,1.6291109420295468e-14,1.7019606565081736e-14,-8.826511089703261e-14,-1.2429409870661104e-13,-1.1247774493762219e-13,-4.295053121049861e-13,-5.780744828372927e-13,-4.986626423656893e-13,-1.1611825632262835e-12,-5.887574461833884e-13,-1.321080246545226e-12,-8.912696045329957e-13,1.9611433245352455e-10,-1.1412423217918335e-12,-1.1666969107274603e-12,-1.6107251057013682e-14,-1.3266521932076975e-12,-4.370111806810472e-13,-5.830781468499768e-13,-5.061287393229001e-13,-8.876602387823319e-14,-1.2509868717176075e-13,-1.1256431408017118e-13,3.895445642454753e-14,3.0885052922701384e-14,3.1935596613956204e-14,7.922190032874979e-14,7.749887772543348e-14,7.737405422978404e-14,9.058161728564043e-14,9.022398164706979e-14,9.013348613839744e-14,9.33803970014739e-14,9.329618035778315e-14,9.32609643782401e-14,-4.0479163279787936e-15,-2.3252312762150065e-14,-2.66753252131878e-14,-1.7781007171344469e-13,-2.538157405356456e-13,-2.463617439902194e-13,-7.374721291612792e-13,-5.364661011108299e-13,-9.563575726070965e-13,-1.0059563984168577e-12,1.9450798859468386e-10,-1.5782794660813044e-12,1.9456572827483386e-10,-1.1160390845953004e-09,1.941281269063007e-10,1.2708854832877163e-13,3.9326922290713243e-10,-4.457113629264105e-13,-7.503129950991592e-13,5.935329904973733e-13,-9.69248671621519e-13,-1.8321345685401366e-13,-2.564826435971362e-13,-2.508755515466465e-13,1.2208276693408572e-14,-4.259557981906752e-15,-6.02723758736908e-15,7.053960253466637e-14,6.717979745074487e-14,6.6125403286515e-14,8.640813752615592e-14,8.572884690395629e-14,8.541046421098069e-14,9.021510095104242e-14,9.005736549009819e-14,8.996319563544489e-14,-2.754797353137259e-15,-2.8526580243554976e-14,-4.90147462170041e-14,-1.575401972445017e-13,-2.4807601750226935e-13,-3.1470131407312326e-13,-6.184910945684025e-13,-9.58382513096936e-13,-1.189455868819235e-12,-1.5912260899364795e-12,-1.0312779540883742e-12,-2.2048416832210624e-12,-4.569645106945449e-13,3.9079826526472505e-10,2.0535911165808138e-10,1.9681216652529157e-10,-1.0010808849820387e-09,1.9621610084372598e-10,4.878515551599675e-13,1.9687749514574065e-10,-8.261910990173098e-14,-1.6841927484146464e-13,3.065026800250591e-13,-3.2377611117783766e-13,1.0010549000165417e-14,-1.0861157434344395e-14,-2.7767291703788056e-14,6.750245985237911e-14,6.26254199634696e-14,5.899784213310527e-14,8.354414887434556e-14,8.253636231252534e-14,8.173296247841938e-14,8.744835927875741e-14,8.721817655427223e-14,8.702588142525579e-14,1.2118788980637807e-14,-1.818120378133633e-14,-5.3441047252975214e-14,-1.1011023820900885e-13,-2.1737719342433704e-13,-3.5516962516242485e-13,-4.668384845727205e-13,-8.718550029210201e-13,-9.124029172930541e-13,-1.1980312524565776e-12,-8.112408903170151e-13,2.0378963341792203e-10,-2.9761013794834367e-13,4.0175555106298426e-10,-7.531624686471484e-10,1.9710551979564242e-10,-7.990475184156998e-10,4.022831806609218e-10,6.124239513891806e-13,1.968694609442394e-10,1.6787441877304362e-13,-1.2908545504348903e-13,3.223204712395865e-13,-3.7183877785089036e-13,1.8784498131318842e-14,-6.285045929938915e-15,-3.5370590973120574e-14,6.768241808164165e-14,6.197614465647171e-14,5.627689723676809e-14,8.158137749166645e-14,8.041727091072825e-14,7.928845855261544e-14,8.500816239631728e-14,8.474302955158235e-14,8.448813417034309e-14,3.6465804975870385e-14,1.5585131555077128e-14,-9.548812000526915e-15,-3.7033803865039446e-14,-1.0543618980144045e-13,-1.9356685729297656e-13,-2.4173490742472514e-13,-4.725597797470013e-13,-2.3239202554173014e-13,-6.276635450914171e-13,4.257162404109796e-13,2.060093005952676e-10,6.819083762823555e-13,4.024724386961166e-10,-6.329289320334308e-10,1.9672695934080153e-10,-7.934318172818028e-10,4.03415234775496e-10,8.060160855628323e-13,1.9632700805123292e-10,8.153245496622446e-13,-6.487013354666715e-14,4.155098530741485e-13,-2.1993193279076077e-13,3.446893008114042e-14,1.6961118283333617e-14,-3.2913788386916415e-15,6.96241863808467e-14,6.536752821030163e-14,6.121531293144349e-14,8.006982619740652e-14,7.917181770017774e-14,7.830631168076625e-14,8.27402703813012e-14,8.252887190669894e-14,8.23280865952888e-14,5.5831550909976486e-14,4.532401820921588e-14,3.295644790956784e-14,1.8296328163584496e-14,-1.3677863110785617e-14,-5.2254472147698346e-14,-8.295772438144195e-14,-1.793268338386074e-13,2.6115277591245164e-13,-2.6386365325355796e-13,1.1761988588089342e-12,2.0630745323782139e-10,1.2193088906094533e-12,4.0179602919553645e-10,-6.244966648660256e-10,1.962286518983183e-10,-7.891978755070971e-10,4.02799615169635e-10,9.124171792572856e-13,1.9576198078807788e-10,1.2542652949240754e-12,-3.085563288483184e-14,4.750502215079668e-13,-1.0163202831163354e-13,4.064065327890728e-14,3.0838836925141416e-14,2.1660882915045138e-14,6.88196778710065e-14,6.619266079867776e-14,6.42840802344762e-14,7.786751955248791e-14,7.728470353749942e-14,7.68526006300179e-14,8.031679183227886e-14,8.017524404938935e-14,8.006605712720931e-14,6.390419486876537e-14,5.916817584203533e-14,5.4006541278612444e-14,4.061399136260514e-14,2.643976289908385e-14,1.2046626885946154e-14,-2.5759457910902306e-14,-6.538323293839187e-14,4.522134650718525e-13,-1.5712437241990668e-13,1.4032270273819423e-12,2.0573615072269738e-10,1.3021570606371502e-12,4.004381714580677e-10,-6.206895203506112e-10,1.9554395957576643e-10,-7.865493985746639e-10,4.019844466886606e-10,8.266620595668462e-13,1.950804895714319e-10,1.2960744212398351e-12,-7.59429437977556e-14,4.287145045441101e-13,-1.0991193662684886e-13,1.9712235008121033e-14,1.119482603290709e-14,9.606228115352663e-15,5.991437049905744e-14,5.75397865694877e-14,5.728357096050385e-14,7.34958038149647e-14,7.295874476094558e-14,7.285529522525205e-14,7.729689863832249e-14,7.716163028875471e-14,7.712283803251812e-14,6.169239465876966e-14,5.902903128363536e-14,5.722887198151405e-14,3.347927984831919e-14,2.4590714916524156e-14,2.093629213302648e-14,-5.81216054298812e-14,-8.600304610844316e-14,4.570303321527664e-13,-2.825895425349075e-13,1.2571834791965095e-12,2.0381912581513808e-10,9.152739912722274e-13,3.976535341946294e-10,-8.212458143660767e-10,1.9441347171704358e-10,-7.841785433636376e-10,6.027628634308077e-10,3.6143095491897466e-13,1.940387764213234e-10,1.9492178002367518e-12,-2.8374052769829634e-13,1.722893279835325e-13,-3.1211405654473084e-13,-5.746403629341445e-14,-7.67262187853287e-14,-6.825306339483493e-14,3.4254484317479084e-14,2.940860084492983e-14,3.1108783574851857e-14,6.4661059004689e-14,6.358753683604854e-14,6.381071839958331e-14,7.301288532453474e-14,7.274694836923435e-14,7.275739665114222e-14,5.141979464977811e-14,4.880054115097233e-14,4.9046201024890416e-14,7.6916025509131855e-16,-1.0252236007163925e-14,-6.916948608610711e-15,-1.8093493346482086e-13,-2.3162981987567567e-13,-2.0285277746901263e-13,-7.011907376331928e-13,-3.8709333075324434e-13,8.767760251335981e-13,-7.851776650065761e-13,1.951696094850194e-10,4.048786164104148e-10,1.9350418024896426e-10,-3.7300011819504343e-10,-6.248676305214017e-10,-9.350229870284977e-13,1.9388073366738135e-10,2.0241875518023394e-10,-8.256255922904011e-13,-5.429743343228362e-13,-3.423489333396093e-13,-2.4388568027167335e-13,-3.0359271881926797e-13,-2.6792932622651343e-13,-2.2603337885393295e-14,-3.6251247892127196e-14,-3.047578927639347e-14,4.7766363840334533e-14,4.4852978676764364e-14,4.556323868494704e-14,6.648554475050252e-14,6.578489819549232e-14,6.58147396824684e-14,3.654284006469791e-14,3.261135730407243e-14,3.4405863568534473e-14,-4.903718353606281e-14,-6.825657067758225e-14,-5.6567280289741734e-14,-3.758268058526637e-13,-4.790040894921637e-13,-4.0322984768361116e-13,-1.4005457080007426e-12,-9.044513777589921e-13,-9.421966242784512e-13,-1.908707800527713e-12,4.030998331428225e-10,2.0239550798960501e-10,4.0163732698637746e-10,-1.4154100773041548e-09,-2.1558200580298479e-10,-2.534030372275208e-12,4.019601146958718e-10,2.0161944976366062e-10,-1.8721696401276288e-12,-1.5634567357842081e-12,-1.5242201148157424e-12,-5.929712563668386e-13,-7.584062444733964e-13,-6.695450769050572e-13,-1.2526037524289507e-13,-1.615222608688604e-13,-1.4953080248003382e-13,1.9218690160029928e-14,1.1634712145285643e-14,1.257087319314019e-14,5.676650636324354e-14,5.49739879128956e-14,5.48133139051207e-14,2.3148006643279768e-14,1.775780660496132e-14,1.9759431716624563e-14,-9.141353796516099e-14,-1.1810164027704344e-13,-1.0477008620556515e-13,-5.321772800775007e-13,-6.71052175665769e-13,-5.869772141974203e-13,-1.915163436941989e-12,-1.2313090903472173e-13,-1.5811258590164223e-12,-1.512073322247018e-12,7.686666342963807e-10,2.0045767149325176e-10,5.499564361337432e-10,-2.335978155821451e-09,-2.682516979791906e-10,-3.923568406176767e-12,7.090260415781706e-10,4.006482482001799e-10,-3.2916754195106188e-12,-2.6121365095825855e-12,-2.380549821597247e-12,-1.0984911275644727e-12,-1.471390967688862e-12,-1.3472767492586645e-12,-2.756663483880343e-13,-3.592491732535156e-13,-3.501403713098275e-13,-2.1693136062019484e-14,-3.92429578045418e-14,-4.092085491550774e-14,4.3698546024942244e-14,3.9575793496992506e-14,3.837890885484351e-14,1.1521886259467193e-14,4.9452668250147925e-15,5.9666798814051666e-15,-1.25955381483733e-13,-1.577941187331547e-13,-1.5106689194892378e-13,-6.486668597927426e-13,-2.6091592154247726e-13,-7.679589416205018e-13,-1.1653887450770768e-12,2.1434334176935918e-10,-1.661043358081865e-12,2.1250504547560207e-10,-7.512668348332845e-10,2.1283028859834685e-10,3.43161712217546e-10,-6.813563279636362e-10,8.296426074003651e-10,1.5098652156933424e-10,-2.5416919386256777e-10,-5.876207134035866e-10,-4.430453609444785e-12,1.532630308161578e-10,1.960543554865443e-10,-1.7522817897306639e-12,-2.145807674908686e-12,-1.9646324603541506e-12,-4.618042446849986e-13,-6.35296930960425e-13,-6.615866818296809e-13,-7.042942856836205e-14,-1.0624835290808808e-13,-1.1870081581674016e-13,2.878006374746979e-14,2.050538044088876e-14,1.6266049969619724e-14,-2.431876454071529e-15,-8.311817518658891e-15,-7.547975264791445e-15,-1.6719502336369608e-13,-1.9877113233400244e-13,-1.9777805330897052e-13,-7.853210464550427e-13,-4.104396044981094e-13,-9.645569715916741e-13,-1.562192160659094e-12,2.1403882339344672e-10,-2.244111088525335e-12,2.1199731641288172e-10,-4.54057141122001e-10,2.9551208510895786e-10,4.1986324564219983e-10,-1.3137499659881552e-09,3.9186095123279615e-10,7.656986836127902e-11,5.446417246409596e-10,-5.766965970560624e-10,-5.695368897437433e-12,7.851344255869091e-11,2.73088192474769e-10,-2.144518374355807e-12,-3.048558226055449e-12,-3.17328753697816e-12,-5.910832726396488e-13,-8.559512058733282e-13,-1.0202765051047826e-12,-1.0788754606345116e-13,-1.6482650922363758e-13,-2.050451483510169e-13,1.6349855654242696e-14,2.8803599703705052e-15,-7.590400663138943e-15,-2.5168606128800053e-14,-2.497846882577092e-14,-1.8756102116334714e-14,-2.420965468081491e-13,-2.514723036834224e-13,-2.306992446816186e-13,-1.057235093297555e-12,-6.089119191958768e-13,-1.080779942278068e-12,-2.434610989754529e-12,2.1261520716598195e-10,-2.6626990158582117e-12,2.1028087402991762e-10,-3.646207349911348e-10,2.961829300318465e-10,5.941827318320152e-10,-1.662597241612016e-09,7.139157972832151e-10,1.551226035776257e-10,2.426077271932049e-10,-1.1510896121090772e-09,-6.134504527148675e-12,1.566241022195988e-10,4.341315700712205e-10,-2.4353253499502504e-12,-3.487187683617914e-12,-4.045094594797433e-12,-6.844483233541552e-13,-1.0363619280992872e-12,-1.3394738848409342e-12,-1.3563219621725293e-13,-2.1329681961365804e-13,-2.8278826981594284e-13,6.608914249890779e-15,-1.2140376099095036e-14,-2.9424669517228354e-14,-5.74172553184979e-14,-4.414733008008413e-14,-2.5977816419431558e-14,-3.605863381807855e-13,-3.108510154300226e-13,-2.39760163955843e-13,-1.5235464125560127e-12,-7.937410854164213e-13,-1.0399199832741013e-12,-2.6895602287309435e-12,2.1181572795122353e-10,-2.142047819700735e-12,5.13682364564504e-10,-3.503673972789754e-10,2.9757611548062413e-10,2.0347514598385272e-11,-1.1426717315325682e-09,5.199405212954684e-10,2.521428737481537e-10,2.5782332181583003e-10,-1.15811130636112e-09,-5.702822344248782e-12,1.652521689475121e-10,5.278501133733017e-10,-2.4527792411853654e-12,-3.573899959277469e-12,-3.796053618470962e-12,-7.139374481413759e-13,-1.1164202269090322e-12,-1.4965364083982666e-12,-1.4983437571855023e-13,-2.432834778554999e-13,-3.348742246907017e-13,1.1355051951760559e-16,-2.3202139553343154e-14,-4.6351098109112303e-14,-8.157238682746277e-14,-5.909316233738884e-14,-3.00331363991448e-14,-4.71703783701887e-13,-3.7654830749892365e-13,-2.5043030184168446e-13,-1.5657316627619167e-12,-9.340425693588708e-13,-1.0665196597690075e-12,2.1124815034211792e-10,2.955646083016036e-10,-1.985700999036054e-12,-7.1694323116725e-10,-7.207368460992563e-10,2.957727539043324e-10,9.615173847305116e-10,-1.2050270726792695e-09,8.996212715407498e-10,1.6932295324291387e-10,3.1804490575406157e-10,-8.741828600633332e-10,-3.809119237796535e-12,3.461877317130244e-10,4.076618512855768e-11,-2.2407806129561013e-12,-2.664573239627276e-12,8.50374102457811e-11,-7.003823946523263e-13,-1.1899037021730129e-12,-1.518767126677046e-12,-1.5405983995767655e-13,-2.681697967298044e-13,-3.9184543252152057e-13,-3.2452731157452797e-15,-3.124956167706479e-14,-6.057804155747581e-14,-4.467630494122968e-14,-3.28623651638585e-14,-1.1031666471505717e-14,-3.092016761029667e-13,-2.716645405820486e-13,-1.783253048621307e-13,-1.3138526068276554e-12,-7.896954721661511e-13,-7.864415780967749e-13,-1.8096059382202337e-12,1.7275995312311883e-10,-1.627247153808402e-12,6.027270870503469e-10,-1.433392403492559e-10,1.7380511906115987e-10,-2.980197682928348e-10,-1.6965067688429712e-09,8.357927203298905e-10,5.891748802786897e-10,-8.651978453421327e-10,-3.824946479655202e-10,8.824434207569316e-11,-4.669435506403121e-11,2.4247784229304037e-11,-1.5905635985639604e-12,8.740429947268151e-11,8.518290533012911e-11,-6.402107278046049e-13,-9.079636065853722e-13,-1.3190911649067059e-12,-1.3601936582644392e-13,-2.462135201590588e-13,-3.425506625501292e-13,1.7720962201997077e-15,-2.4277633539711484e-14,-4.816098072203302e-14,1.6306961032787804e-14,2.0684005374994736e-14,3.084097218065389e-14,-1.0663199752224133e-13,-9.591671180954368e-14,-5.589888352479531e-14,-5.317775268719567e-13,-5.142354440343422e-13,-3.5181972752878146e-13,-1.07266522866562e-12,5.403170577277283e-13,-1.09632935588638e-12,2.1678382507636173e-10,7.55383435346524e-10,1.5142865930690917e-12,-2.8582542264056623e-10,-1.5948735657556346e-09,6.757265525963773e-10,5.089622652338709e-10,-7.178552287179037e-10,9.103243337193429e-11,3.4433946825723706e-13,3.7962660072759847e-10,1.774482012655679e-10,-9.939475320055917e-13,-6.131895803954426e-13,-1.6199315740037034e-12,-3.1551339532686583e-13,-5.436239680910276e-13,-7.210786648412588e-13,-4.500034101701495e-14,-1.0133516164579676e-13,-1.480232524907037e-13,3.437561884806997e-14,1.988629555995308e-14,7.166141088599142e-15,2.852789754039916e-12,2.854345880423141e-12,2.858665763880142e-12,2.7975485911470485e-12,2.8004930954783817e-12,2.8160260639085482e-12,2.6199615699239268e-12,2.623408966502934e-12,2.678681017652993e-12,2.217562638261114e-12,4.09643448326362e-12,2.3594704265566086e-12,6.5361458908407525e-12,8.305991589038842e-10,5.689878281689641e-12,1.0467478312385673e-09,-3.5900776058205326e-09,8.326405544269579e-10,8.090046970053446e-12,1.1202381422814413e-09,9.733064035688443e-11,1.9925307370695153e-12,4.995694476888803e-12,1.8714511213122696e-12,2.3988301527272212e-12,2.14379318765773e-12,1.9584662253628912e-12,2.6911889686287183e-12,2.602246861296956e-12,2.534248126350911e-12,2.8188884083826324e-12,2.7942794799285725e-12,2.77401291994651e-12,2.859426973895699e-12,2.85238599933056e-12,2.8462668014607617e-12
-7.53028081518111e-12,-7.530280829167968e-12,-7.53028083763372e-12,-7.53028083382747e-12,-7.530280881119085e-12,-7.530280844701066e-12,-7.530280817855992e-12,-7.530280862327947e-12,-7.530280834337317e-12,-7.530280826958027e-12,-7.530280871823926e-12,-7.530280828767073e-12,-7.530280820845448e-12,-7.530280843041299e-12,-7.530280844312465e-12,-7.530280819708878e-12,-7.530280871938518e-12,-7.530280844199668e-12,-7.530280825268538e-12,-7.530280849372875e-12,-7.530280844265298e-12,-7.53028082394674e-12,-7.530280848950049e-12,-7.530280844254711e-12,-7.530280826882708e-12,-7.53028087223022e-12,-7.530280834754793e-12,-7.530280812977048e-12,-7.530280842409994e-12,-7.530280844771696e-12,-7.530280826090531e-12,-7.530280879855528e-12,-7.530280840983416e-12,-7.530280839263888e-12,-7.530280850820084e-12,-7.530280831773403e-12,1.3952466844245306e-13,1.395246271509346e-13,1.3952466194457292e-13,1.395246356107385e-13,1.3952459770068268e-13,1.3952465234224516e-13,1.3952464313360852e-13,1.3952462690696962e-13,1.3952464861549439e-13,1.3952464591165422e-13,1.3952462737054296e-13,1.395246533896206e-13,1.3952464486381995e-13,1.3952460175089662e-13,1.395246773050067e-13,1.3952466421535818e-13,1.3952459836250634e-13,1.3952467638626107e-13,1.3952464090984977e-13,1.3952462273551556e-13,1.395246615237674e-13,1.395246448460485e-13,1.395246210038485e-13,1.3952466120866813e-13,1.3952465297996264e-13,1.395246227993571e-13,1.395246554649279e-13,1.3952464913163893e-13,1.3952460764919684e-13,1.3952465634146955e-13,1.395246445128902e-13,1.3952460353699928e-13,1.3952463968419105e-13,1.3952466714900915e-13,1.395246372605971e-13,1.395246733047354e-13,2.004998912910428e-13,2.0049986185737167e-13,2.0049988772110576e-13,2.004998834245576e-13,2.0049983252217703e-13,2.0049988720089963e-13,2.0049989025706542e-13,2.0049984717020393e-13,2.004998917754233e-13,2.0049989160676165e-13,2.0049984652041721e-13,2.0049989440609513e-13,2.0049989165344646e-13,2.0049985155077232e-13,2.004998666949953e-13,2.004998866220283e-13,2.004998552776782e-13,2.0049987774064822e-13,2.0049989337023074e-13,2.0049985232101722e-13,2.0049987119750256e-13,2.0049989520743442e-13,2.004998346181073e-13,2.0049989328257545e-13,2.0049987050136545e-13,2.0049985357110684e-13,2.0049988747083273e-13,2.0049988804833163e-13,2.0049985368255166e-13,2.0049988822271164e-13,2.0049987214620602e-13,2.0049984073643837e-13,2.0049987771684658e-13,2.004998787932e-13,2.004998737106364e-13,2.0049990516529313e-13,1.9382411770762463e-13,1.9382407915253756e-13,1.9382410246656658e-13,1.9382408297752976e-13,1.9382404845631658e-13,1.938240893060479e-13,1.9382409771087017e-13,1.9382405973606726e-13,1.938240946671767e-13,1.9382409220675948e-13,1.9382406137299146e-13,1.9382409449380967e-13,1.9382409413391582e-13,1.9382405857114412e-13,1.9382410545499726e-13,1.9382409787126808e-13,1.9382405906515997e-13,1.9382409717101607e-13,1.9382409706631956e-13,1.938240574014542e-13,1.938241038922681e-13,1.9382410127651782e-13,1.9382406092441723e-13,1.9382409581351414e-13,1.9382409996458514e-13,1.9382406026302978e-13,1.9382410300001083e-13,1.9382409746385982e-13,1.9382406175800687e-13,1.9382409741679373e-13,1.9382409505032128e-13,1.9382405130968741e-13,1.9382408009457026e-13,1.938240977530079e-13,1.9382408081407037e-13,1.938241120754116e-13,1.8703050907001577e-13,1.870304824716734e-13,1.8703051035618873e-13,1.8703049054126618e-13,1.8703045467158866e-13,1.870304946648722e-13,1.8703051501997358e-13,1.8703046031202824e-13,1.870305114767955e-13,1.8703050844115737e-13,1.870304650338894e-13,1.8703050932969233e-13,1.8703051286591772e-13,1.870304675721747e-13,1.8703049546208448e-13,1.8703049738427128e-13,1.8703046683523675e-13,1.8703051675788893e-13,1.8703050349163897e-13,1.870304653630572e-13,1.870305032754936e-13,1.870304955122202e-13,1.8703047377649944e-13,1.87030504356134e-13,1.8703051168359228e-13,1.8703045957017325e-13,1.8703049862008235e-13,1.870305024389345e-13,1.8703046799303677e-13,1.8703050473980605e-13,1.870304999411116e-13,1.8703044195954001e-13,1.8703050229200252e-13,1.870305083504777e-13,1.8703048714754527e-13,1.8703050925136947e-13,1.805232753537332e-13,1.8052324937426814e-13,1.805232499278208e-13,1.8052324269563368e-13,1.805231975658873e-13,1.805232450265624e-13,1.8052324681025462e-13,1.8052323753236503e-13,1.8052325107785792e-13,1.8052325120770912e-13,1.8052321517125535e-13,1.8052324965464602e-13,1.8052325976552264e-13,1.805232055568341e-13,1.8052325371712791e-13,1.805232595545835e-13,1.8052323415684694e-13,1.8052324620798231e-13,1.805232475854739e-13,1.805232132964214e-13,1.8052326129305785e-13,1.8052326671057468e-13,1.805232114844007e-13,1.8052326248122525e-13,1.80523264582285e-13,1.8052321749466513e-13,1.8052326561532696e-13,1.8052325667638998e-13,1.8052321927004918e-13,1.8052325337284468e-13,1.805232466626368e-13,1.8052321122984636e-13,1.8052324902116703e-13,1.8052326510415035e-13,1.8052323508334173e-13,1.8052327837927312e-13,1.7429026684115433e-13,1.7429024532048923e-13,1.7429026214188634e-13,1.7429025061807456e-13,1.742902194443757e-13,1.7429025081033428e-13,1.7429025349620912e-13,1.7429021851333868e-13,1.7429026451113356e-13,1.742902552502561e-13,1.742902168997476e-13,1.7429026181629222e-13,1.7429025094103528e-13,1.7429022199626666e-13,1.7429025330394213e-13,1.7429024519502435e-13,1.7429022720827435e-13,1.7429025171784916e-13,1.7429026673746837e-13,1.742902227978273e-13,1.742902550184961e-13,1.7429026239118436e-13,1.7429022765431776e-13,1.7429026021936188e-13,1.7429026513378165e-13,1.7429023702216324e-13,1.7429026201792638e-13,1.742902641913087e-13,1.7429023526307804e-13,1.7429026820708317e-13,1.7429025842302528e-13,1.7429023145039903e-13,1.7429026046670423e-13,1.74290270437608e-13,1.7429024764454929e-13,1.7429028071703398e-13,1.683181902211011e-13,1.6831814909953754e-13,1.6831817232070908e-13,1.6831813252137596e-13,1.6831813235136853e-13,1.6831815310679544e-13,1.6831815755011404e-13,1.683180940550864e-13,1.6831815058517896e-13,1.6831813454135667e-13,1.6831811502052187e-13,1.683181344245368e-13,1.6831813002845554e-13,1.6831809443462418e-13,1.6831813284986925e-13,1.683181424212779e-13,1.683181098566813e-13,1.6831812479101528e-13,1.6831813928361543e-13,1.683181231595946e-13,1.6831814359066976e-13,1.6831817234368757e-13,1.6831813378171568e-13,1.6831817730895794e-13,1.6831816902677975e-13,1.6831815688193224e-13,1.6831817806933888e-13,1.6831819995239713e-13,1.6831816389065054e-13,1.6831820345469196e-13,1.6831819923349317e-13,1.6831815243383797e-13,1.6831817383502555e-13,1.6831820281118584e-13,1.6831819190837102e-13,1.6831821408070177e-13,1.625942989086435e-13,1.6259428276765738e-13,1.6259430132071025e-13,1.6259425190042246e-13,1.625942164609863e-13,1.625942421110816e-13,1.6259419685797466e-13,1.6259417546266942e-13,1.6259419481046192e-13,1.6259413821683478e-13,1.6259411235028068e-13,1.6259413386282584e-13,1.6259412332755548e-13,1.6259408536128045e-13,1.6259412812506006e-13,1.625941386755872e-13,1.6259410623724955e-13,1.6259415823383012e-13,1.6259421267519147e-13,1.6259417329101659e-13,1.625942077586666e-13,1.6259427476123729e-13,1.6259425258264937e-13,1.6259427491863829e-13,1.6259434275340842e-13,1.6259430647354301e-13,1.625943423291932e-13,1.625943983241508e-13,1.6259435248446696e-13,1.6259438489127806e-13,1.62594402108616e-13,1.6259436585086313e-13,1.6259440759249145e-13,1.6259442266970796e-13,1.6259440977449293e-13,1.625944253113036e-13,1.5710649512042393e-13,1.571064669638001e-13,1.5710647934794838e-13,1.5710632845610784e-13,1.5710629098959935e-13,1.57106329665126e-13,1.5710606963879939e-13,1.571060517553985e-13,1.5710607900624985e-13,1.5710584718253635e-13,1.5710579627057454e-13,1.5710582458109758e-13,1.5710574358273028e-13,1.5710570929463824e-13,1.5710573341833087e-13,1.5710584835095643e-13,1.571058232908485e-13,1.5710583342692181e-13,1.571061134302693e-13,1.5710608656706193e-13,1.5710611111515153e-13,1.5710642027481747e-13,1.5710637249939853e-13,1.5710641677745018e-13,1.571066690705323e-13,1.5710663915858195e-13,1.571066661476048e-13,1.5710683216410436e-13,1.5710678941122513e-13,1.5710684041416226e-13,1.5710692940004163e-13,1.571068838361248e-13,1.5710691075675175e-13,1.5710696123691236e-13,1.571069561535773e-13,1.5710697938357883e-13,1.5184267849319324e-13,1.5184264181027923e-13,1.51842649633726e-13,1.51842005873027e-13,1.518419645907707e-13,1.5184200821790714e-13,1.51840962649168e-13,1.5184093997932447e-13,1.5184094708921244e-13,1.5183994083478859e-13,1.5183988588261817e-13,1.518399279893409e-13,1.5183952550640378e-13,1.518394819051224e-13,1.518394957263645e-13,1.5183998917224687e-13,1.5183993843150498e-13,1.518399593794703e-13,1.518410906391586e-13,1.5184104123722794e-13,1.5184107193371549e-13,1.5184232420530684e-13,1.5184226799336782e-13,1.518423089448973e-13,1.518433214232171e-13,1.5184328848199482e-13,1.5184331883222004e-13,1.518439615131454e-13,1.5184395358955567e-13,1.518439569085274e-13,1.5184431266509236e-13,1.518442738115175e-13,1.5184430301836504e-13,1.5184446024126665e-13,1.518444568882642e-13,1.5184448353504105e-13,1.4678940576863287e-13,1.467893632635338e-13,1.4678937243930456e-13,1.4678681863508248e-13,1.4678676742784466e-13,1.4678675665710975e-13,1.4678250308082585e-13,1.4678237175419302e-13,1.4678240071060275e-13,1.46778207010752e-13,1.4677810434207422e-13,1.4677807343350935e-13,1.4677639874035685e-13,1.4677625481051021e-13,1.4677626428133726e-13,1.46778338959234e-13,1.4677820166312627e-13,1.4677820781221407e-13,1.467828658544318e-13,1.4678276735670563e-13,1.4678278688177004e-13,1.467878487283039e-13,1.4678779929175605e-13,1.4678780035247463e-13,1.4679176483554187e-13,1.4679169882230665e-13,1.467917190472733e-13,1.467942116170958e-13,1.4679417929764435e-13,1.4679420278398947e-13,1.467954980951565e-13,1.4679547676695952e-13,1.4679550714175863e-13,1.4679604542645082e-13,1.4679602182563893e-13,1.4679603279538268e-13,1.4192726773751984e-13,1.4192710112653671e-13,1.4192705045926608e-13,1.4191708696768524e-13,1.4191683094800663e-13,1.4191680627939262e-13,1.4189965447777607e-13,1.4189928123805417e-13,1.4189921935597219e-13,1.418821913885747e-13,1.4188166619727433e-13,1.4188159107450906e-13,1.4187465611653003e-13,1.4187404241173263e-13,1.4187398938506905e-13,1.4188253234828244e-13,1.418820133428778e-13,1.418819368841609e-13,1.4190088874171577e-13,1.4190051603654964e-13,1.4190045407694937e-13,1.419204786961218e-13,1.4192026264612785e-13,1.419202245424956e-13,1.4193540397359135e-13,1.419352707554073e-13,1.4193526553987683e-13,1.4194446380192478e-13,1.4194439940210373e-13,1.419444124612427e-13,1.4194908295325322e-13,1.4194902158654677e-13,1.4194905264608583e-13,1.4195091172761398e-13,1.4195088271196229e-13,1.4195089854218296e-13,1.372160966889021e-13,1.372154693646058e-13,1.3721525171087666e-13,1.371774450328941e-13,1.371764733503159e-13,1.371761979151606e-13,1.3711019251501765e-13,1.3710851552972667e-13,1.3710821305001835e-13,1.3704072199866886e-13,1.3703814519841297e-13,1.3703794759853556e-13,1.3700981497859292e-13,1.3700681302081866e-13,1.3700667599888172e-13,1.3704167242560527e-13,1.3703909389146734e-13,1.370389147097954e-13,1.3711388438295064e-13,1.3711219397118626e-13,1.371119299671185e-13,1.371883197056115e-13,1.371873825756309e-13,1.371871705598703e-13,1.3724327257444856e-13,1.3724282242929506e-13,1.37242694496989e-13,1.3727566371828146e-13,1.3727547087149937e-13,1.3727540258563954e-13,1.3729158012346e-13,1.37291483705816e-13,1.3729146818799899e-13,1.3729771076919012e-13,1.3729765986789038e-13,1.372976730438379e-13,1.3255290408067253e-13,1.325503078983301e-13,1.3254943978022752e-13,1.3241062564519461e-13,1.3240614321221248e-13,1.324052415444365e-13,1.3215538629170993e-13,1.321471510004523e-13,1.3214648087558625e-13,1.3188425599558206e-13,1.3187138876566824e-13,1.3187156759096993e-13,1.317603021789969e-13,1.3174489394146545e-13,1.317458576143027e-13,1.318865152266193e-13,1.3187364122825812e-13,1.3187386813761405e-13,1.3216583430931704e-13,1.3215765230078548e-13,1.321570461335147e-13,1.324439197888066e-13,1.3243967388002977e-13,1.3243891762409063e-13,1.326395854554659e-13,1.3263770278811122e-13,1.32637163539214e-13,1.327500795480699e-13,1.327493136426949e-13,1.327490338864442e-13,1.3280269209522815e-13,1.3280240364297387e-13,1.3280228356120877e-13,1.3282238148480075e-13,1.3282225498050084e-13,1.3282221090721516e-13,1.2765062074669436e-13,1.2763974356114766e-13,1.2763672297472963e-13,1.2714815592054974e-13,1.271283428887892e-13,1.271256819137456e-13,1.2622267590615392e-13,1.2618398974995151e-13,1.2618413865494945e-13,1.2520240512489127e-13,1.251385854501584e-13,1.251458474675031e-13,1.2471752098290205e-13,1.2463888027194387e-13,1.2465235535893567e-13,1.2520650615211787e-13,1.25142689219622e-13,1.2515006756938059e-13,1.2624978225489062e-13,1.2621126770441407e-13,1.2621168215432822e-13,1.2724440001068174e-13,1.2722548454163405e-13,1.272233782718833e-13,1.279160312661535e-13,1.279080249509351e-13,1.2790615805281834e-13,1.2827897938502715e-13,1.2827599062660543e-13,1.282749481721278e-13,1.284436130974755e-13,1.2844253897338563e-13,1.284420733810494e-13,1.2850358410034802e-13,1.285031565522179e-13,1.2850293681706727e-13,1.2175305298159605e-13,1.2170940629701091e-13,1.216996341948314e-13,1.2007059282352626e-13,1.199856995710375e-13,1.1998022254405168e-13,1.1686518416472268e-13,1.1668771631904025e-13,1.1670336040096136e-13,1.1317106791106561e-13,1.128598945820792e-13,1.1292589189258235e-13,1.113276938164727e-13,1.1092861960713443e-13,1.1104084964041149e-13,1.1317280471040546e-13,1.1286139452566538e-13,1.1292801139162975e-13,1.1692739902854715e-13,1.167504174867792e-13,1.1676718602747604e-13,1.203310231379041e-13,1.2024939793998148e-13,1.2024589252789989e-13,1.225159078184217e-13,1.224834734725618e-13,1.2247754647120136e-13,1.236420247490339e-13,1.2363042298287625e-13,1.236268293533887e-13,1.241324106719502e-13,1.2412859977736785e-13,1.2412695805191063e-13,1.2430353606257033e-13,1.2430207223320987e-13,1.243013009649257e-13,1.1303092234612682e-13,1.1286468231872953e-13,1.1283501624824505e-13,1.0774666385443344e-13,1.0739895559646202e-13,1.0739857579338345e-13,9.72669877991788e-14,9.648215952073176e-14,9.661333447057565e-14,8.451366210372203e-14,8.303108992211905e-14,8.348509534102322e-14,7.772654939806852e-14,7.571709566620281e-14,7.649999280079704e-14,8.448176614561505e-14,8.299703928897988e-14,8.345437609336082e-14,9.73814592555062e-14,9.659725182721475e-14,9.673297462770757e-14,1.0839378147161581e-13,1.0805703764848715e-13,1.0806357450965102e-13,1.1507370471467822e-13,1.1494826931974533e-13,1.1493133327746245e-13,1.183402766484056e-13,1.1829821443292216e-13,1.182864448515841e-13,1.196971176633005e-13,1.1968386478166863e-13,1.196784444354022e-13,1.2015413455125542e-13,1.2014945010776707e-13,1.2014692480147775e-13,9.765864387614023e-14,9.706744951534754e-14,9.698096190491222e-14,8.233991258237493e-14,8.099930800293906e-14,8.106773331514958e-14,5.0461650137442756e-14,4.715650086399012e-14,4.7940083557436214e-14,8.959427647385558e-15,2.1085846262714276e-15,4.809262162808623e-15,-1.514125413365274e-14,-2.5185152741030823e-14,-2.021581120987622e-14,8.747478437744142e-15,1.881824099477216e-15,4.60047048852672e-15,5.057154784970476e-14,4.726205149619556e-14,4.806565708465546e-14,8.377924347704942e-14,8.247143547865591e-14,8.256411642873022e-14,1.0266512986325616e-13,1.0221189467833081e-13,1.021663210371183e-13,1.1138516396144036e-13,1.1124235868643685e-13,1.1120532150596932e-13,1.1482827579329089e-13,1.147859685645359e-13,1.1476893713141563e-13,1.1594367940820513e-13,1.1592936550162996e-13,1.1592171287931033e-13,6.93116780080015e-14,6.738831187821667e-14,6.712832034382394e-14,2.92300627018869e-14,2.446224434053462e-14,2.486930246131557e-14,-5.913892758933045e-14,-7.215890012406592e-14,-6.833348386826591e-14,-1.8431681686502477e-13,-2.146410329334155e-13,-2.0030206407935138e-13,-2.6631326969207145e-13,-3.117024121873711e-13,-2.865423982566602e-13,-1.8526942688980977e-13,-2.156735646676406e-13,-2.012474852060835e-13,-5.944813033545616e-14,-7.251561068837477e-14,-6.85998765327001e-14,3.1977546596603165e-14,2.7292873828606453e-14,2.7784848472890982e-14,8.029132319659017e-14,7.87917582335459e-14,7.866242164541323e-14,1.012490745775826e-13,1.0080676009640782e-13,1.0069169242379968e-13,1.0909582288663434e-13,1.0897210970562243e-13,1.0892105917073426e-13,1.1153441405044843e-13,1.1149483989741007e-13,1.1147306303019074e-13,2.1730661866013446e-14,1.6173535404209825e-14,1.5293149158899316e-14,-6.983356309478643e-14,-8.498873866664788e-14,-8.36278195438182e-14,-2.8598899099458514e-13,-3.3250697113159296e-13,-3.1724293434164635e-13,-6.26237441960532e-13,-7.386706252426673e-13,-6.84435811633907e-13,-8.764899929070644e-13,3.422507713477053e-13,-9.538837927783693e-13,-6.29741208986325e-13,-7.379447421902711e-13,-6.87929389999308e-13,-2.883046735455404e-13,-3.350748378609905e-13,-3.1945541703546655e-13,-6.5694624512132e-14,-8.069517899727144e-14,-7.904142820368793e-14,4.261374986978418e-14,3.8205196725662244e-14,3.774137810626978e-14,8.659711219585159e-14,8.538029881195009e-14,8.502271942592705e-14,1.022019374647261e-13,1.0188005132922552e-13,1.0173444205642742e-13,1.0685790926616993e-13,1.067602023062619e-13,1.0670253941931932e-13,-4.1556474066067106e-14,-5.519072056875903e-14,-5.850118831644471e-14,-2.1482127670570016e-13,-2.5558136986582524e-13,-2.54158702137937e-13,-6.560891943010223e-13,-7.851979878117683e-13,-7.53135642182285e-13,-1.4189289408163513e-12,1.0104292746395065e-12,-1.6164016034854236e-12,7.188359584489636e-13,3.772376398236063e-10,4.4009893768311055e-13,-1.416147481702297e-12,2.4584199581406515e-12,-1.6136426785914743e-12,-6.647238148790322e-13,-7.812863532769589e-13,-7.615687857525039e-13,-2.1100999324578265e-13,-2.516128226536703e-13,-2.492995538265564e-13,-8.602451151455188e-15,-1.9605859845630112e-14,-2.162416484431189e-14,6.852446272086888e-14,6.566451380215245e-14,6.457384914187988e-14,9.458748694203484e-14,9.386648610864614e-14,9.348013687204895e-14,1.0209169910817631e-13,1.0188233700679891e-13,1.0174385433375446e-13,-9.392395701195666e-14,-1.2043689607197985e-13,-1.3227179333785587e-13,-3.4268764454380953e-13,-4.220991396113251e-13,-4.401512479390866e-13,-1.0039251798678054e-12,1.0089819635795999e-13,-1.2700711486691237e-12,5.13599012232779e-13,3.743059339185692e-10,-8.197622821659669e-14,3.7530605935208374e-10,-2.200786450746156e-09,3.758367669792087e-10,3.388593731235131e-12,7.52878361929779e-10,2.7924560889547156e-12,-1.0001389310251965e-12,2.963175588373103e-12,-1.2660698431470922e-12,-3.4404262557778376e-13,-4.1039316172924583e-13,-4.3945209942135173e-13,-5.3377848339854863e-14,-7.498924097588668e-14,-8.326529733882347e-14,5.299793069900976e-14,4.7545491331606776e-14,4.4516037959879736e-14,8.790317616695502e-14,8.656899067142938e-14,8.566515588253209e-14,9.774519483721574e-14,9.737331913421663e-14,9.708503237526987e-14,-9.891457723564084e-14,-1.3664307558408793e-13,-1.689181060696221e-13,-3.388243915044606e-13,-4.481853758502012e-13,-5.357437348897407e-13,-9.506391188450965e-13,-1.28491259284136e-12,-1.5466540650167891e-12,-1.9968164015898883e-12,1.274010096349382e-12,-6.382477629567394e-13,2.691379213554367e-12,7.508813357631301e-10,3.97055071503099e-10,3.7656832433432305e-10,-1.9136542393595903e-09,3.7799731082771543e-10,1.881700189040235e-12,3.7585826783306465e-10,1.2868553696591317e-12,-3.3866087419260527e-13,9.703175571637097e-13,-5.319733894751322e-13,-6.221583801305325e-14,-8.871784395751148e-14,-1.1766291756936486e-13,4.7374820243784167e-14,3.939114882276341e-14,3.272043950337261e-14,8.394376648592194e-14,8.198690596055643e-14,8.026346193971871e-14,9.433008835755902e-14,9.378303189267245e-14,9.329202141066002e-14,-7.130099139418586e-14,-1.1560953456237255e-13,-1.6405786685042192e-13,-2.699701830155393e-13,-3.9959406739851415e-13,-5.491132721989889e-13,-7.678366089274208e-13,-1.1696968065536505e-12,-2.694391528895673e-13,-1.599466567460554e-12,1.5839163268917486e-12,3.91520876806335e-10,1.9507789017180215e-12,7.68848404179849e-10,-1.4919172095928993e-09,3.766559214021799e-10,-1.5250321662742894e-09,7.70300247416649e-10,2.018508841029396e-12,3.756727631522118e-10,2.5198911108269346e-12,-2.839151638479408e-13,9.91834020730694e-13,-5.586202909141739e-13,-4.7081819881198444e-14,-7.932895866867917e-14,-1.212305830726307e-13,4.955145525708131e-14,4.01930965720737e-14,3.090930966810913e-14,8.231504752631958e-14,8.004382848971417e-14,7.785169480891527e-14,9.172861240902514e-14,9.110885274133647e-14,9.050924878565338e-14,-2.2362908921064526e-14,-5.553603453819633e-14,-9.285545019665277e-14,-1.5302777858610557e-13,-2.4384322410401006e-13,-3.4852145213033606e-13,-4.687240087832299e-13,-7.191063431482538e-13,3.901700289738453e-13,-9.544180855582634e-13,2.700295474117154e-12,3.9272162755427414e-10,2.8815644256456292e-12,7.659383652987553e-10,-1.1986880462848642e-09,3.748023797432237e-10,-1.5124745175633022e-09,7.686425986829709e-10,2.24413781389443e-12,3.736420141434078e-10,3.1036636529632835e-12,-1.8799030484709953e-13,1.1023721289189886e-12,-3.804314790240922e-13,-1.8977566801093003e-14,-4.268132617953364e-14,-7.510252003478274e-14,5.527952730898973e-14,4.784237737120621e-14,4.0527474360858166e-14,8.159625555067133e-14,7.974568923384112e-14,7.794206296381361e-14,8.94232951841752e-14,8.889997548955576e-14,8.8402799483611e-14,2.0746804441085108e-14,2.1659520173657458e-15,-1.8393777770930292e-14,-5.4871415662256304e-14,-1.0241582360837716e-13,-1.5307084688485837e-13,-2.336147530598992e-13,-3.459912619183993e-13,9.340677473004324e-13,-4.920808273385157e-13,3.4656855225414078e-12,3.910203571160488e-10,3.4509482474392836e-12,7.616682341291634e-10,-1.1832811458924457e-09,3.728388699624856e-10,-1.501788405211067e-09,7.643699378090011e-10,2.365051128631726e-12,3.71597850807147e-10,3.5300079700390976e-12,-1.388141263019793e-13,1.1694728861411312e-12,-2.369318015113116e-13,-9.572674977939014e-15,-2.2918045457003465e-14,-4.1265508933102403e-14,5.4228660706924764e-14,4.933472613484056e-14,4.533033423720825e-14,7.865697670503397e-14,7.737063383125937e-14,7.631344414938876e-14,8.63363699732894e-14,8.596266910859319e-14,8.564103448924697e-14,4.1738301618420076e-14,3.2577178730352154e-14,2.309099704798407e-14,-1.1311306840085149e-14,-3.409614287421043e-14,-5.365484327586238e-14,-1.434907810878137e-13,-1.8773381808374523e-13,1.1637583151894422e-12,-3.5378353966190373e-13,3.69112961562111e-12,3.886942480556178e-10,3.4945235797031943e-12,7.570288393723395e-10,-1.174914237984793e-09,3.7060683156713774e-10,-1.4928145771928425e-09,7.610371596751575e-10,2.2021622366274966e-12,3.693728410077637e-10,3.505744233250924e-12,-2.27415389088144e-13,1.0718274077796983e-12,-2.7794971422824594e-13,-5.5942736663319964e-14,-6.656190753390403e-14,-7.459197367174819e-14,3.341697574188119e-14,2.915431969565606e-14,2.766581833272033e-14,6.934837568280829e-14,6.818859640002428e-14,6.768932592126362e-14,8.099271729795491e-14,8.063554231831434e-14,8.045038250544625e-14,3.865457527206917e-14,3.355061614144085e-14,2.978575337513801e-14,-2.5808471843302882e-14,-3.970293301570527e-14,-4.412369502477734e-14,-2.056547002307001e-13,-2.3177203125132447e-13,1.1301969685345318e-12,-5.613221083460196e-13,3.4179347668638027e-12,3.8325275567026865e-10,2.908890264983277e-12,7.49424868348907e-10,-1.545837908229984e-09,3.680219854574877e-10,-1.483046214022911e-09,1.1348389495913052e-09,1.511651223075035e-12,3.669048385170272e-10,5.570289462061869e-12,-5.802701397593017e-13,6.613011628628216e-13,-6.151133442403092e-13,-2.0993022884185108e-13,-2.326335832717993e-13,-2.2997940987651536e-13,-2.5310258059293574e-14,-3.293697449494033e-14,-3.232193362261301e-14,4.79751780744292e-14,4.590965876054623e-14,4.5720995329175333e-14,7.142042828758689e-14,7.078206377933721e-14,7.060975315079325e-14,1.5972720229476882e-14,1.1454775118431268e-14,1.082422888658986e-14,-9.151849764967528e-14,-1.0668919155040756e-13,-1.0517475942208878e-13,-4.181798092379107e-13,-4.730583175031699e-13,-4.417865570582186e-13,-1.1819001039042215e-12,-4.2048063503127644e-14,2.8441608310065514e-12,1.054827109951634e-13,3.719087272886111e-10,7.619659939903763e-10,3.684607260276527e-10,-7.055729802932547e-10,-1.1726919654847446e-09,-1.2653555495497488e-13,3.689076994599491e-10,3.815929930738489e-10,-1.399320706823127e-12,-3.1190193516996936e-13,-1.2560406989936697e-13,-5.468875355707043e-13,-6.144706446354719e-13,-5.875137060286356e-13,-1.466672420770931e-13,-1.6623625186589466e-13,-1.6316707816008715e-13,7.146557840904048e-15,1.9935806086598928e-15,1.6938534056717812e-15,5.5175405746082365e-14,5.3615904808579407e-14,5.3198046224382865e-14,-1.8125092325167097e-14,-2.4284446721588103e-14,-2.313253797723068e-14,-1.8997663437929437e-13,-2.141378744408446e-13,-2.0474749766648682e-13,-7.397806074162048e-13,-8.417315455495946e-13,-7.834362214391797e-13,-2.1263225708471216e-12,9.175086084854318e-14,-8.802865314683715e-13,4.3338065126629345e-13,7.666574032190292e-10,3.8418433965311045e-10,7.650252700099899e-10,-2.721145860352833e-09,-3.9717804274777713e-10,-3.570017839028072e-13,7.652047833600804e-10,3.832048811331364e-10,-2.8318789891987136e-12,-8.046177209711948e-13,-1.738622437231232e-12,-1.127549829414967e-12,-1.3051788743650525e-12,-1.250726102107966e-12,-3.509381014839768e-13,-4.002647119980335e-13,-3.9736661481556855e-13,-5.914896693095493e-14,-7.191651865008338e-14,-7.407748953505837e-14,3.0342420309913227e-14,2.6544472373238855e-14,2.5120589599253667e-14,-5.179541603704653e-14,-6.033402928002384e-14,-5.939686820206629e-14,-2.8367632165679583e-13,-3.181168321631071e-13,-3.0891610067484007e-13,-1.0334238143446298e-12,-1.1679169560951292e-12,-1.1200744761454515e-12,-2.9223129389678045e-12,2.8566622571169567e-12,-1.86799609243741e-12,3.253388099775646e-12,1.4629371972317731e-09,3.810195374024264e-10,1.0619392379736338e-09,-4.55084877952332e-09,-4.698398457530658e-10,3.0233947264322733e-13,1.3729326079463272e-09,7.560618210181642e-10,-4.713906553745302e-12,-3.3324909627628845e-13,-1.5786614057634032e-12,-1.928921727450808e-12,-2.320048531062929e-12,-2.280228301334186e-12,-6.349200133279217e-13,-7.45646560525056e-13,-7.614677821960318e-13,-1.5017108835633972e-13,-1.787678351361941e-13,-1.8874854817935765e-13,-2.7192232637072718e-15,-1.1121536144730943e-14,-1.551838330086669e-14,-8.265221952718963e-14,-9.315975236151324e-14,-9.380354066992119e-14,-3.6632974683277105e-13,-4.062383547868994e-13,-4.0882395263791586e-13,-1.270588308472765e-12,-7.111929015017864e-14,-1.4430590416753956e-12,-8.089764908263053e-13,3.9769734109597644e-10,-1.4099291875830886e-12,3.974227203409851e-10,-1.3593072190246423e-09,4.006704909907341e-10,6.743866315360137e-10,-1.383033567462246e-09,1.589269747237995e-09,3.042415847327114e-10,-5.748442487984201e-10,-1.0632808571314948e-09,-4.968535625266456e-12,3.0560494492878395e-10,3.7077438020042165e-10,-2.8775817196827664e-12,-2.6528166569997393e-12,-2.4979432476588963e-12,-9.65467168507629e-13,-1.1846482080487727e-12,-1.26483667870153e-12,-2.5405890920384036e-13,-3.103643993757957e-13,-3.4092381422567234e-13,-3.969282936234075e-14,-5.595305786634598e-14,-6.697936523399209e-14,-1.1637087601363223e-13,-1.2528563245360137e-13,-1.2535081474697407e-13,-4.55120569773125e-13,-4.940154287789933e-13,-5.010715775964938e-13,-1.5284438480070982e-12,-3.495332826120487e-13,-1.7578106457327224e-12,-1.4767107364116453e-12,3.972353644042104e-10,-1.9077317657151e-12,3.968706859959519e-10,-7.971473446547328e-10,5.596192322360036e-10,8.253371272864744e-10,-2.5899112023270098e-09,7.500080465192588e-10,1.5715855686703913e-10,1.0527815279916873e-09,-1.1000962468286553e-09,-7.352923352407957e-12,1.5867429650418525e-10,5.284651528228614e-10,-3.5588816724593382e-12,-4.203651386386814e-12,-3.696536560551732e-12,-1.2223574257852943e-12,-1.5664339718911985e-12,-1.8066023987002462e-12,-3.39710361584245e-13,-4.2969892867121e-13,-5.000571427231675e-13,-7.151246555954699e-14,-9.774468820903093e-14,-1.1985030412958603e-13,-1.6044539016519487e-13,-1.5890719478579812e-13,-1.494158794822676e-13,-5.771677816064843e-13,-5.841474227250496e-13,-5.626784583562053e-13,-1.8986843954323247e-12,-6.383504314520684e-13,-1.9387950502778028e-12,-2.478357636890518e-12,3.9467741796386546e-10,-2.443578365737599e-12,3.960173631959118e-10,-6.19536678126379e-10,5.620995985753029e-10,1.1631418661875194e-09,-3.3332345738089123e-09,1.3855747877419734e-09,3.153030087174695e-10,4.480134326594549e-10,-2.301056051101671e-09,-7.311417527966217e-12,3.156351571350656e-10,8.519231637133176e-10,-3.985614540852479e-12,-4.4794518559733965e-12,-4.024309532773445e-12,-1.3883921634135547e-12,-1.8424886655006278e-12,-2.239373605211762e-12,-3.9762760047844686e-13,-5.192068699336165e-13,-6.299464333683675e-13,-9.426396772337446e-14,-1.3024337553328268e-13,-1.6392576937189711e-13,-2.1001758857135335e-13,-1.8871005626092676e-13,-1.6071299672354016e-13,-7.268815344041743e-13,-6.606957757351913e-13,-5.743491941085129e-13,-2.376625782771275e-12,-8.434182838864541e-13,-1.8856216852946145e-12,-5.889759414595676e-13,3.925267129594989e-10,-1.932145455386458e-12,9.581037759169227e-10,-5.902732947531997e-10,5.59772444490246e-10,3.621513585348485e-11,-2.2108489850756734e-09,1.0292308471279342e-09,4.973729151210633e-10,4.4178807758783133e-10,-2.248018400317818e-09,-6.292710138827872e-12,3.313374209909216e-10,1.025379870864343e-09,-3.944093525190647e-12,-4.472277323614189e-12,-3.0645145904430263e-12,-1.413885121648854e-12,-1.9266669605541414e-12,-2.407152667983832e-12,-4.16954236045252e-13,-5.602835593303474e-13,-6.998075226289835e-13,-1.0498970145176515e-13,-1.4853006105761836e-13,-1.9139297762970668e-13,-2.3268393399752263e-13,-1.9822189947622768e-13,-1.5551335201366005e-13,-8.166314803360242e-13,-6.993484649327961e-13,-5.534180184216817e-13,-1.4698575024114913e-12,-5.129591196543576e-13,-1.7914092138725769e-12,3.9291005665620545e-10,5.584092206280719e-10,-1.0698292325472416e-12,-1.346467806828136e-09,-1.3623147069533494e-09,5.619109027666682e-10,1.8157259034646584e-09,-2.3398720334763653e-09,1.7296918266068556e-09,3.368959910477151e-10,5.944890701229284e-10,-1.6617309288041187e-09,-3.3667268209806946e-12,6.704868659609775e-10,6.335942273938014e-11,-3.495574364178698e-12,-1.918387775807855e-12,1.6577920240801104e-10,-1.3231054568554298e-12,-1.8974286799400058e-12,-1.9582550561676014e-12,-4.007754070167413e-13,-5.63479512670829e-13,-7.310897316196802e-13,-1.0281191609068596e-13,-1.51695087822757e-13,-2.013741399402187e-13,-1.6405929329978575e-13,-1.4158227133840584e-13,-1.0781264024475009e-13,-5.875020299935125e-13,-5.22823090050383e-13,-4.09254017150325e-13,-1.914144947058301e-12,-6.666202668521054e-13,-1.3273963068821464e-12,1.0484371064268237e-12,3.36512731344085e-10,-1.2492597329655977e-12,1.1283827724173143e-09,-3.4115627076027464e-10,3.408971799862887e-10,-5.096849525418431e-10,-3.1963373761217315e-09,1.59673055102955e-09,1.1070885091711077e-09,-1.64192383029611e-09,-7.779071820395805e-10,1.706981957227991e-10,-1.0727396679822682e-10,4.0368226253592724e-11,-1.785176332408037e-12,1.6806266565077237e-10,1.654631643514135e-10,-1.1140795783274497e-12,-1.0982000143873995e-12,-1.579858184189968e-12,-3.3447045346722745e-13,-4.819127823909338e-13,-6.177010762755055e-13,-8.010077900319235e-14,-1.2382776077687152e-13,-1.6518438419603466e-13,-5.294548443868363e-14,-4.246478106680528e-14,-2.48003643289899e-14,-2.7772351068435245e-13,-2.5276096081720846e-13,-1.9689505036322283e-13,-9.348445179891553e-13,-8.708457587810679e-13,-6.974129957533453e-13,-9.730206555727721e-13,3.418001790772201e-12,-1.7252847603502305e-12,4.0019192295268857e-10,1.431311145176728e-09,6.6216907673128295e-12,-4.89035432421668e-10,-3.050445046340589e-09,1.274626695418288e-09,9.44013036283525e-10,-1.3263616965088016e-09,1.8603646071422161e-10,3.0951378265560108e-12,7.13929578840237e-10,3.3934810528155735e-10,-1.586858671741464e-12,4.933673556625025e-13,-1.3321081912258689e-12,-6.346946137936376e-13,-9.109007981219298e-13,-1.1505607758794618e-12,-1.7440679412503657e-13,-2.586027724000196e-13,-3.3287373906023683e-13,-1.5923529643697257e-14,-4.25905893711549e-14,-6.712046620557334e-14,2.949693025920237e-12,2.9544610802341006e-12,2.9631400580745945e-12,2.8315046340507474e-12,2.8415125892052716e-12,2.86664778204832e-12,2.505234160290789e-12,2.534218644888523e-12,2.5991557354558804e-12,1.9119320412080094e-12,6.823328522662955e-12,2.096168725065938e-12,1.36423403960556e-11,1.5316917492636536e-09,1.1271082041765108e-11,1.9267701016036894e-09,-6.6302003476004845e-09,1.5365795252861608e-09,1.7244951408356093e-11,2.0719400375634356e-09,1.8488730286186543e-10,1.5718807710423259e-12,9.963422540631527e-12,2.3067402766365414e-12,2.126186863080879e-12,1.8298256752156627e-12,1.5593586306166446e-12,2.6196872610900227e-12,2.4892992275300933e-12,2.380867509821615e-12,2.8725550923748314e-12,2.8295228945638796e-12,2.7917116488926444e-12,2.9652013358858793e-12,2.9502706426892946e-12,2.9366316339016887e-12
