0.000000000000000000e+00
0.000000000000000000e+00
0.000000000000000000e+00
0.000000000000000000e+00
0.000000000000000000e+00
0.000000000000000000e+00
0.000000000000000000e+00
0.000000000000000000e+00
0.000000000000000000e+00
0.000000000000000000e+00
0.000000000000000000e+00
0.000000000000000000e+00
0.000000000000000000e+00
0.000000000000000000e+00
0.000000000000000000e+00
0.000000000000000000e+00
0.000000000000000000e+00
0.000000000000000000e+00
0.000000000000000000e+00
0.000000000000000000e+00
0.000000000000000000e+00
0.000000000000000000e+00
0.000000000000000000e+00
0.000000000000000000e+00
0.000000000000000000e+00
0.000000000000000000e+00
0.000000000000000000e+00
0.000000000000000000e+00
0.000000000000000000e+00
0.000000000000000000e+00
0.000000000000000000e+00
0.000000000000000000e+00
0.000000000000000000e+00
0.000000000000000000e+00
0.000000000000000000e+00
0.000000000000000000e+00
4.545128260401908058e-08
9.216510083592753522e-08
1.401414546957254301e-07
1.893803441834128049e-07
2.398817692989896199e-07
2.916457300424559016e-07
3.446722264138115971e-07
3.989612584130567593e-07
4.545128260401913882e-07
5.113269292952154837e-07
5.694035681781290460e-07
6.287427426889319691e-07
6.893444528276243589e-07
7.512086985942062154e-07
8.143354799886775385e-07
8.787247970110383284e-07
9.443766496612885850e-07
1.011291037939428308e-06
1.079467961845457392e-06
1.148907421379375943e-06
1.219609416541183961e-06
1.291573947330881445e-06
1.364801013748468396e-06
1.439290615793944813e-06
1.515042753467310698e-06
1.592057426768566049e-06
1.670334635697710866e-06
1.749874380254745151e-06
1.830676660439668902e-06
1.912741476252481908e-06
1.996068827693184592e-06
2.080658714761776743e-06
2.166511137458258361e-06
2.253626095782629446e-06
2.342003589734889997e-06
2.431643619315040015e-06
2.522546184523077806e-06
2.613448749731115596e-06
2.704351314939153387e-06
2.795253880147191177e-06
2.886156445355228968e-06
2.977059010563266758e-06
3.067961575771304549e-06
3.158864140979342340e-06
3.249766706187380130e-06
3.340669271395417921e-06
3.431571836603455711e-06
3.522474401811493502e-06
3.613376967019531293e-06
3.704279532227569083e-06
3.795182097435606874e-06
3.886084662643644664e-06
3.976987227851682878e-06
4.067889793059721093e-06
4.158792358267759307e-06
4.249694923475797521e-06
4.340597488683835735e-06
4.431500053891873949e-06
4.522402619099912163e-06
4.613305184307950377e-06
4.704207749515988591e-06
4.795110314724026805e-06
4.886012879932065019e-06
4.976915445140103234e-06
5.067818010348141448e-06
5.158720575556179662e-06
5.249623140764217876e-06
5.340525705972256090e-06
5.431428271180294304e-06
5.522330836388332518e-06
5.613233401596370732e-06
5.704135966804408946e-06
5.840489814616467115e-06
5.978106198056414326e-06
6.116985117124251428e-06
6.257126571819977572e-06
6.398530562143593607e-06
6.541197088095098685e-06
6.685126149674493654e-06
6.830317746881777665e-06
6.976771879716951567e-06
7.124488548180014512e-06
7.273467752270967347e-06
7.423709491989809226e-06
7.575213767336540994e-06
7.727980578311161806e-06
7.882009924913672508e-06
8.037301807144073100e-06
8.193856225002361888e-06
8.351673178488540567e-06
8.510752667602609136e-06
8.671094692344567595e-06
8.832699252714414250e-06
8.995566348712150795e-06
9.159695980337777231e-06
9.325088147591293556e-06
9.491742850472698078e-06
9.659660088981992490e-06
9.828839863119176793e-06
9.999282172884250985e-06
1.017098701827721337e-05
1.034395439929806565e-05
1.051818431594680782e-05
1.069367676822343819e-05
1.087043175612795844e-05
1.104844927966036859e-05
1.122772933882066862e-05
1.140827193360885686e-05
1.159007706402493328e-05
1.177188219444100971e-05
1.195368732485708614e-05
1.213549245527316257e-05
1.231729758568923900e-05
1.249910271610531543e-05
1.268090784652139185e-05
1.286271297693746828e-05
1.304451810735354471e-05
1.322632323776962114e-05
1.340812836818569757e-05
1.358993349860177399e-05
1.377173862901785042e-05
1.395354375943392685e-05
1.413534888985000328e-05
1.431715402026607971e-05
1.449895915068215614e-05
1.468076428109823256e-05
1.486256941151430899e-05
1.504437454193038542e-05
1.522617967234646185e-05
1.540798480276253828e-05
1.558978993317861471e-05
1.577159506359469113e-05
1.595340019401076756e-05
1.613520532442684399e-05
1.631701045484292042e-05
1.649881558525899685e-05
1.668062071567507327e-05
1.686242584609114970e-05
1.704423097650722613e-05
1.722603610692330256e-05
1.740784123733937899e-05
1.758964636775545542e-05
1.777145149817153184e-05
1.795325662858760827e-05
1.818051304160770381e-05
1.840903199025568923e-05
1.863881347453156455e-05
1.886985749443532975e-05
1.910216404996698485e-05
1.933573314112652984e-05
1.957056476791396471e-05
1.980665893032928948e-05
2.004401562837250075e-05
2.028263486204360191e-05
2.052251663134259296e-05
2.076366093626947390e-05
2.100606777682424473e-05
2.124973715300690545e-05
2.149466906481745606e-05
2.174086351225589656e-05
2.198832049532222356e-05
2.223704001401644045e-05
2.248702206833854723e-05
2.273826665828854391e-05
2.299077378386643047e-05
2.324454344507220692e-05
2.349957564190587327e-05
2.375587037436742950e-05
2.401342764245687224e-05
2.427224744617420486e-05
2.453232978551942738e-05
2.479367466049253979e-05
2.505628207109354208e-05
2.532015201732243427e-05
2.558528449917921635e-05
2.585167951666388493e-05
2.611933706977644340e-05
2.638825715851689176e-05
2.665843978288523001e-05
2.692988494288145815e-05
2.720259263850557279e-05
2.747530033412968743e-05
2.774800802975380207e-05
2.802071572537791672e-05
2.829342342100203136e-05
2.856613111662614600e-05
2.883883881225026064e-05
2.911154650787437529e-05
2.938425420349848993e-05
2.965696189912260457e-05
2.992966959474671921e-05
3.020237729037083385e-05
3.047508498599494850e-05
3.074779268161906314e-05
3.102050037724317778e-05
3.129320807286729242e-05
3.156591576849140707e-05
3.183862346411552171e-05
3.211133115973963635e-05
3.238403885536375099e-05
3.265674655098786564e-05
3.292945424661198028e-05
3.320216194223609492e-05
3.347486963786020956e-05
3.374757733348432420e-05
3.402028502910843885e-05
3.429299272473255349e-05
3.456570042035666813e-05
3.483840811598078277e-05
3.511111581160489742e-05
3.538382350722901206e-05
3.565653120285312670e-05
3.592923889847724134e-05
3.620194659410135599e-05
3.647465428972547063e-05
3.674736198534958527e-05
3.706552096357772241e-05
3.738494247743374944e-05
3.770562652691766635e-05
3.802757311202947316e-05
3.835078223276916986e-05
3.867525388913675645e-05
3.900098808113222615e-05
3.932798480875558574e-05
3.965624407200683523e-05
3.998576587088597460e-05
4.031655020539300386e-05
4.064859707552792302e-05
4.098190648129073206e-05
4.131647842268143099e-05
4.165231289970001982e-05
4.198940991234649853e-05
4.232776946062086714e-05
4.266739154452312563e-05
4.300827616405327402e-05
4.335042331921131229e-05
4.369383300999724046e-05
4.403850523641105851e-05
4.438443999845275968e-05
4.473163729612235074e-05
4.508009712941983169e-05
4.542981949834520253e-05
4.578080440289846326e-05
4.613305184307961389e-05
4.648656181888865440e-05
4.684133433032558480e-05
4.719736937739040509e-05
4.755466696008311527e-05
4.791322707840371534e-05
4.827304973235220530e-05
4.863413492192858516e-05
4.899648264713285490e-05
4.936009290796500776e-05
4.972370316879716061e-05
5.008731342962931347e-05
5.045092369046146633e-05
5.081453395129361918e-05
5.117814421212577204e-05
5.154175447295792489e-05
5.190536473379007775e-05
5.226897499462223061e-05
5.263258525545438346e-05
5.299619551628653632e-05
5.335980577711868918e-05
5.372341603795084203e-05
5.408702629878299489e-05
5.445063655961514775e-05
5.481424682044730060e-05
5.517785708127945346e-05
5.554146734211160631e-05
5.590507760294375917e-05
5.626868786377591203e-05
5.663229812460806488e-05
5.699590838544021774e-05
5.735951864627237060e-05
5.772312890710452345e-05
5.808673916793667631e-05
5.845034942876882917e-05
5.881395968960098202e-05
5.917756995043313488e-05
5.954118021126528774e-05
5.990479047209744059e-05
6.026840073292959345e-05
6.063201099376174630e-05
6.099562125459389916e-05
6.135923151542604524e-05
6.172284177625819810e-05
6.208645203709035095e-05
6.247278793922452183e-05
6.285975510917263427e-05
6.324735354693468827e-05
6.363558325251068382e-05
6.402444422590062093e-05
6.441393646710451314e-05
6.480405997612234692e-05
6.519481475295412225e-05
6.558620079759983914e-05
6.597821811005951114e-05
6.637086669033312469e-05
6.676414653842067980e-05
6.715805765432217647e-05
6.755260003803762825e-05
6.794777368956702159e-05
6.834357860891035648e-05
6.874001479606763293e-05
6.913708225103886449e-05
6.953478097382403760e-05
6.993311096442315228e-05
7.033207222283620851e-05
7.073166474906320629e-05
7.113188854310415919e-05
7.153274360495905364e-05
7.193422993462788965e-05
7.233634753211066722e-05
7.273909639740739990e-05
7.314247653051807413e-05
7.354648793144268992e-05
7.395113060018124727e-05
7.435640453673375973e-05
7.476230974110021374e-05
7.516884621328060931e-05
7.557601395327494644e-05
7.598381296108322512e-05
7.639224323670545892e-05
7.680130478014163427e-05
7.721036632357780962e-05
7.761942786701398497e-05
7.802848941045016033e-05
7.843755095388633568e-05
7.884661249732251103e-05
7.925567404075868638e-05
7.966473558419486173e-05
8.007379712763103708e-05
8.048285867106721243e-05
8.089192021450338779e-05
8.130098175793956314e-05
8.171004330137573849e-05
8.211910484481191384e-05
8.252816638824808919e-05
8.293722793168426454e-05
8.334628947512043990e-05
8.375535101855661525e-05
8.416441256199279060e-05
8.457347410542896595e-05
8.498253564886514130e-05
8.539159719230131665e-05
8.580065873573749201e-05
8.620972027917366736e-05
8.661878182260984271e-05
8.702784336604601806e-05
8.743690490948219341e-05
8.784596645291836876e-05
8.825502799635454412e-05
8.866408953979071947e-05
8.907315108322689482e-05
8.948221262666307017e-05
8.989127417009924552e-05
9.030033571353542087e-05
9.070939725697159622e-05
9.111845880040777158e-05
9.155024598514595140e-05
9.198266443769808633e-05
9.241571415806416282e-05
9.284939514624418087e-05
9.328370740223814047e-05
9.371865092604605518e-05
9.415422571766791145e-05
9.459043177710370928e-05
9.502726910435344866e-05
9.546473769941712960e-05
9.590283756229476566e-05
9.634156869298634326e-05
9.678093109149186243e-05
9.722092475781132315e-05
9.766154969194473898e-05
9.810280589389209637e-05
9.854469336365339531e-05
9.898721210122863581e-05
9.943036210661783142e-05
9.987414337982096859e-05
1.003185559208380473e-04
1.007635997296690676e-04
1.012092748063140430e-04
1.016555811507729599e-04
1.021025187630458184e-04
1.025500876431326185e-04
1.029982877910333601e-04
1.034471192067480569e-04
1.038965818902766951e-04
1.043466758416192750e-04
1.047974010607757964e-04
1.052487575477462729e-04
1.057007453025306910e-04
1.061533643251290506e-04
1.066066146155413518e-04
1.070604961737676081e-04
1.075150089998077923e-04
1.079695218258479766e-04
1.084240346518881609e-04
1.088785474779283452e-04
1.093330603039685295e-04
1.097875731300087138e-04
1.102420859560488981e-04
1.106965987820890824e-04
1.111511116081292667e-04
1.116056244341694510e-04
1.120601372602096353e-04
1.125146500862498196e-04
1.129691629122900039e-04
1.134236757383301882e-04
1.138781885643703725e-04
1.143327013904105568e-04
1.147872142164507411e-04
1.152417270424909253e-04
1.156962398685311096e-04
1.161507526945712939e-04
1.166052655206114782e-04
1.170597783466516625e-04
1.175142911726918468e-04
1.179688039987320311e-04
1.184233168247722154e-04
1.188778296508123997e-04
1.193323424768525840e-04
1.197868553028927683e-04
1.202413681289329526e-04
1.206958809549731369e-04
1.211503937810133212e-04
1.216049066070535055e-04
1.220594194330936898e-04
1.225139322591338876e-04
1.229684450851740855e-04
1.234229579112142833e-04
1.239001963785564856e-04
1.243780661137126430e-04
1.248565671166827285e-04
1.253356993874667690e-04
1.258154629260647647e-04
1.262958577324766883e-04
1.267768838067025671e-04
1.272585411487423739e-04
1.277408297585961357e-04
1.282237496362638527e-04
1.287073007817454977e-04
1.291914831950410978e-04
1.296762968761506530e-04
1.301617418250741363e-04
1.306478180418115746e-04
1.311345255263629409e-04
1.316218642787282624e-04
1.321098342989075389e-04
1.325984355869007435e-04
1.330876681427079031e-04
1.335775319663289908e-04
1.340680270577640336e-04
1.345591534170130314e-04
1.350509110440759573e-04
1.355432999389528383e-04
1.360363201016436745e-04
1.365299715321484386e-04
1.370242542304671578e-04
1.375191681965998050e-04
1.380147134305464074e-04
1.385108899323069648e-04
1.390076977018814503e-04
1.395051367392698908e-04
1.400032070444722594e-04
1.405019086174885831e-04
1.410012414583188618e-04
1.415012055669630686e-04
1.420011696756072754e-04
1.425011337842514822e-04
1.430010978928956890e-04
1.435010620015398958e-04
1.440010261101841026e-04
1.445009902188283094e-04
1.450009543274725162e-04
1.455009184361167229e-04
1.460008825447609297e-04
1.465008466534051365e-04
1.470008107620493433e-04
1.475007748706935501e-04
1.480007389793377569e-04
1.485007030879819637e-04
1.490006671966261705e-04
1.495006313052703773e-04
1.500005954139145841e-04
1.505005595225587908e-04
1.510005236312029976e-04
1.515004877398472044e-04
1.520004518484914112e-04
1.525004159571356180e-04
1.530003800657798248e-04
1.535003441744240316e-04
1.540003082830682384e-04
1.545002723917124452e-04
1.550002365003566519e-04
1.555002006090008587e-04
1.560001647176450655e-04
1.565001288262892723e-04
1.570000929349334791e-04
1.575000570435776859e-04
1.580000211522218927e-04
1.584999852608660995e-04
1.589999493695103063e-04
1.595226391194565446e-04
1.600459601372167110e-04
1.605699124227908325e-04
1.610944959761788820e-04
1.616197107973808866e-04
1.621455568863968463e-04
1.626720342432267340e-04
1.631991428678705768e-04
1.637268827603283476e-04
1.642552539206000735e-04
1.647842563486857546e-04
1.653138900445853636e-04
1.658441550082989278e-04
1.663750512398264470e-04
1.669065787391678943e-04
1.674387375063232967e-04
1.679715275412926271e-04
1.685049488440759126e-04
1.690390014146731532e-04
1.695736852530843218e-04
1.701090003593094455e-04
1.706449467333484972e-04
1.711815243752015040e-04
1.717187332848684660e-04
1.722565734623493559e-04
1.727950449076442010e-04
1.733341476207530011e-04
1.738738816016757293e-04
1.744142468504124126e-04
1.749552433669630239e-04
1.754968711513275902e-04
1.760391302035061117e-04
1.765820205234985613e-04
1.771255421113049659e-04
1.776696949669252985e-04
1.782144790903595862e-04
1.787598944816078019e-04
1.793053098728560177e-04
1.798507252641042334e-04
1.803961406553524491e-04
1.809415560466006649e-04
1.814869714378488806e-04
1.820323868290970963e-04
1.825778022203453121e-04
1.831232176115935278e-04
1.836686330028417435e-04
1.842140483940899593e-04
1.847594637853381750e-04
1.853048791765863907e-04
1.858502945678346065e-04
1.863957099590828222e-04
1.869411253503310379e-04
1.874865407415792537e-04
1.880319561328274694e-04
1.885773715240756851e-04
1.891227869153239009e-04
1.896682023065721166e-04
1.902136176978203323e-04
1.907590330890685480e-04
1.913044484803167638e-04
1.918498638715649795e-04
1.923952792628131952e-04
1.929406946540614110e-04
1.934861100453096267e-04
1.940315254365578424e-04
1.945769408278060582e-04
1.951223562190542739e-04
1.956677716103024896e-04
1.962131870015507054e-04
1.967586023927989211e-04
1.973040177840471368e-04
1.978494331752953526e-04
1.984175742078455999e-04
1.989863465082098023e-04
1.995557500763879327e-04
2.001257849123800182e-04
2.006964510161860318e-04
2.012677483878060004e-04
2.018396770272399242e-04
2.024122369344877759e-04
2.029854281095495828e-04
2.035592505524253177e-04
2.041337042631150077e-04
2.047087892416186528e-04
2.052845054879362259e-04
2.058608530020677541e-04
2.064378317840132374e-04
2.070154418337726487e-04
2.075936831513460151e-04
2.081725557367333096e-04
2.087520595899345591e-04
2.093321947109497638e-04
2.099129610997788964e-04
2.104943587564219842e-04
2.110763876808790271e-04
2.116590478731499980e-04
2.122423393332349239e-04
2.128262620611337779e-04
2.134108160568465870e-04
2.139960013203733513e-04
2.145818178517140435e-04
2.151682656508686908e-04
2.157553447178372661e-04
2.163430550526197966e-04
2.169313966552162821e-04
2.175203695256266957e-04
2.181099736638510644e-04
2.187002090698893881e-04
2.192910757437416399e-04
2.198819424175938917e-04
2.204728090914461435e-04
2.210636757652983952e-04
2.216545424391506470e-04
2.222454091130028988e-04
2.228362757868551506e-04
2.234271424607074024e-04
2.240180091345596541e-04
2.246088758084119059e-04
2.251997424822641577e-04
2.257906091561164095e-04
2.263814758299686613e-04
2.269723425038209130e-04
2.275632091776731648e-04
2.281540758515254166e-04
2.287449425253776684e-04
2.293358091992299202e-04
2.299266758730821719e-04
2.305175425469344237e-04
2.311084092207866755e-04
2.316992758946389273e-04
2.322901425684911791e-04
2.328810092423434308e-04
2.334718759161956826e-04
2.340627425900479344e-04
2.346536092639001862e-04
2.352444759377524380e-04
2.358353426116046897e-04
2.364262092854569415e-04
2.370170759593091933e-04
2.376079426331614451e-04
2.381988093070136969e-04
2.387896759808659486e-04
2.393805426547182004e-04
2.399714093285704522e-04
2.405850016437247085e-04
2.411992252266929198e-04
2.418140800774750863e-04
2.424295661960711808e-04
2.430456835824812303e-04
2.436624322367052079e-04
2.442798121587431677e-04
2.448978233485950284e-04
2.455164658062608442e-04
2.461357395317406152e-04
2.467556445250343412e-04
2.473761807861420223e-04
2.479973483150636044e-04
2.486191471117991415e-04
2.492415771763486338e-04
2.498646385087120812e-04
2.504883311088894836e-04
2.511126549768807870e-04
2.517376101126860455e-04
2.523631965163052591e-04
2.529894141877384278e-04
2.536162631269855516e-04
2.542437433340465763e-04
2.548718548089215562e-04
2.555005975516104911e-04
2.561299715621133811e-04
2.567599768404302263e-04
2.573906133865610265e-04
2.580218812005057277e-04
2.584719751518482940e-04
2.589227003710048154e-04
2.593740568579752919e-04
2.598260446127597235e-04
2.602786636353581103e-04
2.607319139257703979e-04
2.611857954839966406e-04
2.616403083100368385e-04
2.620948211360770363e-04
2.625493339621172342e-04
2.630038467881574320e-04
2.634583596141976299e-04
2.639128724402378277e-04
2.643673852662780255e-04
2.648218980923182234e-04
2.652764109183584212e-04
2.657309237443986191e-04
2.661854365704388169e-04
2.666399493964790148e-04
2.670944622225192126e-04
2.675489750485594105e-04
2.680034878745996083e-04
2.684580007006398062e-04
2.689125135266800040e-04
2.693670263527202019e-04
2.698215391787603997e-04
2.702760520048005976e-04
2.707305648308407954e-04
2.711850776568809933e-04
2.716395904829211911e-04
2.720941033089613889e-04
2.725486161350015868e-04
2.730031289610417846e-04
2.734576417870819825e-04
2.739121546131221803e-04
2.743666674391623782e-04
2.748211802652025760e-04
2.752756930912427739e-04
2.757302059172829717e-04
2.761847187433231696e-04
2.766392315693633674e-04
2.770937443954035653e-04
2.775482572214437631e-04
2.780027700474839610e-04
2.784572828735241588e-04
2.789117956995643566e-04
2.793663085256045545e-04
2.798208213516447523e-04
2.802753341776849502e-04
2.807298470037251480e-04
2.811843598297653459e-04
2.816388726558055437e-04
2.820933854818457416e-04
2.825478983078859394e-04
2.830024111339261373e-04
2.834569239599663351e-04
2.839114367860065330e-04
2.843659496120467308e-04
2.848204624380869287e-04
2.852749752641271265e-04
2.857294880901673243e-04
2.861840009162075222e-04
2.866385137422477200e-04
2.870930265682879179e-04
2.875475393943281157e-04
2.880020522203683136e-04
2.884565650464085114e-04
2.889110778724487093e-04
2.893655906984889071e-04
2.898201035245291050e-04
2.902746163505693028e-04
2.907291291766095007e-04
2.911836420026496985e-04
2.916381548286898964e-04
2.920926676547300942e-04
2.925471804807702920e-04
2.930016933068104899e-04
2.934562061328506877e-04
2.939107189588908856e-04
2.943652317849310834e-04
2.948197446109712813e-04
2.952742574370114791e-04
2.957287702630516770e-04
2.961832830890918748e-04
2.966377959151320727e-04
2.970923087411722705e-04
2.975468215672124684e-04
2.980013343932526662e-04
2.984558472192928641e-04
2.989103600453330619e-04
2.993648728713732598e-04
2.998193856974134576e-04
3.002738985234536554e-04
3.007284113494938533e-04
3.011829241755340511e-04
3.016374370015742490e-04
3.020919498276144468e-04
3.025464626536546447e-04
3.030009754796948425e-04
3.034554883057350404e-04
3.039100011317752382e-04
3.043645139578154361e-04
3.048190267838556339e-04
3.052735396098958318e-04
3.057280524359360296e-04
3.061825652619762275e-04
3.066370780880164253e-04
3.070915909140566231e-04
3.075461037400968210e-04
3.080006165661370188e-04
3.084551293921772167e-04
3.089096422182174145e-04
3.093641550442576124e-04
3.098186678702978102e-04
3.102731806963380081e-04
3.107276935223782059e-04
3.111822063484184038e-04
3.116367191744586016e-04
3.120912320004987995e-04
3.125457448265389973e-04
3.130002576525791952e-04
3.134547704786193930e-04
3.139092833046595908e-04
3.143637961306997887e-04
3.148183089567399865e-04
3.152728217827801844e-04
3.157273346088203822e-04
3.161818474348605801e-04
3.166363602609007779e-04
3.170908730869409758e-04
3.175453859129811736e-04
3.179998987390213715e-04
3.184544115650615693e-04
3.189089243911017672e-04
3.193634372171419650e-04
3.198179500431821629e-04
3.202724628692223607e-04
3.207269756952625585e-04
3.211814885213027564e-04
3.216360013473429542e-04
3.220905141733831521e-04
3.225450269994233499e-04
3.229995398254635478e-04
3.234540526515037456e-04
3.239085654775439435e-04
3.243630783035841413e-04
3.248175911296243392e-04
3.252721039556645370e-04
3.257266167817047349e-04
3.261811296077449327e-04
3.266356424337851306e-04
3.270901552598253284e-04
3.275446680858655263e-04
3.279991809119057241e-04
3.284536937379459219e-04
3.289082065639861198e-04
3.293627193900263176e-04
3.298172322160665155e-04
3.302717450421067133e-04
3.307262578681469112e-04
3.311807706941871090e-04
3.316352835202273069e-04
3.320897963462675047e-04
3.325443091723077026e-04
3.329988219983479004e-04
3.334533348243880983e-04
3.339078476504282961e-04
3.343623604764684940e-04
3.348168733025086918e-04
3.352713861285488896e-04
3.357258989545890875e-04
3.361804117806292853e-04
3.366349246066694832e-04
3.370894374327096810e-04
3.375439502587498789e-04
3.379984630847900767e-04
3.384529759108302746e-04
3.389074887368704724e-04
3.393620015629106703e-04
3.398165143889508681e-04
3.402710272149910660e-04
3.407255400410312638e-04
3.411800528670714617e-04
3.416345656931116595e-04
3.420890785191518573e-04
3.425435913451920552e-04
3.429981041712322530e-04
3.434526169972724509e-04
3.439071298233126487e-04
3.443616426493528466e-04
3.448161554753930444e-04
3.452706683014332423e-04
3.457251811274734401e-04
3.461796939535136380e-04
3.466342067795538358e-04
3.470887196055940337e-04
3.475432324316342315e-04
3.479977452576744294e-04
3.484522580837146272e-04
3.489067709097548250e-04
3.493612837357950229e-04
3.498157965618352207e-04
3.502703093878754186e-04
3.507248222139156164e-04
3.511793350399558143e-04
3.516338478659960121e-04
3.520883606920362100e-04
3.525428735180764078e-04
3.529973863441166057e-04
3.534518991701568035e-04
3.539064119961970014e-04
3.543609248222371992e-04
3.548154376482773971e-04
3.552699504743175949e-04
3.557244633003577928e-04
3.561789761263979906e-04
3.566334889524381884e-04
3.570880017784783863e-04
3.575425146045185841e-04
3.579970274305587820e-04
3.584515402565989798e-04
3.589060530826391777e-04
3.593605659086793755e-04
3.598150787347195734e-04
3.602695915607597712e-04
3.607241043867999691e-04
3.611786172128401669e-04
3.616331300388803648e-04
3.620876428649205626e-04
3.625421556909607605e-04
3.629966685170009583e-04
3.634511813430411561e-04
3.639056941690813540e-04
3.643602069951215518e-04
3.648147198211617497e-04
3.652692326472019475e-04
3.657237454732421454e-04
3.661782582992823432e-04
3.666327711253225411e-04
3.670872839513627389e-04
3.675417967774029368e-04
3.679963096034431346e-04
3.684508224294833325e-04
3.689053352555235303e-04
3.693598480815637282e-04
3.698143609076039260e-04
3.702688737336441238e-04
3.707233865596843217e-04
3.711778993857245195e-04
3.716324122117647174e-04
3.720869250378049152e-04
3.725414378638451131e-04
3.729959506898853109e-04
3.734504635159255088e-04
3.739049763419657066e-04
3.743594891680059045e-04
3.748140019940461023e-04
3.752685148200863002e-04
3.757230276461264980e-04
3.761775404721666959e-04
3.766320532982068937e-04
3.770865661242470915e-04
3.775410789502872894e-04
3.779955917763274872e-04
3.784501046023676851e-04
3.789046174284078829e-04
3.793591302544480808e-04
3.798136430804882786e-04
3.802681559065284765e-04
3.807226687325686743e-04
3.811771815586088722e-04
3.816316943846490700e-04
3.820862072106892679e-04
3.825407200367294657e-04
3.829952328627696636e-04
3.834497456888098614e-04
3.839042585148500593e-04
3.843587713408902571e-04
3.848132841669304549e-04
3.852677969929706528e-04
3.857223098190108506e-04
3.861768226450510485e-04
3.866313354710912463e-04
3.870858482971314442e-04
3.875403611231716420e-04
3.879948739492118399e-04
3.884493867752520377e-04
3.889038996012922356e-04
3.893584124273324334e-04
3.898129252533726313e-04
3.902674380794128291e-04
3.907219509054530270e-04
3.911764637314932248e-04
3.916309765575334226e-04
3.920854893835736205e-04
3.925400022096138183e-04
3.929945150356540162e-04
3.934490278616942140e-04
3.939035406877344119e-04
3.943580535137746097e-04
3.948125663398148076e-04
3.952670791658550054e-04
3.957215919918952033e-04
3.961761048179354011e-04
3.966306176439755990e-04
3.970851304700157968e-04
3.975396432960559947e-04
3.979941561220961925e-04
3.984486689481363903e-04
3.989031817741765882e-04
3.993576946002167860e-04
3.998122074262569839e-04
4.002667202522971817e-04
4.007212330783373796e-04
4.011757459043775774e-04
4.016302587304177753e-04
4.020847715564579731e-04
4.025392843824981710e-04
4.029937972085383688e-04
4.034483100345785667e-04
4.039028228606187645e-04
4.043573356866589624e-04
4.048118485126991602e-04
4.052663613387393581e-04
4.057208741647795559e-04
4.061753869908197537e-04
4.066298998168599516e-04
4.070844126429001494e-04
4.075389254689403473e-04
4.079934382949805451e-04
4.084479511210207430e-04
4.089024639470609408e-04
4.093569767731011387e-04
4.098114895991413365e-04
4.102660024251815344e-04
4.107205152512217322e-04
4.111750280772619301e-04
4.116295409033021279e-04
4.120840537293423258e-04
4.125385665553825236e-04
4.129930793814227214e-04
4.134475922074629193e-04
4.139021050335031171e-04
4.143566178595433150e-04
4.148111306855835128e-04
4.152656435116237107e-04
4.157201563376639085e-04
4.161746691637041064e-04
4.166291819897443042e-04
4.170836948157845021e-04
4.175382076418246999e-04
4.179927204678648978e-04
4.184472332939050956e-04
4.189017461199452935e-04
4.193562589459854913e-04
4.198107717720256891e-04
4.202652845980658870e-04
4.207197974241060848e-04
4.211743102501462827e-04
4.216288230761864805e-04
4.220833359022266784e-04
4.225378487282668762e-04
4.229923615543070741e-04
4.234468743803472719e-04
4.239013872063874698e-04
4.243559000324276676e-04
4.248104128584678655e-04
