8.910223810388787892e-20
1.782528295924768968e-19
2.228522010030433599e-19
2.228522010030433599e-19
5.353827563474186687e-19
6.247247534627863031e-19
6.247247534627863031e-19
8.930342914176330763e-19
8.930342914176330763e-19
9.377994162839242583e-19
1.116953074998073162e-18
1.116953074998073162e-18
1.206622491695186885e-18
1.341195631824277625e-18
1.655360004290810858e-18
1.879877217824880714e-18
1.969729554126929353e-18
2.239422363334114100e-18
2.464279080417015607e-18
2.554266669120793866e-18
2.599282824011482922e-18
2.599282824011482922e-18
2.689404037926558862e-18
3.095148334002863970e-18
3.095148334002863970e-18
3.275654816350545669e-18
3.365951716462641440e-18
3.817653645047278873e-18
3.817653645047278873e-18
3.908080486092954930e-18
3.953315392497390546e-18
4.270109546108175050e-18
4.541775294820474436e-18
4.813568444502887590e-18
4.949528470410018962e-18
6.173867538280151444e-18
6.337062552784480233e-18
8.285708905328956050e-18
8.285708905328956050e-18
8.743859615021615218e-18
9.897518489181972280e-18
9.897518489181972280e-18
1.049420614313666744e-17
1.057392135495048899e-17
1.078426787018530742e-17
1.078840892014966161e-17
1.086680652515664227e-17
1.088553536476815420e-17
1.173096836089986325e-17
1.173096836089986325e-17
1.238177200870691786e-17
1.250534470423412839e-17
1.253386148012502266e-17
1.253386148012502266e-17
1.301431739076204558e-17
1.384346853135208830e-17
1.404534471711436372e-17
1.488880130303581223e-17
1.488880130303581223e-17
1.489651871433301671e-17
1.655802089775828471e-17
1.673439198033101381e-17
1.758688358435650922e-17
1.758688358435650922e-17
1.758688358435650922e-17
1.834940146642921415e-17
1.834940146642921415e-17
1.834940146642921415e-17
1.838422393203855624e-17
1.889592594695206942e-17
2.084890157900473560e-17
2.148794088032214732e-17
2.163381877679372161e-17
2.289730958978138731e-17
2.395487728181433917e-17
2.408419097842849671e-17
2.421764572500700690e-17
2.434319483074447798e-17
2.434319483074447798e-17
2.434319483074447798e-17
2.449227262946123484e-17
2.449227262946123484e-17
2.473010065809585861e-17
2.523182650718615481e-17
2.635621568728028063e-17
2.657578545016297905e-17
2.662660742699823707e-17
2.662660742699823707e-17
2.796567240183536705e-17
2.796567240183536705e-17
2.833601402932932784e-17
2.877167130853379171e-17
2.893712507756413376e-17
3.033924694958575431e-17
3.101320283128442389e-17
3.112679936098841591e-17
3.180367280061651766e-17
3.286387570626314819e-17
3.465120933974163768e-17
3.505016185789841314e-17
3.505016185789841314e-17
3.505016185789841314e-17
3.509881919497957753e-17
3.593192315599013980e-17
3.594425219111128504e-17
3.603497883123941095e-17
3.630038248804576045e-17
3.655759815969531426e-17
4.014704144584328561e-17
4.014704144584328561e-17
4.123359648762672139e-17
4.123359648762672139e-17
4.123359648762672139e-17
4.123359648762672139e-17
4.149401206152146086e-17
4.251703963226082412e-17
4.251703963226082412e-17
4.514302999829298672e-17
4.514302999829298672e-17
4.610620057409304198e-17
4.706570067378833272e-17
4.737439712567656730e-17
4.748761719629289006e-17
4.748761719629289006e-17
4.748761719629289006e-17
4.772205709313849970e-17
4.772205709313849970e-17
4.772205709313849970e-17
4.782106583319533707e-17
4.795790871156286446e-17
4.913829618094768987e-17
5.015482983242476605e-17
5.035021209892475594e-17
5.035021209892475594e-17
5.035021209892475594e-17
5.135611078117519548e-17
5.161196178863195207e-17
5.164349023722419274e-17
5.164349023722419274e-17
5.164349023722419274e-17
5.322513603667776707e-17
5.322513603667776707e-17
5.394069064756381931e-17
5.538906992998271500e-17
5.567127307357627067e-17
5.621487999616969994e-17
5.688078906486945983e-17
5.732421081275708606e-17
5.748858226191038438e-17
5.748858226191038438e-17
5.748858226191038438e-17
5.824926490593071013e-17
5.843900028611567341e-17
5.843900028611567341e-17
5.929506825147402373e-17
6.106654354588447711e-17
6.152050614822681804e-17
6.152050614822681804e-17
6.220674400766068114e-17
6.220674400766068114e-17
6.245045420954012404e-17
6.245045420954012404e-17
6.245045420954012404e-17
6.399685402691072913e-17
6.399685402691072913e-17
6.462747005614155574e-17
6.469532680669381554e-17
6.562965120490127286e-17
6.676660470704633952e-17
6.682599112812605632e-17
6.834994457239442245e-17
6.941800606149613113e-17
6.941800606149613113e-17
6.941800606149613113e-17
6.941800606149613113e-17
7.017859459074452878e-17
7.017859459074452878e-17
7.045609199574222792e-17
7.045609199574222792e-17
7.048357350914202863e-17
7.129018416185791815e-17
7.441107705601638775e-17
7.932297405975811137e-17
7.952541493415188915e-17
7.999180068638729726e-17
8.084805688128947913e-17
8.084805688128947913e-17
8.105925042947154724e-17
8.430357484699934909e-17
8.785584279824005316e-17
8.947715797405669978e-17
8.947715797405669978e-17
9.147220290915632441e-17
9.219133388137522539e-17
9.481200676279406659e-17
9.586755098723080464e-17
9.595978346370960760e-17
9.819345640300516165e-17
1.015893526607055315e-16
1.017713706295932903e-16
1.027510112904788527e-16
1.027510112904788527e-16
1.037041586430697362e-16
1.037560629397820441e-16
1.051762077906257944e-16
1.051762077906257944e-16
1.060514281120692823e-16
1.072135573157021823e-16
1.072135573157021823e-16
1.088615069719713877e-16
1.095979080048370861e-16
1.095979080048370861e-16
1.132763838652186809e-16
1.136426785575202017e-16
1.136426785575202017e-16
1.136426785575202017e-16
1.145264162658221966e-16
1.145264162658221966e-16
1.165506838376021069e-16
1.177800109883838564e-16
1.177800109883838564e-16
1.192842473879355657e-16
1.194371368349149669e-16
1.197418334089967194e-16
1.203079808194642911e-16
1.213863478760909435e-16
1.224500330282985132e-16
1.224500330282985132e-16
1.229505824427398407e-16
1.237517814960704807e-16
1.237517814960704807e-16
1.266471283393295108e-16
1.269774711887586879e-16
1.272918145269619614e-16
1.279550413246620786e-16
1.279550413246620786e-16
1.283161597045081702e-16
1.283161597045081702e-16
1.284241564052830935e-16
1.284241564052830935e-16
1.287588285342204702e-16
1.287903569828127109e-16
1.290675720434946627e-16
1.292852124535530538e-16
1.295324049019934420e-16
1.298680181786499765e-16
1.302824996341730890e-16
1.307930252144376366e-16
1.318078648000202165e-16
1.318078648000202165e-16
1.318078648000202165e-16
1.353199457436523053e-16
1.357384270769818937e-16
1.357384270769818937e-16
1.365980714036730805e-16
1.395134646933504541e-16
1.423301786446727018e-16
1.425848532174804866e-16
1.431413068064405978e-16
1.445041357611868030e-16
1.447098706525976699e-16
1.447098706525976699e-16
1.447098706525976699e-16
1.448099146551456055e-16
1.448561250081569289e-16
1.456314424992103733e-16
1.459691263008490795e-16
1.484862729331590645e-16
1.484862729331590645e-16
1.486691379349940653e-16
1.487163835504964746e-16
1.521689369008909668e-16
1.539506236480544235e-16
1.539506236480544235e-16
1.549633927086548071e-16
1.549633927086548071e-16
1.552722773900868670e-16
1.560992638909228238e-16
1.560992638909228238e-16
1.571088801066639858e-16
1.571628078709725014e-16
1.580531806706946385e-16
1.589959753983746388e-16
1.589959753983746388e-16
1.596256267511933257e-16
1.596256267511933257e-16
1.598831953532375790e-16
1.598831953532375790e-16
1.598831953532375790e-16
1.603082176632154063e-16
1.604699303700620316e-16
1.621451027241082600e-16
1.623514493615366102e-16
1.628715275911507506e-16
1.636437392947309129e-16
1.636437392947309129e-16
1.636437392947309129e-16
1.636437392947309129e-16
1.648332323682987282e-16
1.682295756711656949e-16
1.687397483210355614e-16
1.702937949636244249e-16
1.723524614845400378e-16
1.729330084551109326e-16
1.729330084551109326e-16
1.729330084551109326e-16
1.729330084551109326e-16
1.743352009132114807e-16
1.743352009132114807e-16
1.743352009132114807e-16
1.743724938915836519e-16
1.753420642718740662e-16
1.784410990102547735e-16
1.812805181503020378e-16
1.829668431048204643e-16
1.829668431048204643e-16
1.839548129230206775e-16
1.848927372112539656e-16
1.866310370485636214e-16
1.866310370485636214e-16
1.882603755086862142e-16
1.890029881164984400e-16
1.901878930949352781e-16
1.930494997924620037e-16
1.990965150602964179e-16
1.990965150602964179e-16
2.008980600243343866e-16
2.008980600243343866e-16
2.008980600243343866e-16
2.010923129135713810e-16
2.012441200406737323e-16
2.017593984169201066e-16
2.017593984169201066e-16
2.039414964612050517e-16
2.039414964612050517e-16
2.040703395839596335e-16
2.045018087558137714e-16
2.051172723067659487e-16
2.094545986279535217e-16
2.102430921870753472e-16
2.105369655623866254e-16
2.107721113200216218e-16
2.107721113200216218e-16
2.123626980228073304e-16
2.127079110061994218e-16
2.127079110061994218e-16
2.133950429559664909e-16
2.142787336068825218e-16
2.146361344532378725e-16
2.146872858317748296e-16
2.146872858317748296e-16
2.146872858317748296e-16
2.173785447921315373e-16
2.173785447921315373e-16
2.182431301443483824e-16
2.215454527900701218e-16
2.230991229735713222e-16
2.243792485724953476e-16
2.243792485724953476e-16
2.268400204564269822e-16
2.268400204564269822e-16
2.268400204564269822e-16
2.291699492787007848e-16
2.291699492787007848e-16
2.343084040671400764e-16
2.343084040671400764e-16
2.361534300558037988e-16
2.403083619490159129e-16
2.449549258820302269e-16
2.449549258820302269e-16
2.456154233513447250e-16
2.463833293041096697e-16
2.463833293041096697e-16
2.464346689121904829e-16
2.464346689121904829e-16
2.464346689121904829e-16
2.500577111719128605e-16
2.509596130311948341e-16
2.509596130311948341e-16
2.509596130311948341e-16
2.511562658471157240e-16
2.557012093551525286e-16
2.571904815059694448e-16
2.580625254538607044e-16
2.580625254538607044e-16
2.588617480969811008e-16
2.630630432797089092e-16
2.630630432797089092e-16
2.636207909467829086e-16
2.637658453390002075e-16
2.641117171257956971e-16
2.646999109215848872e-16
2.648054253452504904e-16
2.648054253452504904e-16
2.652080836325515034e-16
2.678480970995993013e-16
2.727996164223181702e-16
2.736209560368391065e-16
2.773062552181846751e-16
2.777106663931126395e-16
2.777106663931126395e-16
2.790542488770018160e-16
2.816379817104431671e-16
2.818720451482010890e-16
2.818720451482010890e-16
2.853638914158709781e-16
2.870257230009979513e-16
2.888058568544247915e-16
2.891539873957463090e-16
2.891539873957463090e-16
2.977457719814483764e-16
2.977457719814483764e-16
2.977457719814483764e-16
2.977457719814483764e-16
2.980420452834435253e-16
2.981010787741285487e-16
2.981010787741285487e-16
2.981010787741285487e-16
2.983922228210542570e-16
2.983922228210542570e-16
3.021572607429066647e-16
3.040383091605216522e-16
3.040383091605216522e-16
3.040383091605216522e-16
3.053165995213932768e-16
3.061581738118763883e-16
3.106264608381866788e-16
3.114631176318371139e-16
3.127125971081556137e-16
3.150096681106838268e-16
3.176914685364628698e-16
3.182903208301716601e-16
3.200913481629640736e-16
3.204139500724030766e-16
3.204139500724030766e-16
3.204139500724030766e-16
3.204139500724030766e-16
3.204139500724030766e-16
3.218934107582475976e-16
3.245080132368777665e-16
3.250336324736885452e-16
3.287210139443628136e-16
3.339545952385173644e-16
3.369439627389216465e-16
3.369817262911533843e-16
3.441901413731383297e-16
3.443709829073771228e-16
3.449712116296252014e-16
3.482325119991375500e-16
3.482325119991375500e-16
3.488751158974413009e-16
3.488751158974413009e-16
3.488751158974413009e-16
3.491310257266305064e-16
3.525508859581302587e-16
3.567969444792511808e-16
3.594420872013684686e-16
3.594420872013684686e-16
3.594420872013684686e-16
3.594420872013684686e-16
3.594420872013684686e-16
3.594420872013684686e-16
3.627820204628176243e-16
3.631548678961138873e-16
3.641618606625878862e-16
3.669596810734477616e-16
3.669596810734477616e-16
3.714013806766914205e-16
3.775609572117387285e-16
3.795006626609510763e-16
3.846543875711339026e-16
3.846543875711339026e-16
3.846543875711339026e-16
3.846543875711339026e-16
3.846543875711339026e-16
3.846543875711339026e-16
3.846543875711339026e-16
3.846543875711339026e-16
3.846543875711339026e-16
3.848130180192002277e-16
3.854949030704328969e-16
3.857852000844113509e-16
3.862342216612280582e-16
3.862342216612280582e-16
3.896869632411663574e-16
3.911369424747078274e-16
3.943323272108387114e-16
3.943323272108387114e-16
3.946685757622057112e-16
3.946685757622057112e-16
3.954354229237865880e-16
3.954354229237865880e-16
3.963437481162519397e-16
4.013822059595292598e-16
4.074286565387321546e-16
4.074286565387321546e-16
4.086422900512967175e-16
4.104826573587505412e-16
4.104826573587505412e-16
4.194710298289649986e-16
4.199781084557080616e-16
4.240573838366452866e-16
4.240838065588610195e-16
4.249410156658288501e-16
4.267547131997906420e-16
4.267547131997906420e-16
4.268838621955539654e-16
4.342265084709857601e-16
4.342265084709857601e-16
4.410064189964319576e-16
4.410064189964319576e-16
4.464726637711121354e-16
4.579551365188633589e-16
4.579551365188633589e-16
4.642338505908113096e-16
4.668245479173745020e-16
4.743328714844199124e-16
4.748170096355082371e-16
4.755850332317381166e-16
4.804166620993809672e-16
4.893634593691009932e-16
4.959366820910706135e-16
4.982992687391996707e-16
5.096664155983129452e-16
5.096664155983129452e-16
5.199392664756525358e-16
5.255818823329054643e-16
5.266376383155789789e-16
5.266376383155789789e-16
5.276357019430672731e-16
5.276357019430672731e-16
5.276357019430672731e-16
5.296962625237676802e-16
5.296962625237676802e-16
5.392213833025720584e-16
5.392213833025720584e-16
5.400570401267709178e-16
5.400570401267709178e-16
5.510732800587910424e-16
5.541738912196013235e-16
5.544134133141304343e-16
5.562269579115878061e-16
5.652309651982869334e-16
5.665796769372455505e-16
5.791495517597274394e-16
5.825493067230764300e-16
5.908742288730074781e-16
5.911784078158437000e-16
5.922243993909308328e-16
5.957687617013305378e-16
5.957687617013305378e-16
6.035121957329715087e-16
6.049975385920608951e-16
6.063176159116637648e-16
6.158690417692190397e-16
6.158690417692190397e-16
6.158690417692190397e-16
6.158690417692190397e-16
6.158690417692190397e-16
6.158690417692190397e-16
6.158690417692190397e-16
6.158690417692190397e-16
6.158690417692190397e-16
6.238355278103035772e-16
6.306121913761186497e-16
6.313690859005693378e-16
6.313690859005693378e-16
6.437404726690779361e-16
6.437404726690779361e-16
6.437404726690779361e-16
6.437404726690779361e-16
6.437404726690779361e-16
6.437404726690779361e-16
6.497157489520185124e-16
6.581400445367475206e-16
6.581400445367475206e-16
6.581400445367475206e-16
6.594798389010670102e-16
6.594798389010670102e-16
6.669224232999282842e-16
6.835976785882079107e-16
6.835976785882079107e-16
6.848793806095615100e-16
6.915688821322348390e-16
6.919087070449347122e-16
6.998774518405453270e-16
7.124780080786722269e-16
7.150296477748898919e-16
7.158232176495220532e-16
7.158232176495220532e-16
7.158482580610252585e-16
7.327412949315211682e-16
7.521826186594851619e-16
7.521826186594851619e-16
7.527459014515825602e-16
7.527655537923934980e-16
7.548805656508212399e-16
7.605500336289367678e-16
7.605500336289367678e-16
7.707539277893273922e-16
7.708707242212765576e-16
7.849136246320731109e-16
7.867132049502473640e-16
8.014839301853187521e-16
8.113294470585953581e-16
8.208698732521828058e-16
8.282141135965639416e-16
8.479149058685302468e-16
8.534071557311257697e-16
8.575703873707863379e-16
8.652497115962319989e-16
8.765988237121765849e-16
8.769439425807967975e-16
8.769439425807967975e-16
8.769439425807967975e-16
8.985849755797407731e-16
8.985849755797407731e-16
9.121290324063370355e-16
9.271898899545359789e-16
9.406304675894092752e-16
9.410373728057931370e-16
9.421040225733160721e-16
9.451712700474818351e-16
9.451712700474818351e-16
9.462737069570262643e-16
9.535959773843378931e-16
9.796136060930518812e-16
9.796136060930518812e-16
9.810085046563288150e-16
9.810085046563288150e-16
9.812335801333686879e-16
9.817366471179588702e-16
1.006962111791446231e-15
1.013666401097656976e-15
1.015998188686676235e-15
1.020657575757364200e-15
1.021610017249165746e-15
1.025775607640297411e-15
1.025775607640297411e-15
1.038453949737413864e-15
1.038453949737413864e-15
1.040097640700253791e-15
1.043224615761547362e-15
1.043224615761547362e-15
1.047153648673465306e-15
1.047153648673465306e-15
1.048794704422691641e-15
1.048794704422691641e-15
1.059737481893057321e-15
1.086775350022392536e-15
1.097378808446957420e-15
1.110372158567853734e-15
1.120761400007188729e-15
1.128402101883108771e-15
1.128402101883108771e-15
1.135001423807765763e-15
1.143676535259654071e-15
1.143676535259654071e-15
1.146424157204042700e-15
1.150939519262831187e-15
1.157041091687511294e-15
1.159548103335320498e-15
1.159548103335320498e-15
1.159548103335320498e-15
1.159548103335320498e-15
1.165449081888005657e-15
1.168028679553656002e-15
1.179965867821924942e-15
1.190826688972470480e-15
1.223921836761952427e-15
1.252146227467366927e-15
1.261814849744652037e-15
1.261814849744652037e-15
1.261814849744652037e-15
1.288872058459616358e-15
1.297829608342027863e-15
1.327331424728846966e-15
1.344458654444912309e-15
1.362966424339363890e-15
1.363155647970476488e-15
1.405184916946335794e-15
1.424189748126494616e-15
1.424189748126494616e-15
1.424740931288227395e-15
1.429741249120185215e-15
1.454353908985027048e-15
1.465817605835780834e-15
1.468879912284420815e-15
1.489182962628404596e-15
1.494831401837169898e-15
1.494831401837169898e-15
1.495554579744581215e-15
1.495554579744581215e-15
1.495554579744581215e-15
1.510647177499609237e-15
1.514289325058030899e-15
1.514289325058030899e-15
1.516822235914636942e-15
1.541337581105316360e-15
1.543933007699168520e-15
1.544748371025672613e-15
1.546276253761668472e-15
1.590482362118931796e-15
1.607025056750966223e-15
1.620885762727677652e-15
1.623262607763752091e-15
1.626989999776837597e-15
1.628151305476216200e-15
1.628151305476216200e-15
1.635626112420112672e-15
1.635626112420112672e-15
1.642817351556222810e-15
1.642817351556222810e-15
1.644571450910868059e-15
1.674883148438727060e-15
1.675458036758636382e-15
1.708910332461024093e-15
1.708910332461024093e-15
1.728976095936311883e-15
1.728976095936311883e-15
1.728976095936311883e-15
1.749621041717977759e-15
1.749621041717977759e-15
1.786319614719410730e-15
1.786319614719410730e-15
1.814676148446769992e-15
1.822389218700121074e-15
1.849205799471986103e-15
1.857219542892919701e-15
1.857659611802057648e-15
1.870689596097922908e-15
1.881593074768839804e-15
1.892235879050239189e-15
1.892235879050239189e-15
1.907841949354327505e-15
1.915407929983518798e-15
1.915407929983518798e-15
1.947173841909655689e-15
1.960430919267983642e-15
1.963140818835353011e-15
1.975173815941433517e-15
1.975173815941433517e-15
1.980995567502684152e-15
2.014986376165635361e-15
2.018723691404984859e-15
2.018723691404984859e-15
2.038301328615724402e-15
2.046301331279957878e-15
2.046301331279957878e-15
2.046547341411576049e-15
2.077067797267893897e-15
2.077090584807044511e-15
2.078258002084424462e-15
2.105368909158940495e-15
2.141923092453732657e-15
2.144113554948371615e-15
2.157613371949993706e-15
2.175448027113520712e-15
2.180030728291615917e-15
2.181617973919998646e-15
2.229046860294194212e-15
2.229046860294194212e-15
2.229046860294194212e-15
2.236436675716876082e-15
2.236436675716876082e-15
2.279675860671809285e-15
2.286316198990502527e-15
2.286316198990502527e-15
2.286316198990502527e-15
2.292098304704083109e-15
2.301573574064637559e-15
2.301573574064637559e-15
2.301573574064637559e-15
2.301573574064637559e-15
2.316739516637855042e-15
2.324494079741275007e-15
2.324494079741275007e-15
2.341236285925427356e-15
2.352962804158932838e-15
2.370738508182200024e-15
2.370738508182200024e-15
2.378946263323267482e-15
2.378946263323267482e-15
2.385435635665632117e-15
2.428235334046578610e-15
2.435865095080263416e-15
2.474197494640004420e-15
2.474197494640004420e-15
2.489372301648302024e-15
2.489372301648302024e-15
2.492603920571620839e-15
2.492603920571620839e-15
2.536894073420206391e-15
2.536894073420206391e-15
2.539674164960906566e-15
2.539674164960906566e-15
2.545036348208712541e-15
2.609210634787132131e-15
2.609808581226161175e-15
2.609808581226161175e-15
2.609808581226161175e-15
2.611895617468636568e-15
2.611895617468636568e-15
2.613412829942366496e-15
2.633698204355749633e-15
2.642739786965136592e-15
2.642739786965136592e-15
2.642739786965136592e-15
2.642739786965136592e-15
2.651784281250279738e-15
2.653204484922855894e-15
2.731171320736599189e-15
2.790413728568764567e-15
2.831342425283998140e-15
2.832382922909274796e-15
2.847308149306794447e-15
2.847308149306794447e-15
2.847308149306794447e-15
2.847308149306794447e-15
2.855656417802334291e-15
2.865120211042888182e-15
2.865120211042888182e-15
2.871040465477296862e-15
2.894217586843913419e-15
2.894217586843913419e-15
2.905072531703387380e-15
2.933826794456868451e-15
2.948787160957352973e-15
2.948787160957352973e-15
2.954067246713181061e-15
2.999152563505347771e-15
3.024762975242495966e-15
3.070483649095529048e-15
3.070891842507853262e-15
3.097137558366308231e-15
3.113961597344642450e-15
3.113961597344642450e-15
3.113961597344642450e-15
3.131536648674182590e-15
3.136951924417696280e-15
3.136951924417696280e-15
3.136951924417696280e-15
3.147621633759517566e-15
3.147621633759517566e-15
3.183428192834892824e-15
3.203675433119129651e-15
3.203675433119129651e-15
3.211219120311723027e-15
3.243804460146076095e-15
3.249251887848546111e-15
3.303282860768823625e-15
3.334396898491622685e-15
3.338107914534394674e-15
3.338107914534394674e-15
3.338107914534394674e-15
3.359515325258573875e-15
3.359515325258573875e-15
3.360137347432693886e-15
3.360914035470113453e-15
3.371160251867000350e-15
3.371621984820199061e-15
3.420244164151878460e-15
3.426144260378576830e-15
3.426144260378576830e-15
3.443292465924433295e-15
3.443292465924433295e-15
3.463434427071934438e-15
3.463434427071934438e-15
3.463891577812175609e-15
3.463911671315979744e-15
3.463911671315979744e-15
3.463911671315979744e-15
3.495776886090835624e-15
3.495776886090835624e-15
3.521403556154832549e-15
3.525314330800998808e-15
3.525314330800998808e-15
3.530156588755694964e-15
3.530156588755694964e-15
3.554656593238552369e-15
3.647281740074485092e-15
3.687893358240956385e-15
3.687893358240956385e-15
3.695886737578116542e-15
3.702463095498426036e-15
3.748671283869989882e-15
3.748671283869989882e-15
3.820698736421932206e-15
3.851243967991956848e-15
3.854536820338754518e-15
3.860141107955144190e-15
3.864767331333078267e-15
3.864767331333078267e-15
3.864767331333078267e-15
3.904482371007054566e-15
3.918606651284692919e-15
3.965836802553638550e-15
3.988290110738133154e-15
4.014458005444559133e-15
4.020139914219087557e-15
4.022942340371597881e-15
4.066799559387191368e-15
4.070310616832678850e-15
4.070310616832678850e-15
4.070310616832678850e-15
4.075567626822867153e-15
4.075567626822867153e-15
4.182618797659551784e-15
4.210295369806329763e-15
4.236510274841328356e-15
4.324120198418301254e-15
4.364121452878023465e-15
4.364121452878023465e-15
4.370144810045067202e-15
4.370144810045067202e-15
4.410490901029093743e-15
4.430375799441449389e-15
4.486331078281383958e-15
4.486331078281383958e-15
4.491685291184443374e-15
4.491685291184443374e-15
4.516768895485785703e-15
4.521709215150646410e-15
4.528244215510871476e-15
4.573491045015994846e-15
4.577303481489854354e-15
4.614750566918864110e-15
4.614750566918864110e-15
4.614750566918864110e-15
4.624861899201074442e-15
4.632889618665637341e-15
4.634156562314320067e-15
4.668544947066888763e-15
4.676663057887705011e-15
4.688573405799457435e-15
4.718612223428316096e-15
4.778553780490187541e-15
4.778553780490187541e-15
4.810817277215450418e-15
4.827120849740736207e-15
4.851377726356865184e-15
4.854222845322786599e-15
4.854222845322786599e-15
4.935172742947215486e-15
4.939126951560621682e-15
4.939126951560621682e-15
4.947161800219157569e-15
4.963351493870423963e-15
5.027194625859506854e-15
5.052571215328000236e-15
5.120049471560650209e-15
5.153974441058471868e-15
5.156126295909018922e-15
5.156126295909018922e-15
5.168777494717697452e-15
5.185902777434418848e-15
5.253280207335479510e-15
5.343329700502922541e-15
5.344196806366375057e-15
5.405440135424711378e-15
5.417341980655038764e-15
5.510527375081674426e-15
5.510527375081674426e-15
5.510527375081674426e-15
5.568014574769537731e-15
5.571955151446449054e-15
5.612373163762740642e-15
5.649090503837911216e-15
5.713435373440430718e-15
5.723795392243085440e-15
5.723795392243085440e-15
5.740227199086194873e-15
5.774702504712801858e-15
5.801023162399482914e-15
5.801023162399482914e-15
5.841166100766153668e-15
5.933855975036472670e-15
5.953350164796474245e-15
5.990983962168620688e-15
6.011944680656588230e-15
6.012562976473957690e-15
6.077096672660895568e-15
6.110987281443707777e-15
6.150519206123485985e-15
6.151245210415141197e-15
6.151245210415141197e-15
6.155795139065003053e-15
6.155795139065003053e-15
6.155795139065003053e-15
6.156211917509178348e-15
6.199119580238946480e-15
6.199119580238946480e-15
6.199119580238946480e-15
6.224657982411231481e-15
6.267219761589857793e-15
6.270614957868942200e-15
6.291202031889138636e-15
6.323873560266961671e-15
6.326909902802899426e-15
6.338800071919336017e-15
6.338800071919336017e-15
6.380998853363764787e-15
6.388240205674834029e-15
6.428398596510618490e-15
6.458179377904659680e-15
6.469411834760812647e-15
6.469411834760812647e-15
6.545780725273040838e-15
6.584102195754892789e-15
6.589684063467959823e-15
6.603930851767768511e-15
6.692698225279557703e-15
6.703527279753494363e-15
6.749773322850975083e-15
6.834997063441847234e-15
6.868256888553490876e-15
6.913677795093621582e-15
7.011502415442148649e-15
7.069025434623985944e-15
7.125334285015493402e-15
7.137785384054728893e-15
7.137785384054728893e-15
7.202254517508131785e-15
7.276421228236617202e-15
7.307796287397155042e-15
7.310206519648567153e-15
7.312702555161102178e-15
7.369450533314028894e-15
7.374785508569491560e-15
7.394981541594546469e-15
7.493980831940063958e-15
7.500763310034131865e-15
7.506326740075162305e-15
7.517096455185404854e-15
7.535815265691534712e-15
7.535815265691534712e-15
7.556753670155298812e-15
7.563155027539400569e-15
7.651457862301353663e-15
7.713271450409255258e-15
7.715512531945753185e-15
7.794529341565870937e-15
7.798928095422253820e-15
7.854476380813206381e-15
7.859693806718544358e-15
7.891673294473027605e-15
7.910401531161782113e-15
7.959409992810448416e-15
8.033365857038974082e-15
8.066923387761798798e-15
8.073103146033249620e-15
8.076106592515315361e-15
8.091075776393494089e-15
8.105214265060605658e-15
8.175347110785604031e-15
8.233048230408948909e-15
8.304202394933358496e-15
8.344313298984537514e-15
8.366458090123428552e-15
8.437685302416279481e-15
8.478679864766422206e-15
8.487882348342748145e-15
8.574204996539216978e-15
8.619727161750670752e-15
8.630035755653733059e-15
8.631156991988967785e-15
8.696364388183068710e-15
8.740260397190124472e-15
8.795397830426445282e-15
8.860571115897898962e-15
8.902281997541449914e-15
9.036058796046202092e-15
9.044739810258940789e-15
9.075031649569924834e-15
9.145062266065015007e-15
9.197058018806930674e-15
9.203802003959284820e-15
9.345801601263177167e-15
9.435478082296473874e-15
9.475268475550803310e-15
