1.336533571558318184e-19
2.673792443887153212e-19
2.673792443887153212e-19
2.673792443887153212e-19
3.120264665807689505e-19
3.120264665807689505e-19
4.908051721734707746e-19
4.908051721734707746e-19
4.908051721734707746e-19
6.698656716386356952e-19
8.490193303527845990e-19
8.490193303527845990e-19
9.386887470498982251e-19
1.073261887178988773e-18
1.252784385731293505e-18
1.522205041972176986e-18
1.612057378274225432e-18
1.791852584412348662e-18
1.836823927828928809e-18
1.971805310884595813e-18
2.151869930447351265e-18
2.286985207183668528e-18
2.286985207183668528e-18
2.737812202824007408e-18
2.918231018548014503e-18
2.963357639134934927e-18
3.234248339471221857e-18
3.324588725188149498e-18
3.460164273718483248e-18
3.460164273718483248e-18
3.460164273718483248e-18
3.460164273718483248e-18
3.505441898503866480e-18
3.777235048186279633e-18
3.867875065457700291e-18
4.627851848688642326e-18
5.340677131189094719e-18
6.992109034019229204e-18
6.992109034019229204e-18
7.381838304528124676e-18
8.523921061742673480e-18
8.557708264860928178e-18
9.949289282427826319e-18
1.001855775455884432e-17
1.018975252467613030e-17
1.018975252467613030e-17
1.035454749030304960e-17
1.035454749030304960e-17
1.075848809137143355e-17
1.075848809137143355e-17
1.204080185874252695e-17
1.260840804817482549e-17
1.267795886462159543e-17
1.290006972634605675e-17
1.330946898418563576e-17
1.449107994560538320e-17
1.474970733883369521e-17
1.578835796171130205e-17
1.580859263767348949e-17
1.580859263767348949e-17
1.742294332036827016e-17
1.801925451523529760e-17
1.852041567569409299e-17
1.852041567569409299e-17
1.852107447909751266e-17
1.917724266890384502e-17
1.917724266890384502e-17
1.917724266890384502e-17
1.917724266890384502e-17
1.960264143796933842e-17
2.158281623910605798e-17
2.216773954657111025e-17
2.224077260957881471e-17
2.361945990339306526e-17
2.427976914316375026e-17
2.435628445273238770e-17
2.458008938035135762e-17
2.496586583043973353e-17
2.496586583043973353e-17
2.496586583043973353e-17
2.512369630294478380e-17
2.512369630294478380e-17
2.530025561506134754e-17
2.545328623419862549e-17
2.629994272236525657e-17
2.666134344652709241e-17
2.666661387375445284e-17
2.671376537448494325e-17
2.771486420336761048e-17
2.771486420336761048e-17
2.829367005065805110e-17
2.865187087257470437e-17
2.900263662750990048e-17
3.050941412590338501e-17
3.114873577153655022e-17
3.117706431788361139e-17
3.152265376036336593e-17
3.210051845993463031e-17
3.389538127516649273e-17
3.448952783027942653e-17
3.488932738138345629e-17
3.488932738138345629e-17
3.518522422429096059e-17
3.611987802420012313e-17
3.624796822877935403e-17
3.655741759884292714e-17
3.703505006632243676e-17
3.736482822712011308e-17
4.052764925216767055e-17
4.052764925216767055e-17
4.233399406957342391e-17
4.240966234619481012e-17
4.240966234619481012e-17
4.240966234619481012e-17
4.240966234619481012e-17
4.362534285504856266e-17
4.362534285504856266e-17
4.525512836033775229e-17
4.525512836033775229e-17
4.664783875516765359e-17
4.759115111409319068e-17
4.771745313800599721e-17
4.771745313800599721e-17
4.771745313800599721e-17
4.771745313800599721e-17
4.847724169169310461e-17
4.847724169169310461e-17
4.859159113957243516e-17
4.859159113957243516e-17
4.870048193068057064e-17
5.053581409783680793e-17
5.182179834131266739e-17
5.182179834131266739e-17
5.182179834131266739e-17
5.182179834131266739e-17
5.244944975522810394e-17
5.271508869896424287e-17
5.299823299027697479e-17
5.299823299027697479e-17
5.299823299027697479e-17
5.443941249264420893e-17
5.443941249264420893e-17
5.444251828011747264e-17
5.533162053041873451e-17
5.566252806847941245e-17
5.575363116769521379e-17
5.673468355015952513e-17
5.707067328590373504e-17
5.707067328590373504e-17
5.707067328590373504e-17
5.707067328590373504e-17
5.754835281076919638e-17
5.773342950974426101e-17
5.773342950974426101e-17
5.823355540771196131e-17
6.035560822751377926e-17
6.053969672138370975e-17
6.053969672138370975e-17
6.133661355259212655e-17
6.133661355259212655e-17
6.179528189353033018e-17
6.179528189353033018e-17
6.179528189353033018e-17
6.402029627380949735e-17
6.402029627380949735e-17
6.511075707862749326e-17
6.542392398218178878e-17
6.603524648316959803e-17
6.759797521346781810e-17
6.773062998448503188e-17
6.986769411040763164e-17
7.071863282069649210e-17
7.071863282069649210e-17
7.071863282069649210e-17
7.071863282069649210e-17
7.159742950347282870e-17
7.159742950347282870e-17
7.176330678897679175e-17
7.180194090284877819e-17
7.180194090284877819e-17
7.233138355226867995e-17
7.487088244290898814e-17
7.936378048207559274e-17
7.936378048207559274e-17
7.962631363833846179e-17
8.033749191233036270e-17
8.129346270807875641e-17
8.154790199395675789e-17
8.603345908091382111e-17
8.909148330743164093e-17
9.044523018668784442e-17
9.044523018668784442e-17
9.366941404302537461e-17
9.453691695317165799e-17
9.640057766667495028e-17
9.706902783421647308e-17
9.719636512062036545e-17
9.749353251294874504e-17
1.010321538222614645e-16
1.010321538222614645e-16
1.022128236359620434e-16
1.022128236359620434e-16
1.035080781844717485e-16
1.037144248219000864e-16
1.046475727854585780e-16
1.049384815454544662e-16
1.052052498664536067e-16
1.063893548693291545e-16
1.063893548693291545e-16
1.078772152985672971e-16
1.083620475460984683e-16
1.083620475460984683e-16
1.124087003942199241e-16
1.129908943732993881e-16
1.129908943732993881e-16
1.129908943732993881e-16
1.136545917448590965e-16
1.136545917448590965e-16
1.153869152941520082e-16
1.170592406763477567e-16
1.170644640461891500e-16
1.200856893968873718e-16
1.202647898078456923e-16
1.206007795435898898e-16
1.215762320971251448e-16
1.226127651376346128e-16
1.236663800092470343e-16
1.236663800092470343e-16
1.249709048627905849e-16
1.261429631748607410e-16
1.261706329178043733e-16
1.281209733362433639e-16
1.283569661268256146e-16
1.283569661268256146e-16
1.287929528077317837e-16
1.287929528077317837e-16
1.289279604480469165e-16
1.289279604480469165e-16
1.289279604480469165e-16
1.289279604480469165e-16
1.289279604480469165e-16
1.292356216374440591e-16
1.299029894851085196e-16
1.299541879210314407e-16
1.301523465733029830e-16
1.303399173137338464e-16
1.305623575771600284e-16
1.306234851215202055e-16
1.312107142408972312e-16
1.312107142408972312e-16
1.312107142408972312e-16
1.354306323841181555e-16
1.360053912962161624e-16
1.360053912962161624e-16
1.364591656690146717e-16
1.399950105925558204e-16
1.428996747982346478e-16
1.436616279916758550e-16
1.436616279916758550e-16
1.449639882054653058e-16
1.463015944013377136e-16
1.463015944013377136e-16
1.463015944013377136e-16
1.463015944013377136e-16
1.463015944013377136e-16
1.466871826218822518e-16
1.466894413764082550e-16
1.489835359992745994e-16
1.489835359992745994e-16
1.489835359992745994e-16
1.492227757494879752e-16
1.542929737995943495e-16
1.548919672654610074e-16
1.548919672654610074e-16
1.559405469967758671e-16
1.559405469967758671e-16
1.568955295874191267e-16
1.569083291963998693e-16
1.569083291963998693e-16
1.585331736761634130e-16
1.585331736761634130e-16
1.591668954928674971e-16
1.601518065809804169e-16
1.601518065809804169e-16
1.602446508034766909e-16
1.606639556410605516e-16
1.606639556410605516e-16
1.606639556410605516e-16
1.606639556410605516e-16
1.613809925596042988e-16
1.617506753836948369e-16
1.617506753836948369e-16
1.622419544931023311e-16
1.626811175475607038e-16
1.629365685672368214e-16
1.629365685672368214e-16
1.629365685672368214e-16
1.629365685672368214e-16
1.636281944973629396e-16
1.675139816715850245e-16
1.682211600677704372e-16
1.701928645394346168e-16
1.712329268838909695e-16
1.712329268838909695e-16
1.712329268838909695e-16
1.712329268838909695e-16
1.713982394807634256e-16
1.729408982359503201e-16
1.729408982359503201e-16
1.729408982359503201e-16
1.729408982359503201e-16
1.738623524390981134e-16
1.761591763903500768e-16
1.796036829277456532e-16
1.812373741960694030e-16
1.814368975125337547e-16
1.823564929489361653e-16
1.830399308939055002e-16
1.835249043135945512e-16
1.835266454368750238e-16
1.848565812788362034e-16
1.856199226651631776e-16
1.864104161631882534e-16
1.897718664143669443e-16
1.965164603716512388e-16
1.965164603716512388e-16
1.989204339907308713e-16
1.989204339907308713e-16
1.989204339907308713e-16
1.989204339907308713e-16
1.989204339907308713e-16
1.993955724167545697e-16
1.993955724167545697e-16
2.007754832026037531e-16
2.007754832026037531e-16
2.007754832026037531e-16
2.018791671328761064e-16
2.021357710585081954e-16
2.046633173731150276e-16
2.054315291988887139e-16
2.058447401049909450e-16
2.064755914211515672e-16
2.064755914211515672e-16
2.076257209913650396e-16
2.077128712701603044e-16
2.077128712701603044e-16
2.081160589530533514e-16
2.087838032598054997e-16
2.088985291667724933e-16
2.088985291667724933e-16
2.088985291667724933e-16
2.088985291667724933e-16
2.119951875071622873e-16
2.119951875071622873e-16
2.131951508491058712e-16
2.164406281725896690e-16
2.168072522665929136e-16
2.174992311271137129e-16
2.174992311271137129e-16
2.191306871696044414e-16
2.193756208635188017e-16
2.193756208635188017e-16
2.212836566919810413e-16
2.212836566919810413e-16
2.268802151327269926e-16
2.269285430681064518e-16
2.283836515567174116e-16
2.321474189291489378e-16
2.366629750996545703e-16
2.366629750996545703e-16
2.366629750996545703e-16
2.372949087356922424e-16
2.372949087356922424e-16
2.372949087356922424e-16
2.372949087356922424e-16
2.372949087356922424e-16
2.391161472157538736e-16
2.412836809990846708e-16
2.412836809990846708e-16
2.412836809990846708e-16
2.415215796137982437e-16
2.456461830217601019e-16
2.467717251078102175e-16
2.470096943086027118e-16
2.470096943086027118e-16
2.473540837877405063e-16
2.530731796615226208e-16
2.530731796615226208e-16
2.540882780627279783e-16
2.549333581284649924e-16
2.552062556739852480e-16
2.557597917050159333e-16
2.557597917050159333e-16
2.557597917050159333e-16
2.557597917050159333e-16
2.572133943572762407e-16
2.606253371835884906e-16
2.607356396962754059e-16
2.655699390705714329e-16
2.660670532958377791e-16
2.660670532958377791e-16
2.668767226786409621e-16
2.717423622719853983e-16
2.724002715850722187e-16
2.729293377754044573e-16
2.744648673366186117e-16
2.763370454369803864e-16
2.781650366519270946e-16
2.794012812384447460e-16
2.794012812384447460e-16
2.869832613788618445e-16
2.869832613788618445e-16
2.869832613788618445e-16
2.872616293454997677e-16
2.878514701497975024e-16
2.879204798063057705e-16
2.879204798063057705e-16
2.879204798063057705e-16
2.891672652472781365e-16
2.891672652472781365e-16
2.910677954226799729e-16
2.961167941204120077e-16
2.961167941204120077e-16
2.961167941204120077e-16
2.985179913537200570e-16
3.001084133556548914e-16
3.030782990982723246e-16
3.041394431516381067e-16
3.051393302528323229e-16
3.084206064826841182e-16
3.129992195503742813e-16
3.129992195503742813e-16
3.131028634429480476e-16
3.131137925208369041e-16
3.131137925208369041e-16
3.131137925208369041e-16
3.131137925208369041e-16
3.131137925208369041e-16
3.132903518329534617e-16
3.166691427308579084e-16
3.175943732892288607e-16
3.194116707132164834e-16
3.233313274409822369e-16
3.269782866171180697e-16
3.269782866171180697e-16
3.341065276777761196e-16
3.344815985725589251e-16
3.350428284861938205e-16
3.375195292952724373e-16
3.375195292952724373e-16
3.383361749355439896e-16
3.383361749355439896e-16
3.383361749355439896e-16
3.385771793377307955e-16
3.414723967731784368e-16
3.425657280785398823e-16
3.448146123178465284e-16
3.448146123178465284e-16
3.448146123178465284e-16
3.452374699880702804e-16
3.462219105023236336e-16
3.462219105023236336e-16
3.503713484457251228e-16
3.509662361546668979e-16
3.523457351883889328e-16
3.568256571533774420e-16
3.568256571533774420e-16
3.600710168333963297e-16
3.661903593034490584e-16
3.692013732013942399e-16
3.746141960786649541e-16
3.746141960786649541e-16
3.746717472616922825e-16
3.746717472616922825e-16
3.765568661431926919e-16
3.765967708064855721e-16
3.765967708064855721e-16
3.765967708064855721e-16
3.765967708064855721e-16
3.765967708064855721e-16
3.769199844619420091e-16
3.794746358308609789e-16
3.794746358308609789e-16
3.798035669587113825e-16
3.813435905002845860e-16
3.823437481814480585e-16
3.839243116610245829e-16
3.839243116610245829e-16
3.839243116610245829e-16
3.839243116610245829e-16
3.868075176987062932e-16
3.872763974923975124e-16
3.889963214204903267e-16
3.940638842569830346e-16
3.987458353442382224e-16
3.987458353442382224e-16
3.987475529388256884e-16
4.016772046164485423e-16
4.016772046164485423e-16
4.093499702187261725e-16
4.093499702187261725e-16
4.131252195933315465e-16
4.131252195933315465e-16
4.133092963228549860e-16
4.168364709230332567e-16
4.168364709230332567e-16
4.168619642618763352e-16
4.220308298859913321e-16
4.226884215617229322e-16
4.273399382846094079e-16
4.273399382846094079e-16
4.337819885432195464e-16
4.481744429812628694e-16
4.481744429812628694e-16
4.557730814363092696e-16
4.582440177156079065e-16
4.684131305856019013e-16
4.704623385719398248e-16
4.717901568315328687e-16
4.791994246011355393e-16
4.896181651392932045e-16
4.917265595528205222e-16
4.954862564613665771e-16
5.056774157166821410e-16
5.056774157166821410e-16
5.153167565355544857e-16
5.214378754219271231e-16
5.218092640762586978e-16
5.218092640762586978e-16
5.243612214098315831e-16
5.243612214098315831e-16
5.250407418274198669e-16
5.284279677617573219e-16
5.298135371982679798e-16
5.385174242416698778e-16
5.385174242416698778e-16
5.400060140603903399e-16
5.400060140603903399e-16
5.490283501989204188e-16
5.505092931924226348e-16
5.509423623153993533e-16
5.518727338931862741e-16
5.655222933791016116e-16
5.686596093009596120e-16
5.800492848836004762e-16
5.880862628888509769e-16
5.979563613641176264e-16
5.979563613641176264e-16
5.979563613641176264e-16
5.986919624214220715e-16
5.986919624214220715e-16
6.017284578938638527e-16
6.041655363839653736e-16
6.096417220314293108e-16
6.183894783228910549e-16
6.191258322983708262e-16
6.191258322983708262e-16
6.202030464490414826e-16
6.202030464490414826e-16
6.211048306648585708e-16
6.211048306648585708e-16
6.211048306648585708e-16
6.211048306648585708e-16
6.337692437757312424e-16
6.433685034661133293e-16
6.439287687033361342e-16
6.439287687033361342e-16
6.595747613172369003e-16
6.595747613172369003e-16
6.595899490885549856e-16
6.595899490885549856e-16
6.597172863749589150e-16
6.606098002857422192e-16
6.655847424223219455e-16
6.731340176794978254e-16
6.731340176794978254e-16
6.740726595928669543e-16
6.772871025703111093e-16
6.772871025703111093e-16
6.897856501600262595e-16
7.042244796519318048e-16
7.069240442409102307e-16
7.069240442409102307e-16
7.194577201692434770e-16
7.194577201692434770e-16
7.243800168552820724e-16
7.348117805250037724e-16
7.357456931710841306e-16
7.357456931710841306e-16
7.367355452847227086e-16
7.367355452847227086e-16
7.521190812106128157e-16
7.677368217464187369e-16
7.677368217464187369e-16
7.677368217464187369e-16
7.677368217464187369e-16
7.677368217464187369e-16
7.696112586013065888e-16
7.696112586013065888e-16
7.752790736887403327e-16
7.756219279206612781e-16
7.902485046181950151e-16
7.938125016228858905e-16
8.094272893077229003e-16
8.172311803159741468e-16
8.242207197315192557e-16
8.293590686408400912e-16
8.496926827570040968e-16
8.589721404524117706e-16
8.634739323375245207e-16
8.759970438827100456e-16
8.786084464590950536e-16
8.786084464590950536e-16
8.786084464590950536e-16
8.786084464590950536e-16
8.855745865894722624e-16
8.855745865894722624e-16
8.965637097028337707e-16
9.136157064230978032e-16
9.330179842850627483e-16
9.330179842850627483e-16
9.402166349594613611e-16
9.473878276491530814e-16
9.473878276491530814e-16
9.495297622145223934e-16
9.532916002341296400e-16
9.796391247471062207e-16
9.796391247471062207e-16
9.848538595581843633e-16
9.848538595581843633e-16
9.859902954290839487e-16
9.873149373151246903e-16
1.017793653270097307e-15
1.022341867266458145e-15
1.025086465773798892e-15
1.033920313552871931e-15
1.036709287175171699e-15
1.040041608904441946e-15
1.040041608904441946e-15
1.048984276888544206e-15
1.050242285516067741e-15
1.052263012019554239e-15
1.053793671141321632e-15
1.053793671141321632e-15
1.053793671141321632e-15
1.053793671141321632e-15
1.053793671141321632e-15
1.053793671141321632e-15
1.055927329488935545e-15
1.078772213946337984e-15
1.086848261346280688e-15
1.102751399045752006e-15
1.117452832279999441e-15
1.119919056938529074e-15
1.120234141430561097e-15
1.124450877318056529e-15
1.127890254600382615e-15
1.127890254600382615e-15
1.130508039334738276e-15
1.139498799967290175e-15
1.140148297772636945e-15
1.144325128996839595e-15
1.144325128996839595e-15
1.146598947768531138e-15
1.146598947768531138e-15
1.152536019336246631e-15
1.153856743694906322e-15
1.160078518329844378e-15
1.171730580014417128e-15
1.200574569438574860e-15
1.226795856631544304e-15
1.235711660730437289e-15
1.240096914999223700e-15
1.240096914999223700e-15
1.257800768276305500e-15
1.267736241225015053e-15
1.295808983622004787e-15
1.317848369157434632e-15
1.332393971858080232e-15
1.332393971858080232e-15
1.369696179360069771e-15
1.379804482323058735e-15
1.379804482323058735e-15
1.381696330410751214e-15
1.382348404607979084e-15
1.404101998874135855e-15
1.416733801216539236e-15
1.425656775684617833e-15
1.451944725546970730e-15
1.468919359924718738e-15
1.468919359924718738e-15
1.469637220347516758e-15
1.469637220347516758e-15
1.469637220347516758e-15
1.488771129937359834e-15
1.492910085848039101e-15
1.492910085848039101e-15
1.493715990639965653e-15
1.514929695517019834e-15
1.523315368752223322e-15
1.523649335020371287e-15
1.523649335020371287e-15
1.567308613024103087e-15
1.578456413642916934e-15
1.594762856668746284e-15
1.598083955211465411e-15
1.607008882561061246e-15
1.612281592071640393e-15
1.612281592071640393e-15
1.629355329304217154e-15
1.630077495477830318e-15
1.641596461228392447e-15
1.641596461228392447e-15
1.643254081177476155e-15
1.666422502809863490e-15
1.667388955638334070e-15
1.699481269357826129e-15
1.699481269357826129e-15
1.719986560582313452e-15
1.719986560582313452e-15
1.719986560582313452e-15
1.743011316015369157e-15
1.743011316015369157e-15
1.780490271059019158e-15
1.780490271059019158e-15
1.807321769022232967e-15
1.815736117852004829e-15
1.843561744268806410e-15
1.848415478343503519e-15
1.854035030199463634e-15
1.872571581567601994e-15
1.881739919128241745e-15
1.884410196376634215e-15
1.884410196376634215e-15
1.900687822635737052e-15
1.900687822635737052e-15
1.900687822635737052e-15
1.930818725686743175e-15
1.939562376221280012e-15
1.944221269189415477e-15
1.949664826421890356e-15
1.951811807891903857e-15
1.952785442853906626e-15
1.990655027140572090e-15
1.995856215306667256e-15
1.995856215306667256e-15
2.004673551825441928e-15
2.016718548564941738e-15
2.016718548564941738e-15
2.016718548564941738e-15
2.057176400840620327e-15
2.057176400840620327e-15
2.059811426224756625e-15
2.087010871770953887e-15
2.108281298444607860e-15
2.115291443113029568e-15
2.124216199879601215e-15
2.146060532550232603e-15
2.151228186446659260e-15
2.151228186446659260e-15
2.199110729550188178e-15
2.199110729550188178e-15
2.199110729550188178e-15
2.200820694958977663e-15
2.200820694958977663e-15
2.251389997160331174e-15
2.272151504087016345e-15
2.278378766789591688e-15
2.279262422147468160e-15
2.283965849049240257e-15
2.284134226258373098e-15
2.284134226258373098e-15
2.284134226258373098e-15
2.284134226258373098e-15
2.291188469579611233e-15
2.294569136890780756e-15
2.294569136890780756e-15
2.308358803861214716e-15
2.319933779665414036e-15
2.334638301040614739e-15
2.334638301040614739e-15
2.347593181748489855e-15
2.347593181748489855e-15
2.347593181748489855e-15
2.401414537543014690e-15
2.411700176264988643e-15
2.442668553731726406e-15
2.442668553731726406e-15
2.452149111166027907e-15
2.452976609415936155e-15
2.454539061684091830e-15
2.461660191197297006e-15
2.499810602199016608e-15
2.499810602199016608e-15
2.504989655747191466e-15
2.505210843107716534e-15
2.517764300784672181e-15
2.604251141024011128e-15
2.611968893487265263e-15
2.611968893487265263e-15
2.611968893487265263e-15
2.611968893487265263e-15
2.611968893487265263e-15
2.616316154799063504e-15
2.625076634231253731e-15
2.636410829155849439e-15
2.636410829155849439e-15
2.636410829155849439e-15
2.636410829155849439e-15
2.645150303347382496e-15
2.645405801424444652e-15
2.715113130736912723e-15
2.777428468222598296e-15
2.810154844924842493e-15
2.818863337709894988e-15
2.821655605349211944e-15
2.821655605349211944e-15
2.821655605349211944e-15
2.821655605349211944e-15
2.828862685177870276e-15
2.872366709100978192e-15
2.872366709100978192e-15
2.884786706149182083e-15
2.918876805896505704e-15
2.922144659007012795e-15
2.927178675809490220e-15
2.970005461598228984e-15
2.979953434165083826e-15
2.979953434165083826e-15
2.983521742802763331e-15
3.029456204242379583e-15
3.044228705893770732e-15
3.086780311853770256e-15
3.087762752429120260e-15
3.109562327643532020e-15
3.144915818206898056e-15
3.144915818206898056e-15
3.144915818206898056e-15
3.144915818206898056e-15
3.145595756258786580e-15
3.147381360533331137e-15
3.148622034396302007e-15
3.156725092735785019e-15
3.156725092735785019e-15
3.178843899374366532e-15
3.191735558484206219e-15
3.191735558484206219e-15
3.196500365863787809e-15
3.217589509840209496e-15
3.223344428149052689e-15
3.269625255478016880e-15
3.305858313288854544e-15
3.305858313288854544e-15
3.309331677768189209e-15
3.310592668657548000e-15
3.338913550532870618e-15
3.339371842414721109e-15
3.339371842414721109e-15
3.354292845411851066e-15
3.358360132923715318e-15
3.358360132923715318e-15
3.385485192507058523e-15
3.426796630470986056e-15
3.426796630470986056e-15
3.444424844882312586e-15
3.444424844882312586e-15
3.451223907763843786e-15
3.451223907763843786e-15
3.454401393046790683e-15
3.454401393046790683e-15
3.454401393046790683e-15
3.454401393046790683e-15
3.518929115886798708e-15
3.518929115886798708e-15
3.543483236363508164e-15
3.559474547839919181e-15
3.562270956529200579e-15
3.564546092907698524e-15
3.564546092907698524e-15
3.564546092907698524e-15
3.652385674174668638e-15
3.692051403590333423e-15
3.692051403590333423e-15
3.700376219861145768e-15
3.702775570092055136e-15
3.755081572179595845e-15
3.755407321051720904e-15
3.818006726329918205e-15
3.856753489701717855e-15
3.870954279406751688e-15
3.874056672866055019e-15
3.879176516458347328e-15
3.885281365253524559e-15
3.885281365253524559e-15
3.913087180510837493e-15
3.923646722629956123e-15
3.960325566822325699e-15
3.991911578361943275e-15
3.996854827349079640e-15
4.000789165981264304e-15
4.004783943943539771e-15
4.043209511245305854e-15
4.044026021595592951e-15
4.044026021595592951e-15
4.044026021595592951e-15
4.053726795831834387e-15
4.053726795831834387e-15
4.159944227432797664e-15
4.187035123353934814e-15
4.216562638955660521e-15
4.316083763359506780e-15
4.344309871659508352e-15
4.348115773038892688e-15
4.372398825325961296e-15
4.372398825325961296e-15
4.418763179515002260e-15
4.442314660033439170e-15
4.491418477592578151e-15
4.491418477592578151e-15
4.491418477592578151e-15
4.491418477592578151e-15
4.512424018240671497e-15
4.514678167025032532e-15
4.517259623457427890e-15
4.553109840022626476e-15
4.553109840022626476e-15
4.594004437779559381e-15
4.595881286325477829e-15
4.595881286325477829e-15
4.605156097104022181e-15
4.613865348689422995e-15
4.616447505100434575e-15
4.643058580385645318e-15
4.643058580385645318e-15
4.655180839470716034e-15
4.682333286452687260e-15
4.710353112819166360e-15
4.710353112819166360e-15
4.751336254929954177e-15
4.768185822540170614e-15
4.806475705751698399e-15
4.806475705751698399e-15
4.806475705751698399e-15
4.870200423711189875e-15
4.870200423711189875e-15
4.870200423711189875e-15
4.879896780435324275e-15
4.887312353894645438e-15
4.958986481946291418e-15
4.987822148095307442e-15
5.046882682071829561e-15
5.075786522608752980e-15
5.076759154660217332e-15
5.076759154660217332e-15
5.088526771638184513e-15
5.099737205637708868e-15
5.153782828110452699e-15
5.264101834411124161e-15
5.264101834411124161e-15
5.318518910242105050e-15
5.331477811415393177e-15
5.414765893492245593e-15
5.414765893492245593e-15
5.414765893492245593e-15
5.464577039442987565e-15
5.479611686027207737e-15
5.496508634542911212e-15
5.533227236344242538e-15
5.599533346032223592e-15
5.627668680634711604e-15
5.627668680634711604e-15
5.646022466997960378e-15
5.685324851631205564e-15
5.714532494651877788e-15
5.717138179755868829e-15
5.744886955579226554e-15
5.836098307370333573e-15
5.859616577138629695e-15
5.898302071793910758e-15
5.916110198356103575e-15
5.921181752247143048e-15
5.953280512828511541e-15
5.982134798996934136e-15
6.006659511548506106e-15
6.006659511548506106e-15
6.007189613001329160e-15
6.009981448300912358e-15
6.009981448300912358e-15
6.009981448300912358e-15
6.010526681644408241e-15
6.040639149964465399e-15
6.049323843476569521e-15
6.049323843476569521e-15
6.068460002997678544e-15
6.093120829038135335e-15
6.106278021212592667e-15
6.129792414628720363e-15
6.154888350906269847e-15
6.160375789151151051e-15
6.172543020391765050e-15
6.172543020391765050e-15
6.189492311426087657e-15
6.199742980628121322e-15
6.205765858398045780e-15
6.231043727352971410e-15
6.240786032673407908e-15
6.241060947804351132e-15
6.331088594580363421e-15
6.356246834836922405e-15
6.356246834836922405e-15
6.377467701259901872e-15
6.485452055353184197e-15
6.490751587573759402e-15
6.549028269025850023e-15
6.636885529164507624e-15
6.672673650567847076e-15
6.718109530179972212e-15
6.799534830928221258e-15
6.818485093187187564e-15
6.890231839608627575e-15
6.891617376693185244e-15
6.891617376693185244e-15
6.959551210184732917e-15
7.021867729987240436e-15
7.041915905764525925e-15
7.052362651329502383e-15
7.058671708592133811e-15
7.119870221372517223e-15
7.134105192386276977e-15
7.161331063595776074e-15
7.245464569845499981e-15
7.257118896166771899e-15
7.264973079756266863e-15
7.274930678499636197e-15
7.297823635017881173e-15
7.297823635017881173e-15
7.298065848206670513e-15
7.305497627053281597e-15
7.394860597075889359e-15
7.483446732006746521e-15
7.490762084998321977e-15
7.534820562571486506e-15
7.558652531580015232e-15
7.619415534135525478e-15
7.627579811193054320e-15
7.656722332673732687e-15
7.676881208010399708e-15
7.720808439593039684e-15
7.774232075184702840e-15
7.807554674849215130e-15
7.834235386242385044e-15
7.834235386242385044e-15
7.861961183355962049e-15
7.875568944118800254e-15
7.937790652111861731e-15
7.977145223386135675e-15
8.023149038589394820e-15
8.068572409760114142e-15
8.077507566208983203e-15
8.165588822445890492e-15
8.211704875396833726e-15
8.226784238262060506e-15
8.297556279165967102e-15
8.346896777729957091e-15
8.354076999555579437e-15
8.354076999555579437e-15
8.424435097222815356e-15
8.471097407015398808e-15
8.536510826327399082e-15
8.608839034397348780e-15
8.644222171113868717e-15
8.761098544738529468e-15
8.808224837415578170e-15
8.822198725228780600e-15
8.872626855272258525e-15
8.920736823781038382e-15
8.920736823781038382e-15
9.044185137813900012e-15
9.142743015173693156e-15
9.196010652589816147e-15
