0.024543692606170314
0.025225461845230595
0.02590723108429088
0.02658900032335116
0.027270769562411444
0.027952538801471725
0.02863430804053201
0.02931607727959229
0.029997846518652574
0.030679615757712855
0.031361384996773135
0.03204315423583342
0.032724923474893704
0.03340669271395399
0.03408846195301427
0.03477023119207455
0.035452000431134834
0.03613376967019512
0.0368155389092554
0.03749730814831568
0.03817907738737596
0.03886084662643625
0.03954261586549653
0.04022438510455681
0.04090615434361709
0.04158792358267738
0.04226969282173766
0.04295146206079794
0.04363323129985822
0.04431500053891851
0.04499676977797879
0.04567853901703907
0.04636030825609935
0.04704207749515964
0.04772384673421992
0.048405615973280205
0.04908738521234048
0.04976915445140077
0.05045092369046105
0.051132692929521335
0.05181446216858161
0.0524962314076419
0.05317800064670218
0.053859769885762465
0.05454153912482274
0.05522330836388303
0.05590507760294331
0.056586846842003595
0.05726861608106387
0.057950385320124156
0.05863215455918444
0.059313923798244725
0.059995693037305
0.060677462276365286
0.06135923151542557
0.062041000754485855
0.06272276999354613
0.06340453923260642
0.0640863084716667
0.06476807771072698
0.06544984694978727
0.06613161618884755
0.06681338542790784
0.06749515466696811
0.06817692390602839
0.06885869314508868
0.06954046238414896
0.07022223162320924
0.07090400086226953
0.07158577010132981
0.0722675393403901
0.07294930857945037
0.07363107781851065
0.07431284705757094
0.07499461629663122
0.0756763855356915
0.07635815477475179
0.07703992401381207
0.07772169325287236
0.07840346249193264
0.07908523173099291
0.0797670009700532
0.08044877020911348
0.08113053944817376
0.08181230868723405
0.08249407792629433
0.08317584716535462
0.0838576164044149
0.08453938564347517
0.08522115488253545
0.08590292412159574
0.08658469336065602
0.08726646259971631
0.08794823183877659
0.08863000107783688
0.08931177031689716
0.08999353955595744
0.09067530879501771
0.091357078034078
0.09203884727313828
0.09272061651219857
0.09340238575125885
0.09408415499031914
0.09476592422937942
0.0954476934684397
0.09612946270749997
0.09681123194656026
0.09749300118562054
0.09817477042468083
0.09885653966374112
0.09953830890280142
0.10022007814186171
0.10090184738092199
0.10158361661998228
0.10226538585904256
0.10294715509810284
0.10362892433716311
0.1043106935762234
0.10499246281528368
0.10567423205434397
0.10635600129340425
0.10703777053246454
0.10771953977152482
0.1084013090105851
0.10908307824964539
0.10976484748870566
0.11044661672776594
0.11112838596682623
0.11181015520588651
0.1124919244449468
0.11317369368400708
0.11385546292306736
0.11453723216212765
0.11521900140118792
0.1159007706402482
0.11658253987930849
0.11726430911836877
0.11794607835742905
0.11862784759648934
0.11930961683554962
0.11999138607460991
0.12067315531367019
0.12135492455273046
0.12203669379179075
0.12271846303085103
0.12340023226991131
0.1240820015089716
0.12476377074803188
0.12544553998709215
0.12612730922615245
0.12680907846521272
0.12749084770427302
0.1281726169433333
0.1288543861823936
0.12953615542145386
0.13021792466051413
0.13089969389957443
0.1315814631386347
0.132263232377695
0.13294500161675527
0.13362677085581556
0.13430854009487583
0.13499030933393613
0.1356720785729964
0.13635384781205667
0.13703561705111697
0.13771738629017724
0.13839915552923754
0.1390809247682978
0.1397626940073581
0.14044446324641838
0.14112623248547865
0.14180800172453895
0.14248977096359922
0.14317154020265951
0.14385330944171978
0.14453507868078008
0.14521684791984035
0.14589861715890065
0.14658038639796092
0.1472621556370212
0.1479439248760815
0.14862569411514176
0.14930746335420206
0.14998923259326233
0.15067100183232263
0.1513527710713829
0.1520345403104432
0.15271630954950347
0.15339807878856374
0.15407984802762403
0.1547616172666843
0.1554433865057446
0.15612515574480487
0.15680692498386517
0.15748869422292544
0.1581704634619857
0.158852232701046
0.15953400194010628
0.16021577117916658
0.16089754041822685
0.16157930965728715
0.16226107889634742
0.16294284813540771
0.16362461737446798
0.16430638661352825
0.16498815585258855
0.16566992509164882
0.16635169433070912
0.1670334635697694
0.1677152328088297
0.16839700204788996
0.16907877128695026
0.16976054052601053
0.1704423097650708
0.1711240790041311
0.17180584824319137
0.17248761748225167
0.17316938672131194
0.17385115596037223
0.1745329251994325
0.17521469443849277
0.17589646367755307
0.17657823291661334
0.17726000215567364
0.1779417713947339
0.1786235406337942
0.17930530987285448
0.17998707911191478
0.18066884835097505
0.18135061759003532
0.18203238682909562
0.1827141560681559
0.18339592530721618
0.18407769454627645
0.18475946378533675
0.18544123302439702
0.18612300226345732
0.1868047715025176
0.18748654074157786
0.18816830998063816
0.18885007921969843
0.18953184845875873
0.190213617697819
0.1908953869368793
0.19157715617593957
0.19225892541499986
0.19294069465406014
0.1936224638931204
0.1943042331321807
0.19498600237124097
0.19566777161030127
0.19634954084936154
0.19703131008842184
0.19771307932748217
0.19839484856654246
0.19907661780560276
0.19975838704466306
0.2004401562837234
0.20112192552278368
0.20180369476184398
0.20248546400090428
0.20316723323996458
0.2038490024790249
0.2045307717180852
0.2052125409571455
0.2058943101962058
0.20657607943526612
0.20725784867432642
0.20793961791338672
0.20862138715244702
0.20930315639150732
0.20998492563056764
0.21066669486962794
0.21134846410868824
0.21203023334774854
0.21271200258680886
0.21339377182586916
0.21407554106492946
0.21475731030398976
0.21543907954305005
0.21612084878211038
0.21680261802117068
0.21748438726023098
0.21816615649929127
0.2188479257383516
0.2195296949774119
0.2202114642164722
0.2208932334555325
0.22157500269459282
0.22225677193365312
0.22293854117271342
0.22362031041177372
0.224302079650834
0.22498384888989434
0.22566561812895464
0.22634738736801494
0.22702915660707523
0.22771092584613556
0.22839269508519586
0.22907446432425616
0.22975623356331645
0.23043800280237675
0.23111977204143708
0.23180154128049738
0.23248331051955767
0.23316507975861797
0.2338468489976783
0.2345286182367386
0.2352103874757989
0.2358921567148592
0.2365739259539195
0.23725569519297982
0.2379374644320401
0.2386192336711004
0.2393010029101607
0.23998277214922104
0.24066454138828133
0.24134631062734163
0.24202807986640193
0.24270984910546226
0.24339161834452255
0.24407338758358285
0.24475515682264315
0.24543692606170345
0.24611869530076377
0.24680046453982407
0.24748223377888437
0.24816400301794467
0.248845772257005
0.2495275414960653
0.2502093107351256
0.2508910799741859
0.2515728492132462
0.2522546184523065
0.2529363876913668
0.2536181569304271
0.25429992616948743
0.2549816954085477
0.25566346464760803
0.25634523388666836
0.2570270031257286
0.25770877236478895
0.2583905416038492
0.25907231084290955
0.2597540800819699
0.26043584932103014
0.26111761856009047
0.26179938779915074
0.26248115703821107
0.2631629262772714
0.26384469551633166
0.264526464755392
0.26520823399445226
0.2658900032335126
0.2665717724725729
0.2672535417116332
0.2679353109506935
0.26861708018975383
0.2692988494288141
0.26998061866787443
0.2706623879069347
0.271344157145995
0.27202592638505535
0.2727076956241156
0.27338946486317595
0.2740712341022362
0.27475300334129654
0.27543477258035687
0.27611654181941714
0.27679831105847746
0.2774800802975378
0.27816184953659806
0.2788436187756584
0.27952538801471866
0.280207157253779
0.2808889264928393
0.2815706957318996
0.2822524649709599
0.2829342342100202
0.2836160034490805
0.2842977726881408
0.2849795419272011
0.2856613111662614
0.2863430804053217
0.287024849644382
0.28770661888344234
0.2883883881225026
0.28907015736156294
0.28975192660062327
0.29043369583968354
0.29111546507874386
0.29179723431780413
0.29247900355686446
0.2931607727959248
0.29384254203498505
0.2945243112740454
0.29520608051310565
0.295887849752166
0.2965696189912263
0.2972513882302866
0.2979331574693469
0.2986149267084072
0.2992966959474675
0.2999784651865278
0.3006602344255881
0.3013420036646484
0.30202377290370874
0.302705542142769
0.30338731138182934
0.3040690806208896
0.30475084985994993
0.30543261909901026
0.30611438833807053
0.30679615757713086
0.3074779268161911
0.30815969605525145
0.3088414652943118
0.30952323453337205
0.3102050037724324
0.3108867730114927
0.31156854225055297
0.3122503114896133
0.31293208072867357
0.3136138499677339
0.3142956192067942
0.3149773884458545
0.3156591576849148
0.3163409269239751
0.3170226961630354
0.31770446540209574
0.318386234641156
0.31906800388021633
0.31974977311927666
0.32043154235833693
0.32111331159739726
0.3217950808364575
0.32247685007551785
0.3231586193145782
0.32384038855363845
0.3245221577926988
0.32520392703175904
0.32588569627081937
0.3265674655098797
0.32724923474893997
0.3279310039880003
0.32861277322706056
0.3292945424661209
0.3299763117051812
0.3306580809442415
0.3313398501833018
0.33202161942236214
0.3327033886614224
0.33338515790048273
0.334066927139543
0.3347486963786033
0.33543046561766365
0.3361122348567239
0.33679400409578425
0.3374757733348445
0.33815754257390485
0.33883931181296517
0.33952108105202544
0.34020285029108577
0.3408846195301461
0.34156638876920636
0.3422481580082667
0.34292992724732696
0.3436116964863873
0.3442934657254476
0.3449752349645079
0.3456570042035682
0.3463387734426285
0.3470205426816888
0.34770231192074913
0.3483840811598094
0.3490658503988697
0.34974761963793
0.3504293888769903
0.35111115811605065
0.3517929273551109
0.35247469659417124
0.35315646583323157
0.35383823507229184
0.35452000431135217
0.35520177355041244
0.35588354278947276
0.3565653120285331
0.35724708126759336
0.3579288505066537
0.35861061974571395
0.3592923889847743
0.3599741582238346
0.3606559274628949
0.3613376967019552
0.36201946594101553
0.3627012351800758
0.3633830044191361
0.3640647736581964
0.3647465428972567
0.36542831213631705
0.3661100813753773
0.36679185061443764
0.3674736198534979
0.36815538909255824
0.36883715833161856
0.36951892757067883
0.37020069680973916
0.37088246604879943
0.37156423528785976
0.3722460045269201
0.37292777376598035
0.3736095430050407
0.374291312244101
0.3749730814831613
0.3756548507222216
0.37633661996128187
0.3770183892003422
0.3777001584394025
0.3783819276784628
0.3790636969175231
0.3797454661565834
0.3804272353956437
0.38110900463470404
0.3817907738737643
0.38247254311282464
0.38315431235188496
0.38383608159094523
0.38451785083000556
0.38519962006906583
0.38588138930812615
0.3865631585471865
0.38724492778624675
0.3879266970253071
0.38860846626436735
0.3892902355034277
0.389972004742488
0.39065377398154827
0.3913355432206086
0.39201731245966887
0.3926990816987292
0.3933808509377895
0.3940626201768498
0.3947443894159101
0.39542615865497044
0.3961079278940307
0.39678969713309103
0.3974714663721513
0.39815323561121163
0.39883500485027196
0.3995167740893322
0.40019854332839255
0.4008803125674528
0.40156208180651315
0.4022438510455735
0.40292562028463375
0.40360738952369407
0.4042891587627544
0.40497092800181467
0.405652697240875
0.40633446647993526
0.4070162357189956
0.4076980049580559
0.4083797741971162
0.4090615434361765
0.4097433126752368
0.4104250819142971
0.41110685115335743
0.4117886203924177
0.41247038963147803
0.4131521588705383
0.4138339281095986
0.41451569734865895
0.4151974665877192
0.41587923582677955
0.4165610050658399
0.41724277430490014
0.41792454354396047
0.41860631278302074
0.41928808202208107
0.4199698512611414
0.42065162050020166
0.421333389739262
0.42201515897832226
0.4226969282173826
0.4233786974564429
0.4240604666955032
0.4247422359345635
0.42542400517362383
0.4261057744126841
0.4267875436517444
0.4274693128908047
0.428151082129865
0.42883285136892535
0.4295146206079856
0.43019638984704595
0.4308781590861062
0.43155992832516654
0.43224169756422687
0.43292346680328714
0.43360523604234746
0.43428700528140773
0.43496877452046806
0.4356505437595284
0.43633231299858866
0.437014082237649
0.4376958514767093
0.4383776207157696
0.4390593899548299
0.4397411591938902
0.4404229284329505
0.4411046976720108
0.4417864669110711
0.4424682361501314
0.4431500053891917
0.443831774628252
0.44451354386731234
0.4451953131063726
0.44587708234543294
0.44655885158449327
0.44724062082355354
0.44792239006261386
0.44860415930167413
0.44928592854073446
0.4499676977797948
0.45064946701885505
0.4513312362579154
0.45201300549697565
0.452694774736036
0.4533765439750963
0.4540583132141566
0.4547400824532169
0.45542185169227717
0.4561036209313375
0.4567853901703978
0.4574671594094581
0.4581489286485184
0.45883069788757874
0.459512467126639
0.46019423636569934
0.4608760056047596
0.46155777484381993
0.46223954408288026
0.46292131332194053
0.46360308256100086
0.4642848518000611
0.46496662103912145
0.4656483902781818
0.46633015951724205
0.4670119287563024
0.4676936979953627
0.46837546723442297
0.4690572364734833
0.46973900571254357
0.4704207749516039
0.4711025441906642
0.4717843134297245
0.4724660826687848
0.4731478519078451
0.4738296211469054
0.47451139038596574
0.475193159625026
0.47587492886408633
0.4765566981031466
0.47723846734220693
0.47792023658126725
0.4786020058203275
0.47928377505938785
0.4799655442984482
0.48064731353750845
0.4813290827765688
0.48201085201562904
0.48269262125468937
0.4833743904937497
0.48405615973280997
0.4847379289718703
0.48541969821093056
0.4861014674499909
0.4867832366890512
0.4874650059281115
0.4881467751671718
0.48882854440623213
0.4895103136452924
0.49019208288435273
0.4908738521234052
0.4908738521234052
0.4908738521234052
0.4908738521234052
0.4908738521234052
0.4908738521234052
0.4908738521234052
0.4908738521234052
0.4908738521234052
0.4908738521234052
0.4908738521234052
0.4908738521234052
0.4908738521234052
0.4908738521234052
0.4908738521234052
0.4908738521234052
0.4908738521234052
0.4908738521234052
0.4908738521234052
0.4908738521234052
0.4908738521234052
0.4908738521234052
0.4908738521234052
0.4908738521234052
0.4908738521234052
0.4908738521234052
0.4908738521234052
0.4908738521234052
0.4908738521234052
0.4908738521234052
0.4908738521234052
0.4908738521234052
0.4908738521234052
0.4908738521234052
0.4908738521234052
0.4908738521234052
0.4908738521234052
0.4908738521234052
0.4908738521234052
0.4908738521234052
0.4908738521234052
0.4908738521234052
0.4908738521234052
0.4908738521234052
0.4908738521234052
0.4908738521234052
0.4908738521234052
0.4908738521234052
0.4908738521234052
0.4908738521234052
0.4908738521234052
0.4908738521234052
0.4908738521234052
0.4908738521234052
0.4908738521234052
0.4908738521234052
0.4908738521234052
0.4908738521234052
0.4908738521234052
0.4908738521234052
0.4908738521234052
0.4908738521234052
0.4908738521234052
0.4908738521234052
0.4908738521234052
0.4908738521234052
0.4908738521234052
0.4908738521234052
0.4908738521234052
0.4908738521234052
0.4908738521234052
0.4908738521234052
0.4908738521234052
0.4908738521234052
0.4908738521234052
0.4908738521234052
0.4908738521234052
0.4908738521234052
0.4908738521234052
0.4908738521234052
0.4908738521234052
0.4908738521234052
0.4908738521234052
0.4908738521234052
0.4908738521234052
0.4908738521234052
0.4908738521234052
0.4908738521234052
0.4908738521234052
0.4908738521234052
0.4908738521234052
0.4908738521234052
0.4908738521234052
0.4908738521234052
0.4908738521234052
0.4908738521234052
0.4908738521234052
0.4908738521234052
0.4908738521234052
0.4908738521234052
0.4908738521234052
0.4908738521234052
0.4908738521234052
0.4908738521234052
0.4908738521234052
0.4908738521234052
0.4908738521234052
0.4908738521234052
0.4908738521234052
0.4908738521234052
0.4908738521234052
0.4908738521234052
0.4908738521234052
0.4908738521234052
0.4908738521234052
0.4908738521234052
0.4908738521234052
0.4908738521234052
0.4908738521234052
0.4908738521234052
0.4908738521234052
0.4908738521234052
0.4908738521234052
0.4908738521234052
0.4908738521234052
0.4908738521234052
0.4908738521234052
0.4908738521234052
0.4908738521234052
0.4908738521234052
0.4908738521234052
0.4908738521234052
0.4908738521234052
0.4908738521234052
0.4908738521234052
0.4908738521234052
0.4908738521234052
0.4908738521234052
0.4908738521234052
0.4908738521234052
0.4908738521234052
0.4908738521234052
0.4908738521234052
0.4908738521234052
0.4908738521234052
0.4908738521234052
0.4908738521234052
0.4908738521234052
0.4908738521234052
0.4908738521234052
0.4908738521234052
0.4908738521234052
0.4908738521234052
0.4908738521234052
0.4908738521234052
0.4908738521234052
0.4908738521234052
0.4908738521234052
0.4908738521234052
0.4908738521234052
0.4908738521234052
0.4908738521234052
0.4908738521234052
0.4908738521234052
0.4908738521234052
0.4908738521234052
0.4908738521234052
0.4908738521234052
0.4908738521234052
0.4908738521234052
0.4908738521234052
0.4908738521234052
0.4908738521234052
0.4908738521234052
0.4908738521234052
0.4908738521234052
0.4908738521234052
0.4908738521234052
0.4908738521234052
0.4908738521234052
0.4908738521234052
0.4908738521234052
0.4908738521234052
0.4908738521234052
0.4908738521234052
0.4908738521234052
0.4908738521234052
0.4908738521234052
0.4908738521234052
0.4908738521234052
0.4908738521234052
0.4908738521234052
0.4908738521234052
0.4908738521234052
0.4908738521234052
0.4908738521234052
0.4908738521234052
0.4908738521234052
0.4908738521234052
0.4908738521234052
0.4908738521234052
0.4908738521234052
0.4908738521234052
0.4908738521234052
0.4908738521234052
0.4908738521234052
0.4908738521234052
0.4908738521234052
0.4908738521234052
0.4908738521234052
0.4908738521234052
0.4908738521234052
0.4908738521234052
0.4908738521234052
0.4908738521234052
0.4908738521234052
0.4908738521234052
0.4908738521234052
0.4908738521234052
0.4908738521234052
0.4908738521234052
0.4908738521234052
0.4908738521234052
0.4908738521234052
0.4908738521234052
0.4908738521234052
0.4908738521234052
0.4908738521234052
0.4908738521234052
0.4908738521234052
0.4908738521234052
0.4908738521234052
0.4908738521234052
0.4908738521234052
0.4908738521234052
0.4908738521234052
0.4908738521234052
0.4908738521234052
0.4908738521234052
0.4908738521234052
0.4908738521234052
0.4908738521234052
0.4908738521234052
0.4908738521234052
0.4908738521234052
0.4908738521234052
0.4908738521234052
0.4908738521234052
0.4908738521234052
0.4908738521234052
0.4908738521234052
0.4908738521234052
0.4908738521234052
0.4908738521234052
0.4908738521234052
0.4908738521234052
0.4908738521234052
0.4908738521234052
0.4908738521234052
0.4908738521234052
0.4908738521234052
0.4908738521234052
0.4908738521234052
0.4908738521234052
0.4908738521234052
0.4908738521234052
0.4908738521234052
0.4908738521234052
0.4908738521234052
0.4908738521234052
0.4908738521234052
0.4908738521234052
0.4908738521234052
0.4908738521234052
0.4908738521234052
0.4908738521234052
0.4908738521234052
0.4908738521234052
0.4908738521234052
0.4908738521234052
0.4908738521234052
0.4908738521234052
0.4908738521234052
0.4908738521234052
0.4908738521234052
0.4908738521234052
0.4908738521234052
0.4908738521234052
0.4908738521234052
0.4908738521234052
0.4908738521234052
0.4908738521234052
0.4908738521234052
0.4908738521234052
0.4908738521234052
0.4908738521234052
0.4908738521234052
0.4908738521234052
0.4908738521234052
0.4908738521234052
0.4908738521234052
0.4908738521234052
0.4908738521234052
0.4908738521234052
0.4908738521234052
0.4908738521234052
0.4908738521234052
0.4908738521234052
0.4908738521234052
0.4908738521234052
0.4908738521234052
0.4908738521234052
0.4908738521234052
0.4908738521234052
0.4908738521234052
0.4908738521234052
0.4908738521234052
0.4908738521234052
0.4908738521234052
0.4908738521234052
0.4908738521234052
0.4908738521234052
0.4908738521234052
0.4908738521234052
0.4908738521234052
0.4908738521234052
0.4908738521234052
0.4908738521234052
0.4908738521234052
0.4908738521234052
0.4908738521234052
0.4908738521234052
0.4908738521234052
0.4908738521234052
0.4908738521234052
0.4908738521234052
0.4908738521234052
0.4908738521234052
0.4908738521234052
0.4908738521234052
0.4908738521234052
0.4908738521234052
0.4908738521234052
0.4908738521234052
0.4908738521234052
0.4908738521234052
0.4908738521234052
0.4908738521234052
0.4908738521234052
0.4908738521234052
0.4908738521234052
0.4908738521234052
0.4908738521234052
0.4908738521234052
0.4908738521234052
0.4908738521234052
0.4908738521234052
0.4908738521234052
0.4908738521234052
0.4908738521234052
0.4908738521234052
