1.336533571558318184e-19
3.119545401330098783e-19
4.457526543647093155e-19
5.349993477324644460e-19
6.242937921165717046e-19
6.242937921165717046e-19
6.689884685147471366e-19
6.689884685147471366e-19
7.584719464103182345e-19
8.927673210091918768e-19
1.251074638437489684e-18
1.251074638437489684e-18
1.251074638437489684e-18
1.251074638437489684e-18
1.430597136989794416e-18
1.700017793230678090e-18
1.744943961381702217e-18
1.834841564450763928e-18
1.969755594700504754e-18
2.059743183404283014e-18
2.329840112748416577e-18
2.374878538327188870e-18
2.600181573114878913e-18
2.960843169627149864e-18
3.141261985351156958e-18
3.321768467698838657e-18
3.502362267923030200e-18
3.592702653639957841e-18
3.592702653639957841e-18
3.818769756254146829e-18
3.909239569063018829e-18
4.090264799697752832e-18
4.361930548410052218e-18
4.679022556372867821e-18
4.860302590915709136e-18
6.012267399181557597e-18
6.086147495136516358e-18
8.364666123250584270e-18
8.364666123250584270e-18
8.530402236596675190e-18
9.717471854787617687e-18
9.923865549601915023e-18
1.080845029085115652e-17
1.123469609286390423e-17
1.134085755558644371e-17
1.184973612734244359e-17
1.193368650389253664e-17
1.199900215560303508e-17
1.248482260823933421e-17
1.248482260823933421e-17
1.373927840312295301e-17
1.425182745098372203e-17
1.425841548501792180e-17
1.425841548501792180e-17
1.427733255417326682e-17
1.544473218503352732e-17
1.602937314818282918e-17
1.704553034057223918e-17
1.704553034057223918e-17
1.712148096150937581e-17
1.889347388716537212e-17
1.933515451177253186e-17
1.962643973085609540e-17
1.963660412622314700e-17
1.963660412622314700e-17
2.044928518172769029e-17
2.044928518172769029e-17
2.044928518172769029e-17
2.044928518172769029e-17
2.069868932730812385e-17
2.213864533764043443e-17
2.254108010235814286e-17
2.265072381164161687e-17
2.419100616883760415e-17
2.442158736003460847e-17
2.471061382459215952e-17
2.481837523843729029e-17
2.527257312770942991e-17
2.527257312770942991e-17
2.527257312770942991e-17
2.534607676457671941e-17
2.534607676457671941e-17
2.544273263533562542e-17
2.573335905101576621e-17
2.655883971550103978e-17
2.655883971550103978e-17
2.655883971550103978e-17
2.674396347186206229e-17
2.808349902055877731e-17
2.817319039819581737e-17
2.848471029324156834e-17
2.917043052142988236e-17
2.944806909858546132e-17
3.084379116611671673e-17
3.142410284975782823e-17
3.142410284975782823e-17
3.188978274120386187e-17
3.234238067935341174e-17
3.392040306008817327e-17
3.457487718399999394e-17
3.496799458629790508e-17
3.501505197225647663e-17
3.508686154322926061e-17
3.599393971496670050e-17
3.614358220231495817e-17
3.637943382073932293e-17
3.668436568175087105e-17
3.678497437293030124e-17
4.026571509751397482e-17
4.026571509751397482e-17
4.180326812632436149e-17
4.180326812632436149e-17
4.184100814986313574e-17
4.184100814986313574e-17
4.184100814986313574e-17
4.310694594692064548e-17
4.310694594692064548e-17
4.646467866460860780e-17
4.646467866460860780e-17
4.838941986508613166e-17
4.860936608705649626e-17
5.007699184033244526e-17
5.011162607639795580e-17
5.011162607639795580e-17
5.011162607639795580e-17
5.087376749938299456e-17
5.087376749938299456e-17
5.087376749938299456e-17
5.087376749938299456e-17
5.087376749938299456e-17
5.257931539606548618e-17
5.367895239114539957e-17
5.367895239114539957e-17
5.367895239114539957e-17
5.367895239114539957e-17
5.465482846115426933e-17
5.552416660935292880e-17
5.570966682480162058e-17
5.570966682480162058e-17
5.570966682480162058e-17
5.742335564925494999e-17
5.742335564925494999e-17
5.756810416846351957e-17
5.928720459230208616e-17
5.935684952352077034e-17
5.982417642347534853e-17
6.055991865293762415e-17
6.078273537545146919e-17
6.093788357695688597e-17
6.093788357695688597e-17
6.093788357695688597e-17
6.145584422420289063e-17
6.161099242570830742e-17
6.161099242570830742e-17
6.210189507602813851e-17
6.412889197619364328e-17
6.426389961650878841e-17
6.426389961650878841e-17
6.483174109287088101e-17
6.483174109287088101e-17
6.533671390159232384e-17
6.533671390159232384e-17
6.533671390159232384e-17
6.758445699928948961e-17
6.758445699928948961e-17
6.767603067236486982e-17
6.810477051583342562e-17
6.893745096037036690e-17
7.056130723502877643e-17
7.135911815657041157e-17
7.320240302195364894e-17
7.437479073572551638e-17
7.437479073572551638e-17
7.437479073572551638e-17
7.454650313708834375e-17
7.454650313708834375e-17
7.464377075386470846e-17
7.500818315072788916e-17
7.500818315072788916e-17
7.523928197317043332e-17
7.567700977735707505e-17
7.812578202786925733e-17
8.209620191073782612e-17
8.223539765840327870e-17
8.228537260229128242e-17
8.349168869133928593e-17
8.397341515139718722e-17
8.397341515139718722e-17
8.775772307279960554e-17
9.117225405533957003e-17
9.168819123498935471e-17
9.168819123498935471e-17
9.466250037188686630e-17
9.556087292722196758e-17
9.716670622305824120e-17
9.906580114818834661e-17
9.906580114818834661e-17
9.957778550741760712e-17
1.032470381201513204e-16
1.033317414148767504e-16
1.044948588236147846e-16
1.044948588236147846e-16
1.053345037612735919e-16
1.055088984336360620e-16
1.068888562768711970e-16
1.072054113122145098e-16
1.078492504668996938e-16
1.089009359856878234e-16
1.089009359856878234e-16
1.106174011959126990e-16
1.114253294554354341e-16
1.114253294554354341e-16
1.141790806243451285e-16
1.149136464191584385e-16
1.150179726438285849e-16
1.150491246333331625e-16
1.155075106299556064e-16
1.155075106299556064e-16
1.174474043087117858e-16
1.190774721583167227e-16
1.192528550357843269e-16
1.218074122899313687e-16
1.218457640594876078e-16
1.231561710862759745e-16
1.244717544255197704e-16
1.255199106403610030e-16
1.272329877187968614e-16
1.272329877187968614e-16
1.286650380882881236e-16
1.293895336025063100e-16
1.294854836124758416e-16
1.319305383294973076e-16
1.321599430860453555e-16
1.323962182209433413e-16
1.335797585351873944e-16
1.335797585351873944e-16
1.335797585351873944e-16
1.335797585351873944e-16
1.335797585351873944e-16
1.335797585351873944e-16
1.339611115909956611e-16
1.341997395951915782e-16
1.345235414679725166e-16
1.352069558842488694e-16
1.353997029371351868e-16
1.353997029371351868e-16
1.354460544623043777e-16
1.360393539844700511e-16
1.372015302454889152e-16
1.373502786425039730e-16
1.373502786425039730e-16
1.410623064190740161e-16
1.417618615187341401e-16
1.417618615187341401e-16
1.417873666219236972e-16
1.452304143803545606e-16
1.474492171856872003e-16
1.478659573957363161e-16
1.478659573957363161e-16
1.491184838377956307e-16
1.498078745420887031e-16
1.498078745420887031e-16
1.498078745420887031e-16
1.498951189356558960e-16
1.498951189356558960e-16
1.510295313389591998e-16
1.519386329782928596e-16
1.543742762181226003e-16
1.543742762181226003e-16
1.547009485914470005e-16
1.550489850179965899e-16
1.593395362975413201e-16
1.598003222208476595e-16
1.598003222208476595e-16
1.603922570788205480e-16
1.603922570788205480e-16
1.605865570254434818e-16
1.610017913991419205e-16
1.612162319069551260e-16
1.612459721748809546e-16
1.612459721748809546e-16
1.614142964444547648e-16
1.616146197364804068e-16
1.616146197364804068e-16
1.620864876741799982e-16
1.622913990613365928e-16
1.622913990613365928e-16
1.623321272288837453e-16
1.625030396546852824e-16
1.625030396546852824e-16
1.627091274764908550e-16
1.636430754156106492e-16
1.640463101558896602e-16
1.645335893874906785e-16
1.645635178849603387e-16
1.645752351740640314e-16
1.645752351740640314e-16
1.645752351740640314e-16
1.648805199654702606e-16
1.670511360075813333e-16
1.681795250654819289e-16
1.698709557463768385e-16
1.710360966227110927e-16
1.715470927768352314e-16
1.715470927768352314e-16
1.715470927768352314e-16
1.726607058155448407e-16
1.740513692140855524e-16
1.740513692140855524e-16
1.740513692140855524e-16
1.740513692140855524e-16
1.751383007149566513e-16
1.777040105695758910e-16
1.798818499204315827e-16
1.813866510086148113e-16
1.813866510086148113e-16
1.816949239440294126e-16
1.821781327117450089e-16
1.836406762673374259e-16
1.837429084383324186e-16
1.854981724632801425e-16
1.866243968814266629e-16
1.872197198711885685e-16
1.899653301123274190e-16
1.951735945328362443e-16
1.954599387263941619e-16
1.982767938498743017e-16
1.982767938498743017e-16
1.982767938498743017e-16
1.982767938498743017e-16
1.983793789512640002e-16
1.995063562875858468e-16
1.995063562875858468e-16
2.015591876926426077e-16
2.016516554560511939e-16
2.016648785815055637e-16
2.017716988476315336e-16
2.020510785480675852e-16
2.056129932634297857e-16
2.078287843960610713e-16
2.078287843960610713e-16
2.080488247328033578e-16
2.080488247328033578e-16
2.092517526900623318e-16
2.095979538785595451e-16
2.095979538785595451e-16
2.102459340832090848e-16
2.109869937972846695e-16
2.111981873454667500e-16
2.111981873454667500e-16
2.111981873454667500e-16
2.111981873454667500e-16
2.148614871988767134e-16
2.148614871988767134e-16
2.161910465817502053e-16
2.200531638908351338e-16
2.210131110356970337e-16
2.221296651610290757e-16
2.221296651610290757e-16
2.239826673766127432e-16
2.242598353799087556e-16
2.242598353799087556e-16
2.269246245606637418e-16
2.269246245606637418e-16
2.306389816778387343e-16
2.306389816778387343e-16
2.312598332994831791e-16
2.345979666159194193e-16
2.396150839346645324e-16
2.399742964903792772e-16
2.401632083663099435e-16
2.407872363615065919e-16
2.407872363615065919e-16
2.409454432930992899e-16
2.409454432930992899e-16
2.409454432930992899e-16
2.423797524171165554e-16
2.438848829070014830e-16
2.438848829070014830e-16
2.438848829070014830e-16
2.443815736157942021e-16
2.475135720530389057e-16
2.483860865747897564e-16
2.487711571640887640e-16
2.487711571640887640e-16
2.498578063206441033e-16
2.543256933591737240e-16
2.543256933591737240e-16
2.550457066573793646e-16
2.552679822199546971e-16
2.555966192391428869e-16
2.556941339071955382e-16
2.561199561927346804e-16
2.561199561927346804e-16
2.561199561927346804e-16
2.577079547392926373e-16
2.618443460224370849e-16
2.619925297308206234e-16
2.655200454970471212e-16
2.657598499358920163e-16
2.657598499358920163e-16
2.668292760891865345e-16
2.720717041719012915e-16
2.729007611977193953e-16
2.729007611977193953e-16
2.738726844473077409e-16
2.767061508280312677e-16
2.779055024239573929e-16
2.796869068268051146e-16
2.796869068268051146e-16
2.881459425267180771e-16
2.882579861626854157e-16
2.882579861626854157e-16
2.882579861626854157e-16
2.882579861626854157e-16
2.882579861626854157e-16
2.882579861626854157e-16
2.882579861626854157e-16
2.889850933618243111e-16
2.890970664117127283e-16
2.926548400771105607e-16
2.945870869306484693e-16
2.945870869306484693e-16
2.945870869306484693e-16
2.972443234009571375e-16
2.977199088721474698e-16
3.004885066463270719e-16
3.011822501588213012e-16
3.014198193718331751e-16
3.062369310359078665e-16
3.094628795442188267e-16
3.099116893627987204e-16
3.116867645472349923e-16
3.116867645472349923e-16
3.116867645472349923e-16
3.116867645472349923e-16
3.116867645472349923e-16
3.116867645472349923e-16
3.126751343532158753e-16
3.157443817662847899e-16
3.169239692601083313e-16
3.200414622581313050e-16
3.254071101059785559e-16
3.317930914892190611e-16
3.317930914892190611e-16
3.374138491906942273e-16
3.382475060759897870e-16
3.404898140456087336e-16
3.441493022507560527e-16
3.441493022507560527e-16
3.452060817315741992e-16
3.452060817315741992e-16
3.452060817315741992e-16
3.455231896912025279e-16
3.469686984730779555e-16
3.492241942751117864e-16
3.520208853087086726e-16
3.520208853087086726e-16
3.520208853087086726e-16
3.527889677266709948e-16
3.527889677266709948e-16
3.527889677266709948e-16
3.548494341925995231e-16
3.548494341925995231e-16
3.556872438922059542e-16
3.617154714986964030e-16
3.617154714986964030e-16
3.645175506029855566e-16
3.684007731496728965e-16
3.708252637890304391e-16
3.761015731896353680e-16
3.763313073478851396e-16
3.763313073478851396e-16
3.763313073478851396e-16
3.781010415190151080e-16
3.781010415190151080e-16
3.781010415190151080e-16
3.782427313081363471e-16
3.782427313081363471e-16
3.782427313081363471e-16
3.789711561140820880e-16
3.810641039406685428e-16
3.810641039406685428e-16
3.812245460980943112e-16
3.826761017540654044e-16
3.835492750792197026e-16
3.856047652265831119e-16
3.856047652265831119e-16
3.856047652265831119e-16
3.856047652265831119e-16
3.876105627743742525e-16
3.876105627743742525e-16
3.894180134403500439e-16
3.949857492321964162e-16
3.984734073925159979e-16
3.984734073925159979e-16
4.017070497834312175e-16
4.050195603532130152e-16
4.050195603532130152e-16
4.089926860357741964e-16
4.089926860357741964e-16
4.123749709445860671e-16
4.128216631807978250e-16
4.130313861856687138e-16
4.135267945806940727e-16
4.135267945806940727e-16
4.145904091468226963e-16
4.185216537558807537e-16
4.186844017252184648e-16
4.228619682210766741e-16
4.228619682210766741e-16
4.296074915617336231e-16
4.430351284154683832e-16
4.430351284154683832e-16
4.500728898872745445e-16
4.536086054030043290e-16
4.607414933805257495e-16
4.615603977753232805e-16
4.617285102866603017e-16
4.664665302492850735e-16
4.754524204423901615e-16
4.810395674059444120e-16
4.823429158248390093e-16
4.895408841671411681e-16
4.895408841671411681e-16
4.990305119125863151e-16
5.062262450290554527e-16
5.068624961802547964e-16
5.068624961802547964e-16
5.094065243442936514e-16
5.094065243442936514e-16
5.094065243442936514e-16
5.150369641029297994e-16
5.165242833722293800e-16
5.227298467377047192e-16
5.227298467377047192e-16
5.227298467377047192e-16
5.227298467377047192e-16
5.331263526609969589e-16
5.356538048608318631e-16
5.359250436334970954e-16
5.401084923026001700e-16
5.540691011097016920e-16
5.574982198818887988e-16
5.654184014551901341e-16
5.723631775323422279e-16
5.831465186969069545e-16
5.831465186969069545e-16
5.835343656719774960e-16
5.871685134747861568e-16
5.871685134747861568e-16
5.926441109049256666e-16
5.934991436077929681e-16
5.956534307369764381e-16
6.062172021386584448e-16
6.062172021386584448e-16
6.068735585580085995e-16
6.075526907521626922e-16
6.075526907521626922e-16
6.098034219938682670e-16
6.098034219938682670e-16
6.098034219938682670e-16
6.098034219938682670e-16
6.201851283692765138e-16
6.273960845501032715e-16
6.282488820271374531e-16
6.282488820271374531e-16
6.459228597463088704e-16
6.459228597463088704e-16
6.459228597463088704e-16
6.459228597463088704e-16
6.484750170737719920e-16
6.491145975350279595e-16
6.532194250765407058e-16
6.591739490522735517e-16
6.591739490522735517e-16
6.591739490522735517e-16
6.608992139936727186e-16
6.608992139936727186e-16
6.719552644742137953e-16
6.894711646696038788e-16
6.911157379584305950e-16
6.919266073045756887e-16
7.004282887605135799e-16
7.004282887605135799e-16
7.083227770010815019e-16
7.286081749431576945e-16
7.291943217426576703e-16
7.299456282025257560e-16
7.303785326246516742e-16
7.303785326246516742e-16
7.472439703382829471e-16
7.675362857160950169e-16
7.675362857160950169e-16
7.693361660251047231e-16
7.693361660251047231e-16
7.724403182542084416e-16
7.753908928220631147e-16
7.753908928220631147e-16
7.796668269010945183e-16
7.796668269010945183e-16
7.952306455547651385e-16
7.972042382040409470e-16
8.100125175081354854e-16
8.151028914124715674e-16
8.210254693053118095e-16
8.216539265769617757e-16
8.448566942189255362e-16
8.495178694702800362e-16
8.551117456400264064e-16
8.657702788526824879e-16
8.657702788526824879e-16
8.657702788526824879e-16
8.657702788526824879e-16
8.657702788526824879e-16
8.738523848910672375e-16
8.738523848910672375e-16
8.881208431171097829e-16
9.018633409402934211e-16
9.199485766840497586e-16
9.199485766840497586e-16
9.235807010192621132e-16
9.314076383822866034e-16
9.314076383822866034e-16
9.314759892353914734e-16
9.342825152626536135e-16
9.647284086909201263e-16
9.647284086909201263e-16
9.667097834553988336e-16
9.667097834553988336e-16
9.667097834553988336e-16
9.677590925761960129e-16
9.954606463127445074e-16
9.981196944924125698e-16
1.003641525804256311e-15
1.011703891269231385e-15
1.012289426322713877e-15
1.017160971617996087e-15
1.017160971617996087e-15
1.030081729838878168e-15
1.030081729838878168e-15
1.036366090797141213e-15
1.038155189082593194e-15
1.038155189082593194e-15
1.039390480757045185e-15
1.039795527206683639e-15
1.039795527206683639e-15
1.039795527206683639e-15
1.047070263792003909e-15
1.071547992484782868e-15
1.078990741584495041e-15
1.095289937772886814e-15
1.108853158719914705e-15
1.110728583779907555e-15
1.110728583779907555e-15
1.118010226036617223e-15
1.123448906947472102e-15
1.123448906947472102e-15
1.124261088018250900e-15
1.125368895351967830e-15
1.125508632259571832e-15
1.127305100908099465e-15
1.127305100908099465e-15
1.127305100908099465e-15
1.129039877323635475e-15
1.135625758482427897e-15
1.136708678341145942e-15
1.149143739635029843e-15
1.158434832269115687e-15
1.186999753748019373e-15
1.224064980254321563e-15
1.230941564297046397e-15
1.233890238922942938e-15
1.233890238922942938e-15
1.257897640807412369e-15
1.267344905141148224e-15
1.287650937746967261e-15
1.308118271307505751e-15
1.321609617979655102e-15
1.322519313718486552e-15
1.362052635414410163e-15
1.377507139760498966e-15
1.377507139760498966e-15
1.377743744297098601e-15
1.382802601517188995e-15
1.410987622837075839e-15
1.419040741525710185e-15
1.420187153562432965e-15
1.447781698803311732e-15
1.458792185969898553e-15
1.458792185969898553e-15
1.462516872183291397e-15
1.464751674499850039e-15
1.464751674499850039e-15
1.481866516359061789e-15
1.482781711929877103e-15
1.482781711929877103e-15
1.482781711929877103e-15
1.502333326406181533e-15
1.511269947516188029e-15
1.511501799256805936e-15
1.511501799256805936e-15
1.553781848806785007e-15
1.567241202338655840e-15
1.578561303576157064e-15
1.582598003787148332e-15
1.584653517463204748e-15
1.588622784440117271e-15
1.588622784440117271e-15
1.598748286877674049e-15
1.598748286877674049e-15
1.610436094529055470e-15
1.610436094529055470e-15
1.610436094529055470e-15
1.632323131777444328e-15
1.636128509643409721e-15
1.660543693188076318e-15
1.660543693188076318e-15
1.676065336659581600e-15
1.679470832624017515e-15
1.679470832624017515e-15
1.707209755807190317e-15
1.707209755807190317e-15
1.737534376469668234e-15
1.737534376469668234e-15
1.755234265161983069e-15
1.765485563756553688e-15
1.789761957423508654e-15
1.798971299613837880e-15
1.798971299613837880e-15
1.811641189028001656e-15
1.822343667956969843e-15
1.826303723450581173e-15
1.826303723450581173e-15
1.849814240514540839e-15
1.849814240514540839e-15
1.849814240514540839e-15
1.885992841165478076e-15
1.893498423639791586e-15
1.894649494357724266e-15
1.909489593944044860e-15
1.913734670142233973e-15
1.915343809219433753e-15
1.951496893002834955e-15
1.961674358558836508e-15
1.961674358558836508e-15
1.975052049879549659e-15
1.975052049879549659e-15
1.975052049879549659e-15
1.975052049879549659e-15
2.001129194417154839e-15
2.001129194417154839e-15
2.001129194417154839e-15
2.027425332264664593e-15
2.057856955540639147e-15
2.072165577245597399e-15
2.089729817140713470e-15
2.101483199259428227e-15
2.109247009139189314e-15
2.110498823838286052e-15
2.153725726815484067e-15
2.153725726815484067e-15
2.153725726815484067e-15
2.154600182454405725e-15
2.154600182454405725e-15
2.197392969281789334e-15
2.207495072434178409e-15
2.207611627697024416e-15
2.207611627697024416e-15
2.217541430230725917e-15
2.220412271940246891e-15
2.220412271940246891e-15
2.220412271940246891e-15
2.220412271940246891e-15
2.220412271940246891e-15
2.227768917788001389e-15
2.227768917788001389e-15
2.246841052794427590e-15
2.262243282266889685e-15
2.274063662338862784e-15
2.274063662338862784e-15
2.276471959355277525e-15
2.276471959355277525e-15
2.278231476191481386e-15
2.313360908893779188e-15
2.320809116650262402e-15
2.353337517047605773e-15
2.353337517047605773e-15
2.365448294130502641e-15
2.365448294130502641e-15
2.366435746317457497e-15
2.376306444774395249e-15
2.413305849762087953e-15
2.413305849762087953e-15
2.417377778308642237e-15
2.417377778308642237e-15
2.435028309685259839e-15
2.502164541072416157e-15
2.504730397981366380e-15
2.504730397981366380e-15
2.504730397981366380e-15
2.504730397981366380e-15
2.504730397981366380e-15
2.511035381839025594e-15
2.527243098469113903e-15
2.538475508267881350e-15
2.538475508267881350e-15
2.538475508267881350e-15
2.538475508267881350e-15
2.558779664460435114e-15
2.558779664460435114e-15
2.612831713207448868e-15
2.680684857987510832e-15
2.725543799342350936e-15
2.726513493248279500e-15
2.732252606157613638e-15
2.732252606157613638e-15
2.732252606157613638e-15
2.732252606157613638e-15
2.746289865564268583e-15
2.769779983251415076e-15
2.769779983251415076e-15
2.774014048021289884e-15
2.801152248379662108e-15
2.801152248379662108e-15
2.813717011593594126e-15
2.838142641877943657e-15
2.842748254120827354e-15
2.842748254120827354e-15
2.843646879609611808e-15
2.887608818955482502e-15
2.900024880829785476e-15
2.948831519232249365e-15
2.952061614672697859e-15
2.979606879066131555e-15
2.998074120786926490e-15
2.998074120786926490e-15
2.998074120786926490e-15
3.006760467189712495e-15
3.008891060925065703e-15
3.014568952175267958e-15
3.017277751776240633e-15
3.019429238990959711e-15
3.021424419216043927e-15
3.046374451127342410e-15
3.061206445078931991e-15
3.061206445078931991e-15
3.073140574617113711e-15
3.095450587179191305e-15
3.110108939376593754e-15
3.148205169680555524e-15
3.182972984018281521e-15
3.182972984018281521e-15
3.182972984018281521e-15
3.187896145383787039e-15
3.211904359008164387e-15
3.212897781600962649e-15
3.213048865220755846e-15
3.222996043694222637e-15
3.234708638823657626e-15
3.235885455813883020e-15
3.260443493817973527e-15
3.274446318982453112e-15
3.274446318982453112e-15
3.296902574135743239e-15
3.296902574135743239e-15
3.308072744659406967e-15
3.308072744659406967e-15
3.312004930416184158e-15
3.312004930416184158e-15
3.312004930416184158e-15
3.312004930416184158e-15
3.363049406336600753e-15
3.363049406336600753e-15
3.381570552293010926e-15
3.386472655478300072e-15
3.386472655478300072e-15
3.386556447036172467e-15
3.386556447036172467e-15
3.398954762393795726e-15
3.478373959721244792e-15
3.516809485542314007e-15
3.517398091090230493e-15
3.524700420950242308e-15
3.531237091847668728e-15
3.575458376211903560e-15
3.580758496649803685e-15
3.650618956578354020e-15
3.703093588808477010e-15
3.710624152872560838e-15
3.710822746805652240e-15
3.717646379524827103e-15
3.719174697541642772e-15
3.719174697541642772e-15
3.757498803237109103e-15
3.762265381150837166e-15
3.820656097354538345e-15
3.846410757626169210e-15
3.866394611839022576e-15
3.888060791128587966e-15
3.892822892708476895e-15
3.924249356181001230e-15
3.924249356181001230e-15
3.924249356181001230e-15
3.924249356181001230e-15
3.924249356181001230e-15
3.924249356181001230e-15
4.025938573174636173e-15
4.051370302135126336e-15
4.069665837336731905e-15
4.154547361911480294e-15
4.195060759549109821e-15
4.195744915119214750e-15
4.208456491495164751e-15
4.208456491495164751e-15
4.249811869293231101e-15
4.268605006940481734e-15
4.319896481197621499e-15
4.319896481197621499e-15
4.329380420881538728e-15
4.329380420881538728e-15
4.364483524976392972e-15
4.367466675019677106e-15
4.374917782687570323e-15
4.418255076410053597e-15
4.418255076410053597e-15
4.453774814835838550e-15
4.461942865307503069e-15
4.461942865307503069e-15
4.461942865307503069e-15
4.474950291468974001e-15
4.474950291468974001e-15
4.497501755478404590e-15
4.497501755478404590e-15
4.505295070339161440e-15
4.528733001385279964e-15
4.574719449472033948e-15
4.574719449472033948e-15
4.615750866578641577e-15
4.630762449161568541e-15
4.640327115791098051e-15
4.649658130734996937e-15
4.649658130734996937e-15
4.727302529340152226e-15
4.730610245938739472e-15
4.730610245938739472e-15
4.737436213880692967e-15
4.754393925246015361e-15
4.824814185720101853e-15
4.848871733131483475e-15
4.924054045186986929e-15
4.945310939921091540e-15
4.947391188135642321e-15
4.947391188135642321e-15
4.957964885704674964e-15
4.973102085038331452e-15
5.049338182548471612e-15
5.139118375119334215e-15
5.139118375119334215e-15
5.190963700103773438e-15
5.214837120787159210e-15
5.300080366664511365e-15
5.300080366664511365e-15
5.300080366664511365e-15
5.346254117852813403e-15
5.353277320945838483e-15
5.374054633272032315e-15
5.431210563668180383e-15
5.503132592970142831e-15
5.534652018308628326e-15
5.534652018308628326e-15
5.543040664982406940e-15
5.589855717167638760e-15
5.605326773949238556e-15
5.605326773949238556e-15
5.630238812903548474e-15
5.711542637951031650e-15
5.734505821735647164e-15
5.774186221291384183e-15
5.829045207151728955e-15
5.831554718723166902e-15
5.875000165024016262e-15
5.900226547316530144e-15
5.938994777679586770e-15
5.938994777679586770e-15
5.947920490299310919e-15
5.957668066046974602e-15
5.957668066046974602e-15
5.965114562091043442e-15
5.965114562091043442e-15
6.001973453724263761e-15
6.004670430157014608e-15
6.004670430157014608e-15
6.017359889561563379e-15
6.046486332121677727e-15
6.060897356580654814e-15
6.096265317290203638e-15
6.120191198135672736e-15
6.130801291651657713e-15
6.137878219574014896e-15
6.137878219574014896e-15
6.154338431431723397e-15
6.163598186787847278e-15
6.187238785172029418e-15
6.213780436107517805e-15
6.223075084515330406e-15
6.223818685328247852e-15
6.304388356333044940e-15
6.329855357745397588e-15
6.352216906968359686e-15
6.384585929881634399e-15
6.468415774819767639e-15
6.509015834515813121e-15
6.574533874161145878e-15
6.674576059117537988e-15
6.707599862027733429e-15
6.732360670307919512e-15
6.821814946364719314e-15
6.852034670231722549e-15
6.908028462600977587e-15
6.917104202990397707e-15
6.917104202990397707e-15
6.949764611119701582e-15
7.015667800763672053e-15
7.041269389240952753e-15
7.041269389240952753e-15
7.045094981195274304e-15
7.095783485637433992e-15
7.109848844185679756e-15
7.148178755586138200e-15
7.234511306421266092e-15
7.256794502155519931e-15
7.274064933379229666e-15
7.302096371155694570e-15
7.330699012070530280e-15
7.330699012070530280e-15
7.360792769197495486e-15
7.380202735059891698e-15
7.438501933471162445e-15
7.513618915169521674e-15
7.518873104657639961e-15
7.581430970028382069e-15
7.586557428124488356e-15
7.654225931486395854e-15
7.662376232500295001e-15
7.701519383762715720e-15
7.715843743222190405e-15
7.765764874048263875e-15
7.825832209620629690e-15
7.834613879581934299e-15
7.847832449293114283e-15
7.861924077627071508e-15
7.875392630877897942e-15
7.891437446602144120e-15
7.947816006628776659e-15
8.013645895570857138e-15
8.082180146014197337e-15
8.124094100865764482e-15
8.133241433185746274e-15
8.205321740005380292e-15
8.264837489487145027e-15
8.266219094338889410e-15
8.345981478241048158e-15
8.379470234594293194e-15
8.393241966818502992e-15
8.394769052520024748e-15
8.472635741393187851e-15
8.513708607233565290e-15
8.625747449229731617e-15
8.696192997166598649e-15
8.761800272321142409e-15
8.868969027800990673e-15
8.890598405273650363e-15
8.907260731545138080e-15
8.960597393323202955e-15
9.005497095197543225e-15
9.015242085730065283e-15
9.140742360606343611e-15
9.247140816088916446e-15
9.277214006197131134e-15
