1.336533571558318184e-19
3.119545401330098783e-19
4.457526543647093155e-19
5.349993477324644460e-19
6.242937921165717046e-19
6.242937921165717046e-19
6.689884685147471366e-19
6.689884685147471366e-19
7.584719464103182345e-19
8.927673210091918768e-19
1.251074638437489684e-18
1.251074638437489684e-18
1.251074638437489684e-18
1.251074638437489684e-18
1.430597136989794416e-18
1.700017793230678090e-18
1.744943961381702217e-18
1.834841564450763928e-18
1.969755594700504754e-18
2.059743183404283014e-18
2.329840112748416577e-18
2.374878538327188870e-18
2.600181573114878913e-18
2.960843169627149864e-18
3.141261985351156958e-18
3.321768467698838657e-18
3.502362267923030200e-18
3.592702653639957841e-18
3.592702653639957841e-18
3.818769756254146829e-18
3.909239569063018829e-18
4.090264799697752832e-18
4.361930548410052218e-18
4.679022556372867821e-18
4.860302590915709136e-18
6.012267399181557597e-18
6.460724287366750969e-18
8.069710428062253121e-18
8.069710428062253121e-18
8.592141526974321799e-18
9.813657151686940204e-18
9.813657151686940204e-18
1.039255711374929506e-17
1.050107144576976282e-17
1.055857557141113792e-17
1.088327153452528690e-17
1.088327153452528690e-17
1.108128901463895855e-17
1.175731542131980753e-17
1.175731542131980753e-17
1.380704103890329704e-17
1.457313528230885227e-17
1.458537020265808174e-17
1.458537020265808174e-17
1.550280099930640478e-17
1.638550344511730151e-17
1.650154695889114065e-17
1.778659005464783312e-17
1.778659005464783312e-17
1.779449569548887223e-17
1.982765711321494345e-17
2.057078735227271526e-17
2.109773596023680584e-17
2.116738089145549310e-17
2.133142293890707696e-17
2.245882379170255071e-17
2.245882379170255071e-17
2.245882379170255071e-17
2.250211658678443580e-17
2.289523398908234694e-17
2.441979917936817177e-17
2.513780077432406805e-17
2.515172976056780612e-17
2.731279315332927669e-17
2.790543387209153652e-17
2.794420915812140279e-17
2.859510692070037471e-17
2.903631697144794941e-17
2.905024595769168748e-17
2.905024595769168748e-17
2.930670871116590894e-17
2.930670871116590894e-17
2.930670871116590894e-17
2.965135700592649340e-17
3.055231771748931547e-17
3.061603341807721955e-17
3.081282740615597071e-17
3.104265567917763959e-17
3.220996119526598123e-17
3.230454654104270938e-17
3.312861548394922784e-17
3.345877010383457342e-17
3.387494562525218838e-17
3.556618807660327267e-17
3.605407905422174966e-17
3.609558366863721038e-17
3.660163879723569694e-17
3.788395256460679188e-17
3.956757171943258747e-17
4.003983964491281779e-17
4.026533863842629323e-17
4.026533863842629323e-17
4.026533863842629323e-17
4.149287760854160598e-17
4.162755584715503973e-17
4.201135588703315356e-17
4.236936847940596911e-17
4.266319479733129556e-17
4.629348389449131103e-17
4.629348389449131103e-17
4.842913629883515568e-17
4.846367642012875044e-17
4.846367642012875044e-17
4.846367642012875044e-17
4.855261487959045198e-17
4.986852762053596544e-17
4.986852762053596544e-17
5.333308060434988538e-17
5.333308060434988538e-17
5.467562782574795141e-17
5.513264915817760434e-17
5.621958065904870938e-17
5.626964971770862888e-17
5.626964971770862888e-17
5.626964971770862888e-17
5.664827344513130113e-17
5.664827344513130113e-17
5.664827344513130113e-17
5.664827344513130113e-17
5.668111950053038729e-17
5.844793611373094203e-17
6.047817997352758416e-17
6.047817997352758416e-17
6.047817997352758416e-17
6.047817997352758416e-17
6.184020895271249911e-17
6.301240843694053500e-17
6.346161824330106151e-17
6.349451135608609940e-17
6.349451135608609940e-17
6.537360689218380065e-17
6.537360689218380065e-17
6.618059400398735327e-17
6.724027927838844704e-17
6.798082136121850114e-17
6.847652386490609839e-17
6.952929170357127794e-17
6.969813360439063103e-17
6.996033735895180103e-17
6.996033735895180103e-17
6.996033735895180103e-17
7.067523316643443052e-17
7.105103345069959255e-17
7.105103345069959255e-17
7.187171426181709380e-17
7.474757934728927500e-17
7.500846549504359950e-17
7.500846549504359950e-17
7.541005322681405364e-17
7.541005322681405364e-17
7.653133661943491574e-17
7.653133661943491574e-17
7.653133661943491574e-17
7.901850769688928886e-17
7.901850769688928886e-17
8.009033377686769016e-17
8.025042300389875293e-17
8.136690654315183655e-17
8.344571362525772113e-17
8.393496926706899535e-17
8.576385457234890961e-17
8.702927473816087027e-17
8.702927473816087027e-17
8.702927473816087027e-17
8.723872716306247805e-17
8.791941225095322415e-17
8.812989993834591778e-17
8.843925519363756895e-17
8.851807631511818294e-17
8.917909141567824858e-17
8.977483792191376904e-17
9.258571675737716472e-17
9.716364749297091072e-17
9.736227671910204415e-17
9.793750620505962986e-17
9.884689018870903705e-17
9.933214595271383537e-17
9.935948629395576858e-17
1.039553458935997224e-16
1.088635724212366815e-16
1.099822676576298166e-16
1.099822676576298166e-16
1.116911566287153676e-16
1.131554883649742213e-16
1.154679824257503893e-16
1.167769306735740430e-16
1.167769306735740430e-16
1.171571072947333564e-16
1.220231704045514443e-16
1.220231704045514443e-16
1.244171208004218927e-16
1.244171208004218927e-16
1.249249170523008457e-16
1.250971470849092283e-16
1.262399357029131470e-16
1.265105156721749319e-16
1.268034478997670523e-16
1.283195898179662859e-16
1.285055606072745688e-16
1.314761051532954001e-16
1.319448437748287273e-16
1.319448437748287273e-16
1.366448884269849724e-16
1.374313585185105902e-16
1.374313585185105902e-16
1.374313585185105902e-16
1.387983285232211635e-16
1.387983285232211635e-16
1.412989109556737256e-16
1.436018994244862401e-16
1.436018994244862401e-16
1.467466974707116616e-16
1.469239155862316420e-16
1.486568508815420124e-16
1.497766284378121974e-16
1.503954801205533919e-16
1.515668325718341612e-16
1.515668325718341612e-16
1.526038361862032204e-16
1.537873294430613095e-16
1.538317516154061962e-16
1.572178128794412259e-16
1.573616202509306254e-16
1.578549228279343272e-16
1.592815145406544006e-16
1.592815145406544006e-16
1.592815145406544006e-16
1.592815145406544006e-16
1.595002372705898416e-16
1.595002372705898416e-16
1.595051312387295359e-16
1.596862080598981246e-16
1.600372091017631040e-16
1.608502666163553042e-16
1.609262642946783956e-16
1.612961824056987293e-16
1.618111784376293439e-16
1.621791671958253733e-16
1.642233870992516991e-16
1.643690767661794387e-16
1.643690767661794387e-16
1.685885713929267359e-16
1.690023940450464257e-16
1.692332105231732225e-16
1.695369659495358173e-16
1.724566885187213905e-16
1.765511987283627143e-16
1.773314101875558530e-16
1.778618880994668406e-16
1.813015947834946262e-16
1.820575246315331252e-16
1.820575246315331252e-16
1.820575246315331252e-16
1.820575246315331252e-16
1.823022230385176899e-16
1.837813778513534939e-16
1.845150495558335855e-16
1.884181303193954374e-16
1.884472117839178433e-16
1.889186326764508255e-16
1.891355201683338904e-16
1.944477814118111631e-16
1.956451095401410807e-16
1.956451095401410807e-16
1.966746310301427187e-16
1.966746310301427187e-16
1.969001300236561941e-16
1.974588423671423333e-16
1.976476836569940782e-16
1.991197798619360882e-16
1.991197798619360882e-16
2.000331166660060195e-16
2.010557207202717556e-16
2.010557207202717556e-16
2.013488882347936717e-16
2.018656959760836803e-16
2.021855685571370642e-16
2.021855685571370642e-16
2.021855685571370642e-16
2.022839890798694125e-16
2.027180464079512774e-16
2.033684265392847126e-16
2.037052868366691465e-16
2.053014027823049900e-16
2.058952199357162186e-16
2.058952199357162186e-16
2.058952199357162186e-16
2.058952199357162186e-16
2.073511989859674148e-16
2.098478521266924471e-16
2.113493121404726225e-16
2.127259759666906562e-16
2.152932857724324765e-16
2.154987383195276083e-16
2.154987383195276083e-16
2.154987383195276083e-16
2.156488749094284331e-16
2.177403874857431322e-16
2.177403874857431322e-16
2.177403874857431322e-16
2.177403874857431322e-16
2.193424561907027132e-16
2.207287432523492611e-16
2.240127605749331296e-16
2.255214438974579240e-16
2.257028265916352297e-16
2.272233683754215843e-16
2.274308208614199665e-16
2.290865114576793460e-16
2.297316446904783812e-16
2.324241977289489525e-16
2.327562111155796808e-16
2.328219738124567746e-16
2.363070438165486293e-16
2.438223436410624090e-16
2.438339668153941983e-16
2.456533465287104714e-16
2.456533465287104714e-16
2.456533465287104714e-16
2.460653339427777604e-16
2.463788773054197437e-16
2.463788773054197437e-16
2.468737798335460260e-16
2.515604131307040698e-16
2.515604131307040698e-16
2.521816176827431710e-16
2.528095514409743425e-16
2.528095514409743425e-16
2.566779509110847322e-16
2.577006020227364077e-16
2.578884551074830062e-16
2.584930954596646844e-16
2.586809956017972470e-16
2.596407309884223333e-16
2.604652234478024666e-16
2.604652234478024666e-16
2.623892587874906098e-16
2.625749001750971937e-16
2.631054251443941207e-16
2.632669260930039571e-16
2.632669260930039571e-16
2.632669260930039571e-16
2.672108526675778716e-16
2.672108526675778716e-16
2.679757704763344689e-16
2.720753628836593185e-16
2.735591999063980031e-16
2.750096732424920711e-16
2.750096732424920711e-16
2.785323891553507781e-16
2.799534280965277590e-16
2.799534280965277590e-16
2.829703947537967273e-16
2.829703947537967273e-16
2.879741713036225851e-16
2.879741713036225851e-16
2.896619785657987067e-16
2.927840478946061296e-16
2.987441716992680566e-16
2.997423294415283281e-16
2.999337588876078000e-16
3.001673282228131733e-16
3.001673282228131733e-16
3.001715398588564874e-16
3.001715398588564874e-16
3.001715398588564874e-16
3.014473832356582773e-16
3.037547715700579129e-16
3.038304398466792806e-16
3.038304398466792806e-16
3.049426882211961050e-16
3.104209914510281780e-16
3.120538592150976554e-16
3.120538592150976554e-16
3.120538592150976554e-16
3.130894040505020017e-16
3.192496040959132717e-16
3.192496040959132717e-16
3.196491683600875305e-16
3.200414857868241637e-16
3.203076423618058702e-16
3.212420020530528129e-16
3.214698656802106984e-16
3.214698656802106984e-16
3.215643922042550023e-16
3.235936478589465350e-16
3.265424048352685254e-16
3.272185724141072280e-16
3.340431639275210899e-16
3.342130410908315412e-16
3.342130410908315412e-16
3.372276784074955601e-16
3.409733522150260043e-16
3.413258590932416854e-16
3.413931982125484023e-16
3.430078312395589549e-16
3.452285163403299595e-16
3.458515090730354974e-16
3.483796200762738489e-16
3.485430974350939289e-16
3.596643576882271573e-16
3.599103737020185675e-16
3.599103737020185675e-16
3.599103737020185675e-16
3.607225371262775494e-16
3.615224656301873080e-16
3.615224656301873080e-16
3.616750727328509742e-16
3.621907981542639576e-16
3.621907981542639576e-16
3.670645080893003163e-16
3.706151760894184152e-16
3.706151760894184152e-16
3.706151760894184152e-16
3.735641448239772192e-16
3.744470825567178992e-16
3.798658581933124001e-16
3.807566074521222251e-16
3.824282622665680721e-16
3.877965453280290141e-16
3.902804576815057712e-16
3.902804576815057712e-16
3.908841686503147951e-16
3.909353906149307228e-16
3.909353906149307228e-16
3.909353906149307228e-16
3.909353906149307228e-16
3.909353906149307228e-16
3.927352297487277043e-16
3.958145239136987851e-16
3.977952045817345596e-16
4.030293388001741018e-16
4.095199522810934704e-16
4.120104056112184416e-16
4.123491364396947123e-16
4.200859000868760062e-16
4.202723532143903591e-16
4.204817585819060275e-16
4.248517662576418125e-16
4.248517662576418125e-16
4.265373618226778701e-16
4.265373618226778701e-16
4.270964741539446298e-16
4.270964741539446298e-16
4.290028041521658821e-16
4.346254912064653772e-16
4.372277411212814374e-16
4.375339552960603456e-16
4.375339552960603456e-16
4.384247045548701705e-16
4.390266861647452004e-16
4.390266861647452004e-16
4.440101103951439484e-16
4.442201157443305228e-16
4.456905884694569456e-16
4.523403029723022798e-16
4.523403029723022798e-16
4.549177301160251876e-16
4.608550075598042059e-16
4.644919317483844006e-16
4.700443268324082674e-16
4.702593320288530168e-16
4.702593320288530168e-16
4.702593320288530168e-16
4.718673299644433779e-16
4.720346189715261022e-16
4.720346189715261022e-16
4.720346189715261022e-16
4.720686885189601305e-16
4.720686885189601305e-16
4.726258009113236891e-16
4.759952979755012959e-16
4.761081415870299740e-16
4.768257196655122093e-16
4.790295111647240425e-16
4.790295111647240425e-16
4.844866150421818006e-16
4.846560922177116314e-16
4.855964399613217476e-16
4.855964399613217476e-16
4.875336513690782472e-16
4.877818320226237572e-16
4.909940868316208058e-16
5.000318342640522623e-16
5.046983034713271017e-16
5.049515192651702228e-16
5.060575795934334402e-16
5.097005506561093005e-16
5.097005506561093005e-16
5.144978276320024372e-16
5.156089583936027017e-16
5.178060559796619500e-16
5.192389651464469206e-16
5.194111010642833998e-16
5.217852050076258394e-16
5.217852050076258394e-16
5.219634936786763910e-16
5.291977550298991205e-16
5.292175426606947111e-16
5.376980365286047661e-16
5.376980365286047661e-16
5.463922062218061971e-16
5.655236217701935236e-16
5.655236217701935236e-16
5.716557520848804669e-16
5.774655745987906703e-16
5.884214751976655033e-16
5.910987698787389692e-16
5.923902010146395142e-16
6.016011431560915178e-16
6.145600060952534654e-16
6.208067682021355237e-16
6.247466713702099310e-16
6.374467539796392112e-16
6.374467539796392112e-16
6.487740432328455202e-16
6.592380882693348117e-16
6.601999294739815058e-16
6.601999294739815058e-16
6.629866913991411113e-16
6.629866913991411113e-16
6.629866913991411113e-16
6.661702412027034417e-16
6.670158036066465257e-16
6.757358430977786489e-16
6.757358430977786489e-16
6.762454157659775600e-16
6.762454157659775600e-16
6.869640412605027821e-16
6.891423747139110716e-16
6.922012930307621344e-16
6.967816236930397635e-16
7.105270861315386932e-16
7.153145634068059135e-16
7.332403687269345863e-16
7.387432123835440766e-16
7.544487561193754706e-16
7.550421968136990361e-16
7.550943834547271037e-16
7.589769471980110455e-16
7.589769471980110455e-16
7.641838940117130006e-16
7.654747016372495836e-16
7.689463132289572483e-16
7.852504975002606191e-16
7.877308217280580240e-16
7.877308217280580240e-16
7.877308217280580240e-16
7.877308217280580240e-16
7.891132971414419277e-16
7.891132971414419277e-16
7.891132971414419277e-16
7.891132971414419277e-16
8.058944786055143550e-16
8.143721019728809481e-16
8.152709451020756036e-16
8.152709451020756036e-16
8.327929509932938447e-16
8.327929509932938447e-16
8.334893061907088077e-16
8.334893061907088077e-16
8.354843511258084693e-16
8.354843511258084693e-16
8.397507854950494094e-16
8.446858229683362554e-16
8.446858229683362554e-16
8.446858229683362554e-16
8.461177439300161288e-16
8.461177439300161288e-16
8.532743135370212337e-16
8.778684445561418780e-16
8.824827388867351285e-16
8.824922797717382181e-16
8.968758756568748563e-16
8.968758756568748563e-16
9.089629005242090693e-16
9.234767277249860562e-16
9.250268686045402979e-16
9.275016165321016778e-16
9.303651996398386963e-16
9.306324502990440054e-16
9.548362461838114501e-16
9.766800788697170499e-16
9.766800788697170499e-16
9.782037970270557067e-16
9.782037970270557067e-16
9.799743311737469654e-16
9.820695024618200119e-16
9.820695024618200119e-16
9.965183257660685199e-16
9.972656147016103378e-16
1.013673942850213263e-15
1.016683474440500749e-15
1.033248844850393898e-15
1.041445059167555017e-15
1.052252870172818091e-15
1.062300416168361228e-15
1.091535481880700810e-15
1.098668652202537916e-15
1.106942922958657795e-15
1.117276583743002318e-15
1.122219068047617075e-15
1.122219068047617075e-15
1.122219068047617075e-15
1.122219068047617075e-15
1.139825165487543164e-15
1.139825165487543164e-15
1.153302212596534507e-15
1.176970430725187795e-15
1.198282062022421677e-15
1.198542712883246230e-15
1.204403286787912820e-15
1.210329152815596862e-15
1.210462278160473729e-15
1.211702287337868110e-15
1.219651526846998820e-15
1.263034178007373219e-15
1.263034178007373219e-15
1.267463830919811412e-15
1.267463830919811412e-15
1.269839499521236996e-15
1.272396315529910017e-15
1.301960118258383005e-15
1.308021038983768194e-15
1.314476582947801860e-15
1.319280224435145981e-15
1.322701672853421786e-15
1.329037879286664622e-15
1.329037879286664622e-15
1.341196849014956247e-15
1.341196849014956247e-15
1.343482167435341307e-15
1.347093492405960016e-15
1.348046416235967682e-15
1.351060924144820287e-15
1.351060924144820287e-15
1.351060924144820287e-15
1.351060924144820287e-15
1.360180863184001558e-15
1.389224675915459144e-15
1.410218634564433327e-15
1.433367609732073150e-15
1.458063543523541921e-15
1.460426924265059029e-15
1.460426924265059029e-15
1.463817808911154807e-15
1.468427879841358166e-15
1.468638332235711325e-15
1.469815496274157989e-15
1.472731160143804569e-15
1.473828738378248864e-15
1.480142086686262214e-15
1.480142086686262214e-15
1.480142086686262214e-15
1.482276921468524983e-15
1.492077622063849272e-15
1.494756810804707581e-15
1.499206645453548844e-15
1.509166252959082053e-15
1.545107190282235389e-15
1.584112998681563428e-15
1.589549744357420935e-15
1.598100494902567183e-15
1.598131470426874457e-15
1.618197569186037136e-15
1.631962125158888822e-15
1.664137283406360904e-15
1.684684614523029010e-15
1.703603518916427436e-15
1.705351683158268616e-15
1.754027054982600848e-15
1.775277311684198329e-15
1.775277311684198329e-15
1.776626305767472631e-15
1.776941590253394890e-15
1.811626365951423522e-15
1.831334516822119296e-15
1.839505749549509702e-15
1.876325048274619171e-15
1.892529023842523905e-15
1.892529023842523905e-15
1.894666935001393759e-15
1.896552336227210002e-15
1.896552336227210002e-15
1.916525490766931388e-15
1.921408800408703328e-15
1.921408800408703328e-15
1.923847361206462544e-15
1.948007399604461937e-15
1.959102660651852863e-15
1.959102660651852863e-15
1.959102660651852863e-15
2.018716627721373707e-15
2.042181675586150946e-15
2.061545554621173762e-15
2.066911037768170213e-15
2.078311348320037670e-15
2.085493952425824169e-15
2.085493952425824169e-15
2.090433330942965792e-15
2.090602384602022094e-15
2.107371001744043649e-15
2.107371001744043649e-15
2.108311949469324769e-15
2.133090733670946851e-15
2.135863366615972242e-15
2.157037284473198428e-15
2.157037284473198428e-15
2.169490198162880253e-15
2.171115430866077865e-15
2.171115430866077865e-15
2.195658022283227558e-15
2.195658022283227558e-15
2.227242545633013755e-15
2.227242545633013755e-15
2.255402973586564176e-15
2.259613309669569286e-15
2.287397390296742780e-15
2.297442359900404816e-15
2.297442359900404816e-15
2.302163256856714033e-15
2.310505896112458450e-15
2.311230862200536302e-15
2.312418661208209559e-15
2.327996438258990108e-15
2.328140198573093371e-15
2.328140198573093371e-15
2.370579907951456787e-15
2.373746181812199142e-15
2.374577774054685917e-15
2.375901580672125982e-15
2.385241960035830185e-15
2.387613346415133583e-15
2.422509003906162487e-15
2.429025022493326294e-15
2.429025022493326294e-15
2.439604087545444793e-15
2.448598453950195614e-15
2.448598453950195614e-15
2.450594940017740049e-15
2.490420829246514572e-15
2.490420829246514572e-15
2.490420829246514572e-15
2.519051560479681365e-15
2.527041239929870179e-15
2.530529868648775288e-15
2.538219604320864250e-15
2.554599568630080536e-15
2.574044968704103289e-15
2.575518853089711687e-15
2.614055122891944960e-15
2.614055122891944960e-15
2.614055122891944960e-15
2.619002507046872873e-15
2.619002507046872873e-15
2.659564432613772045e-15
2.670685034063501925e-15
2.677040281091538314e-15
2.677894413821899158e-15
2.682597623083261153e-15
2.684514505700283549e-15
2.684514505700283549e-15
2.684514505700283549e-15
2.684514505700283549e-15
2.686768930946786784e-15
2.693818892045902733e-15
2.693818892045902733e-15
2.709671372469389692e-15
2.723327684690190304e-15
2.732267864515010004e-15
2.732267864515010004e-15
2.742037289595191664e-15
2.742037289595191664e-15
2.742918162685123511e-15
2.779924902742852331e-15
2.783503287543299952e-15
2.817103814011457165e-15
2.817103814011457165e-15
2.844742281439954883e-15
2.847248946039542424e-15
2.847248946039542424e-15
2.863257492283560988e-15
2.897029307636607228e-15
2.897029307636607228e-15
2.900965599150309523e-15
2.900965599150309523e-15
2.900965599150309523e-15
2.965255205735193972e-15
2.968488789304376601e-15
2.968488789304376601e-15
2.968488789304376601e-15
2.968488789304376601e-15
2.968488789304376601e-15
2.976705808868304653e-15
2.995971261498421783e-15
3.007961636377170268e-15
3.007961636377170268e-15
3.007961636377170268e-15
3.007961636377170268e-15
3.028531937380359358e-15
3.028531937380359358e-15
3.096349612655755049e-15
3.155783267586629134e-15
3.190256714446491107e-15
3.192479087730983529e-15
3.205919453607620208e-15
3.205919453607620208e-15
3.205919453607620208e-15
3.205919453607620208e-15
3.216776210176453662e-15
3.244348267869017564e-15
3.244348267869017564e-15
3.251854473853694937e-15
3.274288912026419978e-15
3.274288912026419978e-15
3.278856490137102878e-15
3.321227583964565406e-15
3.332547473443829620e-15
3.332547473443829620e-15
3.336755591947521477e-15
3.377803767365703821e-15
3.413078877970582786e-15
3.452966765305357771e-15
3.456039536140200356e-15
3.480880524323886425e-15
3.514095539039751236e-15
3.514095539039751236e-15
3.514095539039751236e-15
3.523669881844268391e-15
3.530123478808958108e-15
3.535144937171557752e-15
3.539053864815324786e-15
3.547609726969020608e-15
3.548583832504882919e-15
3.581706473572111491e-15
3.611330850920659937e-15
3.611330850920659937e-15
3.622210189152580480e-15
3.640635714500722746e-15
3.666310212515373096e-15
3.709185655641193068e-15
3.756791613076577015e-15
3.756791613076577015e-15
3.758080197240627351e-15
3.758244021647668700e-15
3.793667039498789053e-15
3.796133099456467590e-15
3.796641413339592000e-15
3.799864885452967175e-15
3.820955558794432472e-15
3.822870906164238364e-15
3.852898665307396410e-15
3.880883210398752896e-15
3.880883210398752896e-15
3.886160337421438488e-15
3.886160337421438488e-15
3.890801766217209728e-15
3.890801766217209728e-15
3.900932209680292485e-15
3.900932209680292485e-15
3.900932209680292485e-15
3.900932209680292485e-15
3.918402370096530836e-15
3.919769781264235026e-15
3.941446619051720559e-15
3.947497193034367734e-15
3.952027095825417683e-15
3.958285916387451538e-15
3.958285916387451538e-15
3.977167274869028180e-15
4.071156615323900263e-15
4.106896547022931602e-15
4.109095891599170547e-15
4.112622213284228078e-15
4.121165087599399202e-15
4.173301777212260881e-15
4.173301777212260881e-15
4.246887570393260881e-15
4.282239161014669278e-15
4.291280855385347933e-15
4.293568103158557667e-15
4.300584647631469697e-15
4.303397408762371260e-15
4.303397408762371260e-15
4.322061885634238175e-15
4.330060741274688647e-15
4.377870651302990904e-15
4.388748783689395557e-15
4.404313819952927954e-15
4.406100541840389071e-15
4.410376093578159868e-15
4.447054343671031630e-15
4.447177028158399048e-15
4.447177028158399048e-15
4.447177028158399048e-15
4.448986814047153373e-15
4.448986814047153373e-15
4.551857453772664406e-15
4.569127655591618645e-15
4.597547716790021979e-15
4.710227162745588314e-15
4.738798501675501794e-15
4.738798501675501794e-15
4.752973392171738591e-15
4.752973392171738591e-15
4.802522831411558586e-15
4.823276656219986371e-15
4.870330789336754401e-15
4.870330789336754401e-15
4.871638790554685806e-15
4.871638790554685806e-15
4.892956592251653922e-15
4.904985889470763479e-15
4.906652397383620266e-15
4.943550546641076348e-15
4.950137033663713162e-15
4.981238295306224732e-15
4.983688602803953813e-15
4.983688602803953813e-15
4.983688602803953813e-15
4.996964467823625682e-15
4.997360338083002084e-15
5.025857932206945236e-15
5.025857932206945236e-15
5.034837199072976512e-15
5.057656731363693617e-15
5.103383899135988850e-15
5.103383899135988850e-15
5.134542447263731386e-15
5.139551282482547862e-15
5.176846719603133049e-15
5.176846719603133049e-15
5.176846719603133049e-15
5.255599660813660826e-15
5.255657529634043030e-15
5.255657529634043030e-15
5.263236739270861883e-15
5.290443813995757328e-15
5.357271125408442372e-15
5.366873479121951015e-15
5.446052210266065242e-15
5.479351737106024982e-15
5.490042331103951613e-15
5.490042331103951613e-15
5.502359604819694607e-15
5.514912471338239281e-15
5.572672356813386373e-15
5.677593457428136147e-15
5.695800695327163349e-15
5.743835401429276241e-15
5.763729343682996325e-15
5.863718153799364837e-15
5.863718153799364837e-15
5.863718153799364837e-15
5.919772014921796255e-15
5.922826274557437124e-15
5.947710205546897276e-15
5.959877336790565762e-15
6.034429123990523771e-15
6.061037964049901395e-15
6.062102810931325165e-15
6.073088334154661138e-15
6.102153510939344135e-15
6.107514641278139725e-15
6.107514641278139725e-15
6.135060008609604986e-15
6.209604693085369610e-15
6.210885209848814323e-15
6.231069546172370941e-15
6.263751888925704492e-15
6.269179423118260609e-15
6.298597203837017811e-15
6.313836420642346474e-15
6.349648950123565137e-15
6.352776398699804698e-15
6.352886089466474129e-15
6.352886089466474129e-15
6.355810256017546341e-15
6.360161849549939130e-15
6.360161849549939130e-15
6.410663742045906854e-15
6.416989072340819643e-15
6.416989072340819643e-15
6.425765618929228100e-15
6.476578143112081868e-15
6.484147470697849158e-15
6.509298696462813692e-15
6.544885121086674661e-15
6.544885121086674661e-15
6.544885121086674661e-15
6.544885121086674661e-15
6.571434407083034914e-15
6.576363918254557998e-15
6.590930229146111664e-15
6.631433271217743244e-15
6.649933444285449532e-15
6.656937712662800057e-15
6.739707857621098834e-15
6.789390472204267861e-15
6.795625452318140717e-15
6.830683381322474205e-15
6.902670888035911121e-15
6.925478314814090120e-15
6.985781490240533371e-15
7.098383197394495969e-15
7.125282863863443883e-15
7.162008565447882146e-15
7.251187276393594471e-15
7.299643699024321597e-15
7.365727730202530862e-15
7.378417563125080504e-15
7.378417563125080504e-15
7.445445988982092004e-15
7.528096599356796754e-15
7.554481134503830387e-15
7.557956616565533188e-15
7.563893970477564564e-15
7.627631685098840474e-15
7.635353613905097993e-15
7.653527223419685253e-15
7.738930520289941502e-15
7.752073459958626544e-15
7.769620179800732344e-15
7.772776383380879477e-15
7.795782509971269073e-15
7.796428249067911810e-15
7.819373068707657429e-15
7.828038959852984216e-15
7.919324453496754800e-15
7.989464504883977728e-15
7.990788720312457607e-15
8.033144655779468099e-15
8.033144655779468099e-15
8.091319652102674789e-15
8.103077828192583506e-15
8.133761123191924152e-15
8.153237263503324606e-15
8.187813671923664286e-15
8.274235520030820937e-15
8.313559783407450938e-15
8.336241937542036025e-15
8.341478280516528296e-15
8.361000625298765947e-15
8.372929913808367398e-15
8.459412392416245748e-15
8.504069560523355011e-15
8.577511531627432415e-15
8.625773321968748263e-15
8.638229947309747614e-15
8.725969840445650502e-15
8.783756816269675918e-15
8.806997209232799872e-15
8.886742011319128622e-15
8.936293391676118883e-15
8.944982811514425131e-15
8.944982811514425131e-15
9.023543032141845848e-15
9.067322997635127770e-15
9.131325312996561583e-15
9.222273655175372459e-15
9.259807867354483635e-15
9.370225253002675263e-15
9.408731067852934349e-15
9.435917819669268585e-15
9.491947863872231370e-15
9.525213929969687330e-15
9.528881047353533522e-15
9.667817355885853587e-15
9.757643764691900752e-15
9.798723259741524403e-15
