1.336533571558318184e-19
3.119545401330098783e-19
4.457526543647093155e-19
5.349993477324644460e-19
6.242937921165717046e-19
6.242937921165717046e-19
6.689884685147471366e-19
6.689884685147471366e-19
7.584719464103182345e-19
8.927673210091918768e-19
1.251074638437489684e-18
1.251074638437489684e-18
1.251074638437489684e-18
1.251074638437489684e-18
1.430597136989794416e-18
1.700017793230678090e-18
1.744943961381702217e-18
1.834841564450763928e-18
1.969755594700504754e-18
2.059743183404283014e-18
2.329840112748416577e-18
2.374878538327188870e-18
2.600181573114878913e-18
2.960843169627149864e-18
3.141261985351156958e-18
3.321768467698838657e-18
3.502362267923030200e-18
3.592702653639957841e-18
3.592702653639957841e-18
3.818769756254146829e-18
3.909239569063018829e-18
4.090264799697752832e-18
4.361930548410052218e-18
4.679022556372867821e-18
4.860302590915709136e-18
6.012267399181557597e-18
6.058195407877124447e-18
7.469352298002788812e-18
7.469352298002788812e-18
7.903786085172327570e-18
9.055374434350508309e-18
9.055374434350508309e-18
9.910313022445849299e-18
1.016837572704265895e-17
1.016837572704265895e-17
1.036121689470088749e-17
1.036121689470088749e-17
1.036121689470088749e-17
1.040686255908070239e-17
1.040686255908070239e-17
1.158819117618469941e-17
1.222788928090553080e-17
1.238986080337493680e-17
1.238986080337493680e-17
1.295502000873738975e-17
1.378304177206442622e-17
1.445059784927273221e-17
1.560133916550365710e-17
1.560133916550365710e-17
1.560133916550365710e-17
1.720129028809511159e-17
1.744862390869336729e-17
1.789990424003607474e-17
1.789990424003607474e-17
1.789990424003607474e-17
1.866891604137106367e-17
1.866891604137106367e-17
1.866891604137106367e-17
1.866891604137106367e-17
1.894758988101772848e-17
2.018821080442952807e-17
2.054547047862700818e-17
2.054547047862700818e-17
2.218165578840656603e-17
2.302360653797734057e-17
2.305805254449901648e-17
2.315301434936341389e-17
2.356034308222081658e-17
2.356034308222081658e-17
2.356034308222081658e-17
2.367676305508232499e-17
2.367676305508232499e-17
2.408380944362397419e-17
2.456690056787467579e-17
2.533252423742064752e-17
2.556959934787993584e-17
2.580846263900564853e-17
2.590963601881657954e-17
2.727561781842201558e-17
2.741660174675389870e-17
2.815173223019871254e-17
2.848631024436416117e-17
2.864272899529045324e-17
3.035552372941056430e-17
3.126956639426987015e-17
3.133356443917352771e-17
3.169223583494976601e-17
3.255846819567516177e-17
3.453873711158380019e-17
3.496084186363219525e-17
3.510380220217434046e-17
3.510380220217434046e-17
3.527669103818613350e-17
3.623920281058277217e-17
3.627082537394693477e-17
3.659213320527206809e-17
3.659213320527206809e-17
3.715917470607286428e-17
4.096197618015700354e-17
4.096197618015700354e-17
4.299109066269063789e-17
4.306892357906611774e-17
4.306892357906611774e-17
4.306892357906611774e-17
4.306892357906611774e-17
4.412235022113471388e-17
4.412235022113471388e-17
4.677252808354958193e-17
4.677252808354958193e-17
4.859760174056684567e-17
4.918421911392640654e-17
4.999981772736038199e-17
4.999981772736038199e-17
4.999981772736038199e-17
4.999981772736038199e-17
5.088891997766164386e-17
5.088891997766164386e-17
5.088910820720547541e-17
5.088910820720547541e-17
5.100072832669921151e-17
5.203297914508645013e-17
5.333835103157724273e-17
5.333835103157724273e-17
5.333835103157724273e-17
5.333835103157724273e-17
5.454151427576601847e-17
5.489110359605224891e-17
5.506898051497565198e-17
5.506898051497565198e-17
5.506898051497565198e-17
5.666723757167259479e-17
5.666723757167259479e-17
5.724491404170002762e-17
5.854393318108641296e-17
5.864054199445936725e-17
5.873108040504366161e-17
5.917021993080905229e-17
5.976742521600929808e-17
5.982431759563321603e-17
5.982431759563321603e-17
5.982431759563321603e-17
6.057187122897110013e-17
6.063549281478708843e-17
6.063549281478708843e-17
6.113938330363148135e-17
6.334058664661561233e-17
6.368311735900806105e-17
6.368311735900806105e-17
6.416442030259233519e-17
6.416442030259233519e-17
6.510297986553606401e-17
6.510297986553606401e-17
6.510297986553606401e-17
6.638694064141570350e-17
6.638694064141570350e-17
6.684767950733607884e-17
6.708447227347961983e-17
6.756963392271250238e-17
6.873736295527447117e-17
6.931969810651180265e-17
7.127036792665249228e-17
7.159718147213477239e-17
7.159718147213477239e-17
7.159718147213477239e-17
7.209034287698060674e-17
7.220483349701781711e-17
7.220483349701781711e-17
7.272458232493024614e-17
7.307035999695383223e-17
7.314231074008448371e-17
7.314231074008448371e-17
7.573705500184015297e-17
7.965561764538237789e-17
7.990492767619088951e-17
7.995800840755216311e-17
8.182011622731882663e-17
8.229840749820175900e-17
8.229840749820175900e-17
8.630313221543412695e-17
9.023025930322081065e-17
9.170381428712754591e-17
9.170381428712754591e-17
9.363551998072694188e-17
9.456029172958480630e-17
9.666102755354738692e-17
9.887719514526634798e-17
9.887719514526634798e-17
9.940513195833557269e-17
1.038884302907666203e-16
1.038884302907666203e-16
1.053262687187307952e-16
1.053262687187307952e-16
1.064449639551239303e-16
1.069418428934604932e-16
1.080294802551209789e-16
1.080294802551209789e-16
1.083833047401434809e-16
1.098139904454419582e-16
1.098139904454419582e-16
1.124989437160802104e-16
1.125777648375608244e-16
1.125777648375608244e-16
1.155978137536100682e-16
1.160489058554089472e-16
1.160489058554089472e-16
1.160489058554089472e-16
1.171612483446976751e-16
1.171612483446976751e-16
1.189054303552521470e-16
1.197806036193096708e-16
1.197806036193096708e-16
1.227498776159096206e-16
1.232532504735084706e-16
1.251714977547237013e-16
1.260328361473093966e-16
1.269540785922203763e-16
1.283334717468240044e-16
1.283334717468240044e-16
1.291034717532641275e-16
1.298485784025321521e-16
1.298485784025321521e-16
1.326573867130133761e-16
1.331894645760469442e-16
1.332438158568290869e-16
1.338062457338059424e-16
1.338062457338059424e-16
1.338062457338059424e-16
1.338062457338059424e-16
1.339311830935259517e-16
1.339311830935259517e-16
1.339311830935259517e-16
1.344101331678122945e-16
1.344102743399701620e-16
1.345509288666003399e-16
1.346313969965894984e-16
1.346313969965894984e-16
1.346313969965894984e-16
1.346607608054276393e-16
1.360071667324743137e-16
1.360691883671677092e-16
1.360691883671677092e-16
1.397459701616547954e-16
1.397459701616547954e-16
1.397459701616547954e-16
1.397459701616547954e-16
1.423803837997735369e-16
1.458044203742771180e-16
1.466137132979926379e-16
1.466137132979926379e-16
1.482809094251188966e-16
1.487231076809716054e-16
1.487231076809716054e-16
1.487231076809716054e-16
1.487827293889811055e-16
1.487827293889811055e-16
1.494353212174545798e-16
1.500801485772448980e-16
1.519406564458889687e-16
1.519406564458889687e-16
1.522910457417364894e-16
1.531035856250831590e-16
1.572158364692308590e-16
1.575704609298146512e-16
1.575704609298146512e-16
1.583380610095708789e-16
1.583380610095708789e-16
1.591835410630885381e-16
1.596317156069579911e-16
1.599349534020750306e-16
1.612982999880667911e-16
1.616045494558851847e-16
1.625758139020701075e-16
1.632824276096240256e-16
1.632824276096240256e-16
1.640214167987174386e-16
1.641817883700642610e-16
1.641817883700642610e-16
1.641817883700642610e-16
1.641817883700642610e-16
1.641817883700642610e-16
1.647758643390982672e-16
1.658724190753979050e-16
1.661142705105319898e-16
1.666643478236947118e-16
1.674993340801436204e-16
1.674993340801436204e-16
1.674993340801436204e-16
1.674993340801436204e-16
1.677867841222715699e-16
1.697964168470183615e-16
1.709702162823689902e-16
1.725561207752518181e-16
1.736156884061880017e-16
1.742436927504981193e-16
1.742436927504981193e-16
1.742436927504981193e-16
1.747101020314264972e-16
1.759679930154850972e-16
1.759679930154850972e-16
1.759679930154850972e-16
1.759679930154850972e-16
1.763625691967477337e-16
1.789454785259348371e-16
1.816924769599594792e-16
1.833047806463650578e-16
1.833544497172443199e-16
1.841542135203032289e-16
1.848015113928563639e-16
1.857299536178190052e-16
1.860315208757345181e-16
1.882952634846575998e-16
1.892322466251717055e-16
1.902380982500361872e-16
1.943679485565323960e-16
1.999304609785373504e-16
2.001162435383018018e-16
2.014283446309846771e-16
2.014283446309846771e-16
2.014283446309846771e-16
2.014283446309846771e-16
2.015308826749884114e-16
2.021085591450158443e-16
2.023486929855624384e-16
2.053743417305407633e-16
2.053743417305407633e-16
2.053926941110645982e-16
2.067241357893764303e-16
2.067382530051639937e-16
2.107873528373553090e-16
2.117248771378079520e-16
2.123556813965826101e-16
2.127793390423676278e-16
2.129030529100527197e-16
2.144046540959907626e-16
2.144670051323858818e-16
2.144670051323858818e-16
2.146810691811114242e-16
2.149075093223440821e-16
2.153966708493834405e-16
2.155008088445097554e-16
2.155008088445097554e-16
2.155008088445097554e-16
2.179242171639902727e-16
2.179242171639902727e-16
2.192299890382617228e-16
2.229554281698299919e-16
2.238152842547579922e-16
2.254781275736830692e-16
2.254781275736830692e-16
2.273313180188105929e-16
2.281216703446777765e-16
2.281216703446777765e-16
2.301618197842186803e-16
2.301618197842186803e-16
2.340979113040304926e-16
2.340979113040304926e-16
2.354613284761011744e-16
2.393315867129569222e-16
2.423291657272109697e-16
2.426280977715128163e-16
2.426280977715128163e-16
2.430626492021472297e-16
2.430626492021472297e-16
2.435241409862429313e-16
2.435241409862429313e-16
2.435241409862429313e-16
2.444300897807173695e-16
2.453271447292456376e-16
2.453271447292456376e-16
2.453271447292456376e-16
2.457164975406668808e-16
2.498763469307116712e-16
2.506438999530819594e-16
2.510248059637236170e-16
2.510248059637236170e-16
2.514196644893020131e-16
2.561575432797689420e-16
2.561575432797689420e-16
2.561575432797689420e-16
2.563494668284009625e-16
2.567269023568282027e-16
2.571239843438931413e-16
2.574120108389990888e-16
2.574120108389990888e-16
2.574120108389990888e-16
2.595728860022167371e-16
2.625431011465358693e-16
2.634889075469172237e-16
2.676798383403876456e-16
2.682746907562899354e-16
2.682746907562899354e-16
2.693061415991159023e-16
2.730513448327867553e-16
2.749634746538273742e-16
2.755798793524987339e-16
2.772882036349527656e-16
2.790241035455785260e-16
2.808676707552775107e-16
2.813108572162353660e-16
2.813108572162353660e-16
2.896376616616047295e-16
2.896411909655516389e-16
2.896411909655516389e-16
2.896917541267641193e-16
2.902191968372807707e-16
2.902191968372807707e-16
2.902191968372807707e-16
2.902191968372807707e-16
2.908071553461401407e-16
2.908071553461401407e-16
2.930708038402912943e-16
2.945428294591543828e-16
2.945428294591543828e-16
2.945428294591543828e-16
2.961476039638065762e-16
2.967031399337405117e-16
3.008961647808861120e-16
3.026261354608810923e-16
3.032537045243710795e-16
3.079341380109290868e-16
3.106859245339750164e-16
3.115057230191058149e-16
3.121776201401688100e-16
3.121776201401688100e-16
3.121776201401688100e-16
3.122284891743900321e-16
3.122284891743900321e-16
3.122284891743900321e-16
3.133583723042948260e-16
3.153462880454217475e-16
3.162357079330782482e-16
3.198140809691794894e-16
3.243527187874978015e-16
3.284566287099843720e-16
3.284566287099843720e-16
3.341514194439188894e-16
3.341514194439188894e-16
3.362678724347916510e-16
3.390157884878424934e-16
3.390157884878424934e-16
3.409522116843842308e-16
3.409522116843842308e-16
3.409522116843842308e-16
3.409522116843842308e-16
3.435547910009019900e-16
3.455828819852910480e-16
3.475614215422657294e-16
3.475614215422657294e-16
3.475614215422657294e-16
3.482758820689282531e-16
3.484700290790468161e-16
3.484700290790468161e-16
3.524148497439539490e-16
3.525938795688333480e-16
3.535971900948560668e-16
3.572064445404926045e-16
3.572064445404926045e-16
3.605456837054988274e-16
3.665145366552560257e-16
3.677681454171923902e-16
3.723735106087999852e-16
3.724701194221729395e-16
3.733662332229820252e-16
3.733662332229820252e-16
3.753469256553642785e-16
3.753469256553642785e-16
3.753469256553642785e-16
3.753469256553642785e-16
3.753469256553642785e-16
3.753469256553642785e-16
3.764711030772215845e-16
3.794233893574904843e-16
3.795291743611253438e-16
3.808467105818864506e-16
3.825440234360261763e-16
3.838063142856718974e-16
3.859566721231277883e-16
3.859566721231277883e-16
3.865950526210417958e-16
3.865950526210417958e-16
3.886236024149439170e-16
3.896834523901958603e-16
3.906738221350799936e-16
3.947054636770806922e-16
4.012037357475648349e-16
4.012037357475648349e-16
4.025230601489923291e-16
4.038943594332110773e-16
4.038943594332110773e-16
4.089442051638903664e-16
4.089442051638903664e-16
4.108983219375525160e-16
4.108983219375525160e-16
4.109651081325742415e-16
4.113619430683628813e-16
4.113619430683628813e-16
4.113619430683628813e-16
4.172917736808139390e-16
4.172917736808139390e-16
4.235355829367270858e-16
4.235355829367270858e-16
4.287235538595412686e-16
4.417770374375193990e-16
4.417770374375193990e-16
4.491289304892920202e-16
4.551521347198314352e-16
4.609734745289550210e-16
4.640306281938326045e-16
4.640306281938326045e-16
4.692274811982464788e-16
4.781435264662426217e-16
4.825557681458761869e-16
4.844408517343371110e-16
4.932178659555186631e-16
4.934638819693101226e-16
5.028573126535094146e-16
5.048282759713447221e-16
5.062401269579133192e-16
5.062401269579133192e-16
5.067156536073711594e-16
5.067156536073711594e-16
5.079424278949646919e-16
5.102038529276293523e-16
5.110217808816682647e-16
5.189925962022610019e-16
5.189925962022610019e-16
5.193431972563453115e-16
5.193431972563453115e-16
5.277589048681368912e-16
5.302248060071380157e-16
5.312230343354772086e-16
5.337060643629672753e-16
5.441260283931599072e-16
5.463587601847363281e-16
5.609103156447056660e-16
5.663951363224930450e-16
5.741281706718370947e-16
5.741281706718370947e-16
5.749344519228512605e-16
5.787705700261940587e-16
5.787705700261940587e-16
5.836024930024991723e-16
5.864434179788971383e-16
5.888656969211146663e-16
5.987013964472456871e-16
5.987013964472456871e-16
5.987013964472456871e-16
5.987013964472456871e-16
5.987013964472456871e-16
5.993430474334837770e-16
5.993430474334837770e-16
5.993430474334837770e-16
5.993430474334837770e-16
6.111719331279690520e-16
6.197196014143349250e-16
6.206541610994722026e-16
6.206541610994722026e-16
6.389350143966583687e-16
6.389350143966583687e-16
6.389350143966583687e-16
6.389350143966583687e-16
6.389350143966583687e-16
6.403278777279926162e-16
6.455014843837429119e-16
6.510183276126750555e-16
6.510183276126750555e-16
6.512410031630310084e-16
6.512410031630310084e-16
6.512410031630310084e-16
6.616351562170253414e-16
6.807472547084767179e-16
6.842696765126731619e-16
6.842696765126731619e-16
6.966337105646257771e-16
6.966337105646257771e-16
7.047395511720534144e-16
7.197965500146037001e-16
7.197965500146037001e-16
7.208457356097628039e-16
7.217026741367614275e-16
7.217026741367614275e-16
7.437163898681508165e-16
7.631039740613501755e-16
7.631039740613501755e-16
7.642429157380519890e-16
7.642429157380519890e-16
7.660937944890943307e-16
7.687267434660751199e-16
7.687267434660751199e-16
7.733496375339522776e-16
7.741068026383721727e-16
7.848896791112505475e-16
7.886593110104071717e-16
7.975466630373150752e-16
8.042486112385743917e-16
8.167075482736589247e-16
8.199590959999313701e-16
8.389630330897569244e-16
8.464298461602136841e-16
8.507879306707821775e-16
8.558752752558971874e-16
8.588412081780940348e-16
8.588412081780940348e-16
8.588412081780940348e-16
8.588412081780940348e-16
8.741166944636500152e-16
8.741166944636500152e-16
8.874263584507866074e-16
9.059394870050643080e-16
9.236364993146624902e-16
9.238826094432257792e-16
9.294322751988641256e-16
9.378525356127472957e-16
9.378525356127472957e-16
9.405590411661545563e-16
9.448879442152555996e-16
9.717135247121852061e-16
9.717135247121852061e-16
9.717874048081401864e-16
9.717874048081401864e-16
9.741169101139404112e-16
9.749238031109719618e-16
1.001600494038728668e-15
1.010568337724318588e-15
1.014575015323068243e-15
1.023422133284981468e-15
1.024324199845114341e-15
1.036887886621342622e-15
1.036887886621342622e-15
1.044307518780202581e-15
1.044307518780202581e-15
1.045919787173568650e-15
1.049535629653239316e-15
1.049535629653239316e-15
1.049655649516126699e-15
1.049655649516126699e-15
1.049655649516126699e-15
1.049655649516126699e-15
1.058112202938930242e-15
1.081523834788471257e-15
1.098404454391247327e-15
1.114604324202226956e-15
1.126741976934679282e-15
1.127999814979178630e-15
1.127999814979178630e-15
1.129843588064941139e-15
1.132802374146645528e-15
1.133029837786022843e-15
1.134442665213350058e-15
1.144296605358713293e-15
1.147880042945978391e-15
1.150753384579128503e-15
1.150753384579128503e-15
1.150753384579128503e-15
1.153282242618368842e-15
1.156086086374631475e-15
1.158049279341610461e-15
1.167616657653005725e-15
1.174620426045630068e-15
1.203268533218561955e-15
1.228232547055663422e-15
1.230052691451501550e-15
1.233616429640569697e-15
1.236249066862368554e-15
1.253419389379625461e-15
1.261290313634174682e-15
1.293192439046141905e-15
1.317584576236035356e-15
1.335777043998044812e-15
1.336196360599975225e-15
1.375829249842414040e-15
1.394961824178930652e-15
1.394961824178930652e-15
1.394961824178930652e-15
1.402689823387977090e-15
1.428795755281442339e-15
1.440673510071245536e-15
1.441043051723178182e-15
1.465693357496786916e-15
1.473131106749241013e-15
1.473131106749241013e-15
1.478913094819356808e-15
1.478913094819356808e-15
1.478913094819356808e-15
1.484731881765292054e-15
1.489800973966828372e-15
1.489800973966828372e-15
1.489800973966828372e-15
1.507337261774685050e-15
1.516201390981622431e-15
1.518381136156609544e-15
1.518381136156609544e-15
1.559106433203210389e-15
1.571840044200135185e-15
1.592090860845705083e-15
1.599377132372758404e-15
1.608756139968161415e-15
1.609739851092932301e-15
1.609739851092932301e-15
1.616183466009625535e-15
1.616183466009625535e-15
1.623652202550733285e-15
1.623652202550733285e-15
1.623652202550733285e-15
1.652263281443089042e-15
1.654158670599074861e-15
1.682050994978299429e-15
1.682050994978299429e-15
1.694133778798724082e-15
1.696620967522698259e-15
1.696620967522698259e-15
1.713215554687098392e-15
1.714262957983764249e-15
1.749559944390940793e-15
1.749559944390940793e-15
1.781802753512901523e-15
1.785260777284413782e-15
1.815953957275892438e-15
1.824361600428165335e-15
1.829593570006850827e-15
1.843417782980751449e-15
1.857323905217086299e-15
1.860092861803833895e-15
1.860092861803833895e-15
1.873602743203877920e-15
1.876009069692255558e-15
1.876009069692255558e-15
1.912876396361909082e-15
1.927478614980036068e-15
1.929943274980482557e-15
1.942932825217462607e-15
1.942932825217462607e-15
1.948970828995885818e-15
1.979401652296299032e-15
1.991159704860570265e-15
1.991159704860570265e-15
1.998703962623968301e-15
2.003668987416457126e-15
2.003668987416457126e-15
2.003668987416457126e-15
2.030046822768164294e-15
2.031139442330563138e-15
2.031576176047471271e-15
2.045866527722331064e-15
2.077204182143205259e-15
2.080575914433215986e-15
2.085673405767178280e-15
2.103206270150206604e-15
2.113363765728041901e-15
2.113363765728041901e-15
2.145483731543957800e-15
2.145483731543957800e-15
2.145483731543957800e-15
2.150211063597796677e-15
2.150211063597796677e-15
2.196796428682164838e-15
2.203877765293368533e-15
2.211211541251547164e-15
2.211211541251547164e-15
2.214793237715531839e-15
2.219692240995520744e-15
2.219692240995520744e-15
2.219692240995520744e-15
2.219692240995520744e-15
2.222907107489438526e-15
2.242636281247310942e-15
2.242636281247310942e-15
2.248632433363097423e-15
2.270729958298879171e-15
2.285695024655786218e-15
2.288274151747577022e-15
2.290219774663073572e-15
2.290219774663073572e-15
2.293978877472122108e-15
2.333199132261436518e-15
2.351827957281266394e-15
2.379896588039158129e-15
2.379896588039158129e-15
2.388094114080952756e-15
2.388643079663372083e-15
2.388643079663372083e-15
2.392749513038180797e-15
2.428073857433118918e-15
2.428073857433118918e-15
2.433276863190746865e-15
2.441453142822781065e-15
2.447686387695546392e-15
2.517270161959007030e-15
2.518843796238501199e-15
2.518843796238501199e-15
2.518843796238501199e-15
2.518843796238501199e-15
2.518843796238501199e-15
2.526770748193207280e-15
2.553920954067172097e-15
2.559213274743349458e-15
2.559213274743349458e-15
2.559213274743349458e-15
2.559213274743349458e-15
2.577626471056371017e-15
2.580265178680958399e-15
2.634398095545741784e-15
2.697247604948135782e-15
2.730264319839571258e-15
2.734394581898194787e-15
2.767908799238330603e-15
2.767908799238330603e-15
2.767908799238330603e-15
2.767908799238330603e-15
2.769895462076556361e-15
2.786585852196594770e-15
2.786585852196594770e-15
2.787722923342204599e-15
2.807939405742544255e-15
2.807939405742544255e-15
2.810511368347322734e-15
2.838752576186044245e-15
2.856805659970844454e-15
2.856805659970844454e-15
2.859783810166870708e-15
2.905295931567508467e-15
2.917465842138035526e-15
2.987970482387319333e-15
2.989340511122117249e-15
3.025701323853659279e-15
3.037813006791235894e-15
3.037813006791235894e-15
3.037813006791235894e-15
3.044818769240590297e-15
3.050621950780907119e-15
3.053602500903617392e-15
3.058779148642935337e-15
3.070086056165848537e-15
3.070086056165848537e-15
3.106844068527920342e-15
3.117920994841307421e-15
3.117920994841307421e-15
3.128143029623984944e-15
3.143418874722108672e-15
3.170392680102634493e-15
3.223930432796333459e-15
3.258385027290945735e-15
3.258581174239967597e-15
3.261658021420868843e-15
3.263543546172322965e-15
3.285747314921252636e-15
3.293195546206429005e-15
3.299909976379313843e-15
3.303213434284471663e-15
3.319599480760823051e-15
3.324344853440003707e-15
3.359568189155981753e-15
3.371170122960162178e-15
3.371170122960162178e-15
3.389499004201892202e-15
3.389499004201892202e-15
3.404391149257083021e-15
3.404391149257083021e-15
3.404391149257083021e-15
3.404391149257083021e-15
3.404391149257083021e-15
3.404391149257083021e-15
3.448829332877547445e-15
3.448829332877547445e-15
3.457538737399452975e-15
3.458540130336997794e-15
3.458540130336997794e-15
3.463337266140733187e-15
3.463337266140733187e-15
3.465670759559993532e-15
3.551363435825202503e-15
3.600221978524378478e-15
3.600437783696384666e-15
3.603470379287964769e-15
3.619310754198914017e-15
3.667914363509659602e-15
3.667914363509659602e-15
3.740677275946748626e-15
3.772941313831950115e-15
3.782943243573979397e-15
3.782943243573979397e-15
3.792157326795943774e-15
3.792157326795943774e-15
3.792157326795943774e-15
3.830142184031688181e-15
3.837721646601956474e-15
3.858135981781559472e-15
3.885257212070120167e-15
3.900826077628434680e-15
3.905140181129651336e-15
3.905140181129651336e-15
3.954085080014234623e-15
3.954085080014234623e-15
3.954085080014234623e-15
3.954085080014234623e-15
3.960520759879220439e-15
3.960520759879220439e-15
4.065843154117078515e-15
4.081224937155341918e-15
4.110648555931044517e-15
4.193732411893923264e-15
4.231626760129949339e-15
4.231626760129949339e-15
4.237262876185766827e-15
4.237262876185766827e-15
4.288615772095929106e-15
4.314770514262979490e-15
4.352828275153919864e-15
4.352828275153919864e-15
4.352828275153919864e-15
4.352828275153919864e-15
4.372498956581046213e-15
4.375201103444078732e-15
4.381233572097478346e-15
4.402633971271149545e-15
4.405137206563735442e-15
4.432354528034423980e-15
4.432354528034423980e-15
4.432354528034423980e-15
4.432354528034423980e-15
4.441469131942472286e-15
4.442379562952959097e-15
4.455990041279836147e-15
4.456638262653588549e-15
4.468753457248592059e-15
4.484337957623391834e-15
4.529485343107638076e-15
4.529485343107638076e-15
4.573917250449250451e-15
4.589948001897267997e-15
4.625727561797449524e-15
4.629586449793422774e-15
4.629586449793422774e-15
4.690808955958472689e-15
4.690808955958472689e-15
4.690808955958472689e-15
4.707817930463624228e-15
4.707817930463624228e-15
4.773453360640404064e-15
4.791337449587880857e-15
4.847712206789510094e-15
4.883507130926207182e-15
4.883507130926207182e-15
4.883507130926207182e-15
4.896219751387907438e-15
4.908124696523534670e-15
4.978455777369056598e-15
5.062196230920388460e-15
5.070306497863182475e-15
5.128772100014463302e-15
5.145137067722992003e-15
5.239652939151527357e-15
5.239652939151527357e-15
5.239652939151527357e-15
5.291890172751662858e-15
5.291890172751662858e-15
5.334550166576958042e-15
5.345931698290741319e-15
5.424121221419186848e-15
5.463334214665630657e-15
5.463334214665630657e-15
5.472363447652290596e-15
5.495010835201911288e-15
5.503821536629266065e-15
5.503821536629266065e-15
5.528250108000238225e-15
5.627857994459445164e-15
5.651068708917462723e-15
5.689732813049739167e-15
5.742965207424866511e-15
5.746588929075598945e-15
5.792795264562590673e-15
5.828417941020159389e-15
5.857002803066362889e-15
5.857002803066362889e-15
5.859344475647520158e-15
5.863361991150473484e-15
5.863691419321963179e-15
5.863691419321963179e-15
5.863691419321963179e-15
5.911221067323842669e-15
5.922331757311654937e-15
5.922331757311654937e-15
5.952942351590776299e-15
5.981776597194953962e-15
5.994969179464738763e-15
6.021309677721774514e-15
6.045821370082868897e-15
6.057737379586369638e-15
6.060066711368058834e-15
6.060066711368058834e-15
6.094777400980317922e-15
6.105103197299034096e-15
6.119418101165018081e-15
6.139050563171486026e-15
6.165788337527303516e-15
6.169524479273090803e-15
6.252999546814136053e-15
6.309743495678390416e-15
6.320109661352085626e-15
6.344765849298939225e-15
6.470669129510740623e-15
6.486188478934680491e-15
6.554845113874552359e-15
6.658461092595174419e-15
6.694574404064180848e-15
6.734587464045605417e-15
6.814005914337051951e-15
6.858462291519362872e-15
6.929638790655583397e-15
6.931049315212085067e-15
6.931049315212085067e-15
6.999295386223814356e-15
7.058935181916053563e-15
7.079059934765726761e-15
7.087639740305615936e-15
7.087639740305615936e-15
7.131732519772057817e-15
7.144989294198463969e-15
7.162801400050856382e-15
7.236115460356639045e-15
7.253789785124031731e-15
7.269405846299376070e-15
7.289895458591079847e-15
7.311368993765790534e-15
7.311368993765790534e-15
7.345164881912842084e-15
7.353646666917779728e-15
7.416716825461846630e-15
7.484539724107084380e-15
7.492477028686701566e-15
7.538127178223615991e-15
7.547568448622815285e-15
7.602760424310549404e-15
7.606997533105077618e-15
7.645783312932009381e-15
7.679094068840693924e-15
7.731196756551113999e-15
7.767362413479826007e-15
7.805470458128749475e-15
7.817154554128813961e-15
7.831118368720333932e-15
7.840681594217417585e-15
7.856290740898112987e-15
7.929441112086838756e-15
7.985959706070823613e-15
8.063566467590472525e-15
8.109509437593686710e-15
8.122115187790789127e-15
8.202640574854312577e-15
8.256118508787198155e-15
8.271852457537629110e-15
8.343244079513759073e-15
8.377954566191040689e-15
8.383558362645963716e-15
8.383558362645963716e-15
8.463583906155836088e-15
8.512494456089755714e-15
8.604492789721460914e-15
8.663199199222124166e-15
8.703070939991342510e-15
8.819918443909717151e-15
8.842479101755930449e-15
8.853459131029455846e-15
8.910604299989651812e-15
8.964014638928695576e-15
8.989242600584724640e-15
9.113684419560810573e-15
9.193527103951019951e-15
9.212694347816641496e-15
