1.336533571558318184e-19
3.119545401330098783e-19
4.457526543647093155e-19
5.349993477324644460e-19
6.242937921165717046e-19
6.242937921165717046e-19
6.689884685147471366e-19
6.689884685147471366e-19
7.584719464103182345e-19
8.927673210091918768e-19
1.251074638437489684e-18
1.251074638437489684e-18
1.251074638437489684e-18
1.251074638437489684e-18
1.430597136989794416e-18
1.700017793230678090e-18
1.744943961381702217e-18
1.834841564450763928e-18
1.969755594700504754e-18
2.059743183404283014e-18
2.329840112748416577e-18
2.374878538327188870e-18
2.600181573114878913e-18
2.960843169627149864e-18
3.141261985351156958e-18
3.321768467698838657e-18
3.502362267923030200e-18
3.592702653639957841e-18
3.592702653639957841e-18
3.818769756254146829e-18
3.909239569063018829e-18
4.090264799697752832e-18
4.361930548410052218e-18
4.679022556372867821e-18
4.860302590915709136e-18
6.012267399181557597e-18
6.330751787349174525e-18
8.599953053043445133e-18
8.599953053043445133e-18
8.788747285509236793e-18
9.889607772624075287e-18
9.889607772624075287e-18
1.104853707401179278e-17
1.135977462474179027e-17
1.152146380289544432e-17
1.186742970446286812e-17
1.222497172297610018e-17
1.237913171937638284e-17
1.306428725893319450e-17
1.308696891896522598e-17
1.424881577828237409e-17
1.456739428122190680e-17
1.477585850101838046e-17
1.488889034209087166e-17
1.548388393015105976e-17
1.608104215796534150e-17
1.618541544002145508e-17
1.741464847603127950e-17
1.741464847603127950e-17
1.741464847603127950e-17
1.955971235756683722e-17
2.002256880585535447e-17
2.042218012741554960e-17
2.042218012741554960e-17
2.042218012741554960e-17
2.161564955009685877e-17
2.161564955009685877e-17
2.161564955009685877e-17
2.161564955009685877e-17
2.232565138943979709e-17
2.360354176253078590e-17
2.417246555876992532e-17
2.417246555876992532e-17
2.545139119435200305e-17
2.606191371977851897e-17
2.619179210502417733e-17
2.642274975530885091e-17
2.704607188971610019e-17
2.713557503780930562e-17
2.713557503780930562e-17
2.740869610591285959e-17
2.740869610591285959e-17
2.770788696583746224e-17
2.810872177943258093e-17
2.926501586720661667e-17
2.929569728285160303e-17
2.929569728285160303e-17
2.939602362971527973e-17
3.034215943179833321e-17
3.034215943179833321e-17
3.096557568097749826e-17
3.132556468356057591e-17
3.154118162602275323e-17
3.317510818127629858e-17
3.373716159916548475e-17
3.378186611582613111e-17
3.387569854342752690e-17
3.437083635848362334e-17
3.633397638590333804e-17
3.712256405979709165e-17
3.731117006271904714e-17
3.745488331943652471e-17
3.773365127385510530e-17
3.849842791045382273e-17
3.868788094632303251e-17
3.874914966284109563e-17
3.889323937864624246e-17
3.955759555360936741e-17
4.279279083826120967e-17
4.279279083826120967e-17
4.450163275196080272e-17
4.450163275196080272e-17
4.450163275196080272e-17
4.450163275196080272e-17
4.484948094896656667e-17
4.586799101065390494e-17
4.586799101065390494e-17
4.802368986141609930e-17
4.802368986141609930e-17
4.953762008247528750e-17
5.030917298265203933e-17
5.084666244507085078e-17
5.084666244507085078e-17
5.084666244507085078e-17
5.084666244507085078e-17
5.138292841545473867e-17
5.138292841545473867e-17
5.145718497049736361e-17
5.158856919209369594e-17
5.165680240173362501e-17
5.314061589577932765e-17
5.483609351186668344e-17
5.483609351186668344e-17
5.483609351186668344e-17
5.483609351186668344e-17
5.627247316086613910e-17
5.698760425527856419e-17
5.745869574610983500e-17
5.748617725950963571e-17
5.748617725950963571e-17
5.962418253315140555e-17
5.962418253315140555e-17
6.009075651493064521e-17
6.101190484506969683e-17
6.108922013019963376e-17
6.150106637210905527e-17
6.180882167627811362e-17
6.212528259684951057e-17
6.212528259684951057e-17
6.212528259684951057e-17
6.212528259684951057e-17
6.277062758788537165e-17
6.302873734986813766e-17
6.302873734986813766e-17
6.357488537130332983e-17
6.567562119526591044e-17
6.632007209596855317e-17
6.632007209596855317e-17
6.641188105597372899e-17
6.641188105597372899e-17
6.783480229258903778e-17
6.783480229258903778e-17
6.783480229258903778e-17
6.994287906876115978e-17
6.994287906876115978e-17
7.021567073516300854e-17
7.021567073516300854e-17
7.118237061490996082e-17
7.274924039517253662e-17
7.326696575548874568e-17
7.557729517651081391e-17
7.612796070699802490e-17
7.612796070699802490e-17
7.612796070699802490e-17
7.631110805314878532e-17
7.631110805314878532e-17
7.646700917282954064e-17
7.679706967794297045e-17
7.679706967794297045e-17
7.711842456665406165e-17
7.770259495594378156e-17
7.980606010829195662e-17
8.315795771012105462e-17
8.363111972593449713e-17
8.383666638780154479e-17
8.422630154353852294e-17
8.527055199534519544e-17
8.527055199534519544e-17
8.845116071228509321e-17
9.197246490356505127e-17
9.445685959524787821e-17
9.445685959524787821e-17
9.620772375460848107e-17
9.665246310930295279e-17
9.828455442650410972e-17
9.980046105777356000e-17
9.980046105777356000e-17
1.008281943671087736e-16
1.054964752837429701e-16
1.054964752837429701e-16
1.070005234537508602e-16
1.070005234537508602e-16
1.072091288457052137e-16
1.076139164797208535e-16
1.081958281144845578e-16
1.084370442749082019e-16
1.087768927163010078e-16
1.098730474648199883e-16
1.098730474648199883e-16
1.114721515544641915e-16
1.121257315880428123e-16
1.121440369111807079e-16
1.152670944450932773e-16
1.161588789663941881e-16
1.163444732966148079e-16
1.165407496534480100e-16
1.171162614837213430e-16
1.171162614837213430e-16
1.187834576108476017e-16
1.195308230146416543e-16
1.195308230146416543e-16
1.212606525224787671e-16
1.219565371460341389e-16
1.232848730368727134e-16
1.248718363209396091e-16
1.264634582862164035e-16
1.272099295996772377e-16
1.272099295996772377e-16
1.282152165359102247e-16
1.286385447799935433e-16
1.286385447799935433e-16
1.316162891060660361e-16
1.320601814278132536e-16
1.320601814278132536e-16
1.329375193316248772e-16
1.329375193316248772e-16
1.329375193316248772e-16
1.329375193316248772e-16
1.331842412062056742e-16
1.333370365384131473e-16
1.333370365384131473e-16
1.337565060768478575e-16
1.338819610678134221e-16
1.342481616453430395e-16
1.343383706542256224e-16
1.347495580927316212e-16
1.347885686656912831e-16
1.351549104153787680e-16
1.356076495256861915e-16
1.356186609540004974e-16
1.356186609540004974e-16
1.394704491668675001e-16
1.401972504929976538e-16
1.401972504929976538e-16
1.407528570490105108e-16
1.433653890026585327e-16
1.457041881421855234e-16
1.461563625638614523e-16
1.462492067863577263e-16
1.484191169676794122e-16
1.497363943728177168e-16
1.497363943728177168e-16
1.497363943728177168e-16
1.497363943728177168e-16
1.497363943728177168e-16
1.504143501323228561e-16
1.512594537267528522e-16
1.538407395761243684e-16
1.538407395761243684e-16
1.543946991236286809e-16
1.549905868020220812e-16
1.596690321140233416e-16
1.600025748656977044e-16
1.600025748656977044e-16
1.604954068688418397e-16
1.604954068688418397e-16
1.607758218317689771e-16
1.611756213828730069e-16
1.611853152043804673e-16
1.616362661340214541e-16
1.616893939227686794e-16
1.619045402913712717e-16
1.624869224999945673e-16
1.624869224999945673e-16
1.627480439346786874e-16
1.630881982490802350e-16
1.631736309332880339e-16
1.631736309332880339e-16
1.631752308844106144e-16
1.631752308844106144e-16
1.642311515679350279e-16
1.647458417268569008e-16
1.647458417268569008e-16
1.660554723067769346e-16
1.667213578467837001e-16
1.667213578467837001e-16
1.667213578467837001e-16
1.667213578467837001e-16
1.680307766684669203e-16
1.699503180277960144e-16
1.713275700713385248e-16
1.716970176084992672e-16
1.733523788030569477e-16
1.737719659849565680e-16
1.737719659849565680e-16
1.737719659849565680e-16
1.738191174856870492e-16
1.757202358784133623e-16
1.757202358784133623e-16
1.757202358784133623e-16
1.757202358784133623e-16
1.766246788365371235e-16
1.799352129961086283e-16
1.830630703833889638e-16
1.857219538622061766e-16
1.858161862775882175e-16
1.870004559813146149e-16
1.872539070620874822e-16
1.877252573685415184e-16
1.878746645689599743e-16
1.888791750583246284e-16
1.899890470348505395e-16
1.902286161867656390e-16
1.935053160858329358e-16
1.974427016837585868e-16
1.974438781184075402e-16
1.998236642411044610e-16
1.998236642411044610e-16
1.998236642411044610e-16
1.999000854359011796e-16
2.001507601309024885e-16
2.005885349924750943e-16
2.010014635542615657e-16
2.038997279554500218e-16
2.038997279554500218e-16
2.041936013307612999e-16
2.054966674053401129e-16
2.055914880380466305e-16
2.082597829940555441e-16
2.088553883281331847e-16
2.089668672754690533e-16
2.091950014825962197e-16
2.091950014825962197e-16
2.098375230304745706e-16
2.100456107911833688e-16
2.100456107911833688e-16
2.105500659686592687e-16
2.107885998580832824e-16
2.111846818756965959e-16
2.111846818756965959e-16
2.111846818756965959e-16
2.111846818756965959e-16
2.146972333931882513e-16
2.146972333931882513e-16
2.157091318921483985e-16
2.199828601562129529e-16
2.204271289370478334e-16
2.215787643436119829e-16
2.215787643436119829e-16
2.238765294425831287e-16
2.240159134197924252e-16
2.240159134197924252e-16
2.257153673849932933e-16
2.257153673849932933e-16
2.304272469697181166e-16
2.304272469697181166e-16
2.325297945030401036e-16
2.360291228950773893e-16
2.399221098493511110e-16
2.399221098493511110e-16
2.399708613012041973e-16
2.401010220307656246e-16
2.401010220307656246e-16
2.401010220307656246e-16
2.401010220307656246e-16
2.401010220307656246e-16
2.418057699518868321e-16
2.425358182376481109e-16
2.425358182376481109e-16
2.425358182376481109e-16
2.434027564591628873e-16
2.464289698927727315e-16
2.470397747625150101e-16
2.470397747625150101e-16
2.470397747625150101e-16
2.482643491173149574e-16
2.540258907532316657e-16
2.540258907532316657e-16
2.543888443711301334e-16
2.552457358407427437e-16
2.558002483125320474e-16
2.558705167541146690e-16
2.563803717666293150e-16
2.563803717666293150e-16
2.563803717666293150e-16
2.577451771315857638e-16
2.614029477421455677e-16
2.614029477421455677e-16
2.659076101278018291e-16
2.664654754383407139e-16
2.664654754383407139e-16
2.671634305868782574e-16
2.713704079489605962e-16
2.722433695158780808e-16
2.722433695158780808e-16
2.738539556076961689e-16
2.754757413573724190e-16
2.761103572644097462e-16
2.771467020753753827e-16
2.772598750886057599e-16
2.866294241494311312e-16
2.866294241494311312e-16
2.866294241494311312e-16
2.871523493508957761e-16
2.874528342889342392e-16
2.874528342889342392e-16
2.876066884123257802e-16
2.876066884123257802e-16
2.885537653621280161e-16
2.885537653621280161e-16
2.907747092785217489e-16
2.920827399073192022e-16
2.920827399073192022e-16
2.920827399073192022e-16
2.938274395491192047e-16
2.950719662355655429e-16
2.993648939131011865e-16
3.002407024518691757e-16
3.015194398579074342e-16
3.058459900377104722e-16
3.110979942984678041e-16
3.114877353333231890e-16
3.121427623815200195e-16
3.121427623815200195e-16
3.121427623815200195e-16
3.121427623815200195e-16
3.121427623815200195e-16
3.121427623815200195e-16
3.129035391403122734e-16
3.172427595212846899e-16
3.187775008712840327e-16
3.220620828824993958e-16
3.263040474110418893e-16
3.307278416789283223e-16
3.309835985716131570e-16
3.372177963564442928e-16
3.372177963564442928e-16
3.382055544164076925e-16
3.427600270451011080e-16
3.428136489364009066e-16
3.432522825952672700e-16
3.432522825952672700e-16
3.432522825952672700e-16
3.432522825952672700e-16
3.469796510796598186e-16
3.494112356199506160e-16
3.516885542847227239e-16
3.516885542847227239e-16
3.516885542847227239e-16
3.522650543201012033e-16
3.527996144602441163e-16
3.527996144602441163e-16
3.581819088583742396e-16
3.581819088583742396e-16
3.592637699259083160e-16
3.641407150562293210e-16
3.641407150562293210e-16
3.687952081587776654e-16
3.736660711219635195e-16
3.764523860019565405e-16
3.820079339308396043e-16
3.820721672626730390e-16
3.820746142467428738e-16
3.820746142467428738e-16
3.842004787148073114e-16
3.842004787148073114e-16
3.842004787148073114e-16
3.842004787148073114e-16
3.843385450852097624e-16
3.843385450852097624e-16
3.845681380713016418e-16
3.864378456589006243e-16
3.869919463785628289e-16
3.871229306123785038e-16
3.887313050070565280e-16
3.887313050070565280e-16
3.914410339914019562e-16
3.914410339914019562e-16
3.914410339914019562e-16
3.914410339914019562e-16
3.930216209996714380e-16
3.930216209996714380e-16
3.934827127959865190e-16
4.010815865379627395e-16
4.047527214461348053e-16
4.047527214461348053e-16
4.054701818811521551e-16
4.077487710953451444e-16
4.078222512035194550e-16
4.141111767282203720e-16
4.144581425992394148e-16
4.156238128711657029e-16
4.159074747937239654e-16
4.170480046572018808e-16
4.182440622361109169e-16
4.182440622361109169e-16
4.182440622361109169e-16
4.251470984119177297e-16
4.251470984119177297e-16
4.328698036650439275e-16
4.328698036650439275e-16
4.382460629534248640e-16
4.520055484929394537e-16
4.520055484929394537e-16
4.583933180568463955e-16
4.650669965334910998e-16
4.756042040407994815e-16
4.776637175946623980e-16
4.792500338396723250e-16
4.849801999635011881e-16
4.930852935349266892e-16
4.945588014614474728e-16
4.978838175315477501e-16
5.079669095000094200e-16
5.079669095000094200e-16
5.187115812576627118e-16
5.245212390707221150e-16
5.245212390707221150e-16
5.249477319240111339e-16
5.296531764112061498e-16
5.296531764112061498e-16
5.296531764112061498e-16
5.340797353005176873e-16
5.364131110763129499e-16
5.439902795990157296e-16
5.439902795990157296e-16
5.459129620388575420e-16
5.459129620388575420e-16
5.536045858885580591e-16
5.547364101356336605e-16
5.559044685698973407e-16
5.579003134805582432e-16
5.694628778992109129e-16
5.712944454754904945e-16
5.845410996228285694e-16
5.918418177673712269e-16
5.989756704213047872e-16
5.989756704213047872e-16
5.989756704213047872e-16
6.024870455041474892e-16
6.024870455041474892e-16
6.097168481680506550e-16
6.118190662996709430e-16
6.139550010483305041e-16
6.241771828853392568e-16
6.241771828853392568e-16
6.241771828853392568e-16
6.241771828853392568e-16
6.241771828853392568e-16
6.241771828853392568e-16
6.241771828853392568e-16
6.241771828853392568e-16
6.241771828853392568e-16
6.323950730109075213e-16
6.380153248454836603e-16
6.393742480371953423e-16
6.393742480371953423e-16
6.521718570790237526e-16
6.521718570790237526e-16
6.521718570790237526e-16
6.521718570790237526e-16
6.534435005841287070e-16
6.534435005841287070e-16
6.602167760181547623e-16
6.663008842704710375e-16
6.663008842704710375e-16
6.663008842704710375e-16
6.671613756301094785e-16
6.671613756301094785e-16
6.829226353109158002e-16
7.003032219929820092e-16
7.020470746018347574e-16
7.020470746018347574e-16
7.127660412624081573e-16
7.127660412624081573e-16
7.200891469583206603e-16
7.339558939269545651e-16
7.351320932889890892e-16
7.367424499760506456e-16
7.372291056972876773e-16
7.382239458938378530e-16
7.609038059808567359e-16
7.757547875876804690e-16
7.757547875876804690e-16
7.762241438374044695e-16
7.764000266995979110e-16
7.772130195102844291e-16
7.795235724538898389e-16
7.795235724538898389e-16
7.832439293877745822e-16
7.832439293877745822e-16
7.947688184867942028e-16
7.977341631916666228e-16
8.107942406858521707e-16
8.136972990582351536e-16
8.255749303224002756e-16
8.397250627514499473e-16
8.580695611631450714e-16
8.618137114878050958e-16
8.677163723420383832e-16
8.776048408443486103e-16
8.799939913868512925e-16
8.799939913868512925e-16
8.799939913868512925e-16
8.799939913868512925e-16
8.937747939222052305e-16
8.937747939222052305e-16
9.034261696675364142e-16
9.191656417786439936e-16
9.397671771217630865e-16
9.397671771217630865e-16
9.415038299505641731e-16
9.455569767179478297e-16
9.464840778074106188e-16
9.477248163742872700e-16
9.527714151453354340e-16
9.803340790072271806e-16
9.803340790072271806e-16
9.805780009673434618e-16
9.805780009673434618e-16
9.805780009673434618e-16
9.841245985035760894e-16
1.007353253589990310e-15
1.017710207780384325e-15
1.018920241402923008e-15
1.019932469303584855e-15
1.020970249364822271e-15
1.026894868371778390e-15
1.026894868371778390e-15
1.038267603295474168e-15
1.038393575917685288e-15
1.039948246070638064e-15
1.045090983081199591e-15
1.045429278628855855e-15
1.047662916275112022e-15
1.047662916275112022e-15
1.047797429812874557e-15
1.047797429812874557e-15
1.062789448287589420e-15
1.085049227090156084e-15
1.093265505500255290e-15
1.115989017194924015e-15
1.126719165866835711e-15
1.127299342260492281e-15
1.127299342260492281e-15
1.132501348048668651e-15
1.134157944499607827e-15
1.134157944499607827e-15
1.135055581783287283e-15
1.137875648573359112e-15
1.140673868971999607e-15
1.146077533305528085e-15
1.146077533305528085e-15
1.146077533305528085e-15
1.146139331417638114e-15
1.150503080461041371e-15
1.150503080461041371e-15
1.159286588601485075e-15
1.172137672480282201e-15
1.203972576416407494e-15
1.237371285520534793e-15
1.247977190929169412e-15
1.247977190929169412e-15
1.249908584867586827e-15
1.266897742331076431e-15
1.276830897703527611e-15
1.299553397664398183e-15
1.312567476563809271e-15
1.327813746094858168e-15
1.328474161213747217e-15
1.375422891668141092e-15
1.386403426808565172e-15
1.387222566490292573e-15
1.387451641845138946e-15
1.397489405786576032e-15
1.423128904870419847e-15
1.436174200463241268e-15
1.438023273387097406e-15
1.462724918768786854e-15
1.482081927425459609e-15
1.482081927425459609e-15
1.491955037573427563e-15
1.492464527891201025e-15
1.493629457009298416e-15
1.502634546615874569e-15
1.506329939606508268e-15
1.506329939606508268e-15
1.507150902761941541e-15
1.523686891716476806e-15
1.530186199049452010e-15
1.531488488677162539e-15
1.532186867342173710e-15
1.580417276289228326e-15
1.600078746233053087e-15
1.614649383463028604e-15
1.617854532606745919e-15
1.624063495868356754e-15
1.626345049697865084e-15
1.626345049697865084e-15
1.636205877868097851e-15
1.636205877868097851e-15
1.645813113785399982e-15
1.645813113785399982e-15
1.645813113785399982e-15
1.675981086292195057e-15
1.677765078851270555e-15
1.707501264548856371e-15
1.707501264548856371e-15
1.723707240055664257e-15
1.725823740103922982e-15
1.725823740103922982e-15
1.739058988717339271e-15
1.739058988717339271e-15
1.775291070087418317e-15
1.775291070087418317e-15
1.799860848909305400e-15
1.808369447800979168e-15
1.831443125268912295e-15
1.835947558249812123e-15
1.836016514966760990e-15
1.842593702273497478e-15
1.843403642236270065e-15
1.849952018658453724e-15
1.852215743620856890e-15
1.868443071416543215e-15
1.876152600601600958e-15
1.876152600601600958e-15
1.916378083505415985e-15
1.924394368025191346e-15
1.924855524525412109e-15
1.934682706664684672e-15
1.938865525941250595e-15
1.946735756099357081e-15
1.994710178748970331e-15
2.016254467644556749e-15
2.016254467644556749e-15
2.032336152830701643e-15
2.042204139605773445e-15
2.042204139605773445e-15
2.043192032955721399e-15
2.062726318549646651e-15
2.065492475221929756e-15
2.067338618823509841e-15
2.089780792054051866e-15
2.124728689125667943e-15
2.132248282936650486e-15
2.147321551870395981e-15
2.162440572347639785e-15
2.173618719098223754e-15
2.173618719098223754e-15
2.209065048001913071e-15
2.209455483133211389e-15
2.209455483133211389e-15
2.219252213261595424e-15
2.219252213261595424e-15
2.261765938025898078e-15
2.269373499737756795e-15
2.270260178532681149e-15
2.271171291875264710e-15
2.279302684643267721e-15
2.279302684643267721e-15
2.279302684643267721e-15
2.279302684643267721e-15
2.279302684643267721e-15
2.288743290356890525e-15
2.302609702041649541e-15
2.302609702041649541e-15
2.314801276656237365e-15
2.332605150407174045e-15
2.340556431030420927e-15
2.340556431030420927e-15
2.346221805015958026e-15
2.346221805015958026e-15
2.352594327986814194e-15
2.410281230397425724e-15
2.424614698402169840e-15
2.463465188016968410e-15
2.463465188016968410e-15
2.473126804625918806e-15
2.474093310393948588e-15
2.474093310393948588e-15
2.483650847829505112e-15
2.524684076645472234e-15
2.524684076645472234e-15
2.530663405745778612e-15
2.531322544433073491e-15
2.536410771344175191e-15
2.607361780310142149e-15
2.609186689266308385e-15
2.609186689266308385e-15
2.609186689266308385e-15
2.610545606575846877e-15
2.610545606575846877e-15
2.616577675241466018e-15
2.640542366666004888e-15
2.652242279829924217e-15
2.652242279829924217e-15
2.652242279829924217e-15
2.652242279829924217e-15
2.668060537769473024e-15
2.668060537769473024e-15
2.729092867391344483e-15
2.787627543903039161e-15
2.817277102835248556e-15
2.821521237885718586e-15
2.856525844989588074e-15
2.856525844989588074e-15
2.856525844989588074e-15
2.856525844989588074e-15
2.866318116430652446e-15
2.884924859772121613e-15
2.884924859772121613e-15
2.904482726998585135e-15
2.923433230426654698e-15
2.923433230426654698e-15
2.926730500285559009e-15
2.966731872388746205e-15
2.977044257352464450e-15
2.977044257352464450e-15
2.978519177000564155e-15
3.012015130192774799e-15
3.036987155549835845e-15
3.076179987647482897e-15
3.076179987647482897e-15
3.096611010552581147e-15
3.109927815498037106e-15
3.110496098137392383e-15
3.110496098137392383e-15
3.117164112081202423e-15
3.120018854282552278e-15
3.120018854282552278e-15
3.129226837690862081e-15
3.135376226301849232e-15
3.135511492757787192e-15
3.160472253753084493e-15
3.170445713776609321e-15
3.170445713776609321e-15
3.174111695901019088e-15
3.197143851108016888e-15
3.215353794806736752e-15
3.266731384080180967e-15
3.310188291795597862e-15
3.313224322576353292e-15
3.313224322576353292e-15
3.313849321130135270e-15
3.339087014841798418e-15
3.341289794607212295e-15
3.343855151531436928e-15
3.357451624403817838e-15
3.362512716849741352e-15
3.362512716849741352e-15
3.392124935746192489e-15
3.415088851861377114e-15
3.415088851861377114e-15
3.434538704740546241e-15
3.434538704740546241e-15
3.438378752135616766e-15
3.438378752135616766e-15
3.438378752135616766e-15
3.438378752135616766e-15
3.438378752135616766e-15
3.438378752135616766e-15
3.486595243860773982e-15
3.486595243860773982e-15
3.500227274470419707e-15
3.505905289246259840e-15
3.505905289246259840e-15
3.505905289246259840e-15
3.505905289246259840e-15
3.514990182297248465e-15
3.613545018573474255e-15
3.655236591983348204e-15
3.655236591983348204e-15
3.655236591983348204e-15
3.672806272888716041e-15
3.712378246345031616e-15
3.713918246357911763e-15
3.797076652984495466e-15
3.831422562564063569e-15
3.849882857438255888e-15
3.849882857438255888e-15
3.849882857438255888e-15
3.851967181998865330e-15
3.851967181998865330e-15
3.890982395993211707e-15
3.906535991429782488e-15
3.969742036999065161e-15
3.998950221179675996e-15
4.006196170409135803e-15
4.007428615111737387e-15
4.011671138446738160e-15
4.047579106188853966e-15
4.047579106188853966e-15
4.047579106188853966e-15
4.047579106188853966e-15
4.052063439783776370e-15
4.052063439783776370e-15
4.157693589325803246e-15
4.173099642210874169e-15
4.217182577860390666e-15
4.304264794029050451e-15
4.337862991156602715e-15
4.337862991156602715e-15
4.341971759754189667e-15
4.341971759754189667e-15
4.390216691786985682e-15
4.410691725112301818e-15
4.444632394130513731e-15
4.445091933033092343e-15
4.446306101823422179e-15
4.446306101823422179e-15
4.478144429184376024e-15
4.482150853849676238e-15
4.490883140025504211e-15
4.512679215346835258e-15
4.512679215346835258e-15
4.544321084003585309e-15
4.544321084003585309e-15
4.544321084003585309e-15
4.548801717711536370e-15
4.551871465109331467e-15
4.560152753298132046e-15
4.574808158526738576e-15
4.578063206146091340e-15
4.583102658076646848e-15
4.609171161701754903e-15
4.664030550490966595e-15
4.664030550490966595e-15
4.689237974539111979e-15
4.714812057974300068e-15
4.748543556911926477e-15
4.748543556911926477e-15
4.748543556911926477e-15
4.824539747045189882e-15
4.827498303722137592e-15
4.827498303722137592e-15
4.836407631548288291e-15
4.860747623272366596e-15
4.913020908712319608e-15
4.946339679082049782e-15
5.044038294456413430e-15
5.063988758512842479e-15
5.064488252077186630e-15
5.064488252077186630e-15
5.074936665238277994e-15
5.094302176576376379e-15
5.138391226744980869e-15
5.245126083715425223e-15
5.245629462455197140e-15
5.307780119677633979e-15
5.327094397286770056e-15
5.430944142395401279e-15
5.430944142395401279e-15
5.430944142395401279e-15
5.486685771879823975e-15
5.488212089957736493e-15
5.517996321246386033e-15
5.539676147177879321e-15
5.624648457214487848e-15
5.656539365322077240e-15
5.659425856553516106e-15
5.680388139699566596e-15
5.723324813307778187e-15
5.724966710207778290e-15
5.724966710207778290e-15
5.758943763408596747e-15
5.848571881213473918e-15
5.863802401225660200e-15
5.889980333860728906e-15
5.931347293657914221e-15
5.935248500949297690e-15
5.985385089899156079e-15
6.009107491666654040e-15
6.041144851182605938e-15
6.041144851182605938e-15
6.041370885453884957e-15
6.045318238394374315e-15
6.046282508936570978e-15
6.048317911462303590e-15
6.056438519265662527e-15
6.096732867712741434e-15
6.098994945666636401e-15
6.098994945666636401e-15
6.126031987350630675e-15
6.151995011845113204e-15
6.158316289322660486e-15
6.182775521521670753e-15
6.187895729808704592e-15
6.194336438931814730e-15
6.198860974239778429e-15
6.198860974239778429e-15
6.222807545629636714e-15
6.250046751725882172e-15
6.261146600868404321e-15
6.283094430377278344e-15
6.298393607115577744e-15
6.299065071896906883e-15
6.372922818534621953e-15
6.407947572081855174e-15
6.422182728384072141e-15
6.440357381984409655e-15
6.521007062309683332e-15
6.541731017442373825e-15
6.591912434434530911e-15
6.710122893774376526e-15
6.739470979563442460e-15
6.772652548242236908e-15
6.859678486718377039e-15
6.896018379500773993e-15
6.939381119504714627e-15
6.940983335264005340e-15
6.942530020366778139e-15
7.011045841961341874e-15
7.082564036541354257e-15
7.108473333265418236e-15
7.109086393948600243e-15
7.109086393948600243e-15
7.152432699160494671e-15
7.158270767870326529e-15
7.186572747381927483e-15
7.277884643160308324e-15
7.284330634474993014e-15
7.296493621727611400e-15
7.310293100163018249e-15
7.341489853005986164e-15
7.341849642014678217e-15
7.366448611121293077e-15
7.371647131721822549e-15
7.455789290648389763e-15
7.542849345729350034e-15
7.549931773483691476e-15
7.610134184341364750e-15
7.615168807007686961e-15
7.672218514178293420e-15
7.678582675639881898e-15
7.715465319488665069e-15
7.719285229263631597e-15
7.744843145545656732e-15
7.797067679533756313e-15
7.810684169441688606e-15
7.823206522186525418e-15
7.843150630554763612e-15
7.869712022063661971e-15
7.870691015685490071e-15
7.915419416910593947e-15
7.983406281135030396e-15
8.033250611366133555e-15
8.061536494310648653e-15
8.073517078312031745e-15
8.157270375588643325e-15
8.196017212487608097e-15
8.211198319303450905e-15
8.267828298119999703e-15
8.290173871360428953e-15
8.301588228542004782e-15
8.301588228542004782e-15
8.380750039614780630e-15
8.435544653912220522e-15
8.510281620749185556e-15
8.565027974756238660e-15
8.605994535020649237e-15
8.713329282488379742e-15
8.725166267935423629e-15
8.738203266722883339e-15
8.794832898491210868e-15
8.841645206642624242e-15
8.852025113073019968e-15
8.978908228057424616e-15
9.079025640127444749e-15
9.123071600435944123e-15
