1.150379956882712534e-19
2.300759913765425068e-19
3.451139870648137362e-19
4.601519827530850137e-19
0.000000000000000000e+00
0.000000000000000000e+00
0.000000000000000000e+00
0.000000000000000000e+00
0.000000000000000000e+00
0.000000000000000000e+00
0.000000000000000000e+00
0.000000000000000000e+00
0.000000000000000000e+00
0.000000000000000000e+00
1.151800855301762935e-19
2.303601710603525870e-19
2.304522992237025796e-19
4.609045984474051593e-19
5.761307480592564491e-19
8.065830472829590287e-19
