[Problem]
Name = benchmarkC12b

[TimeLoop]
TEnd = 1209600 # 1209600 -> 2 weeks [s] # 86400 # a day
CheckTimes = 86400 # one day
DtInitial = 360 # [s]
MaxTimeStepSize = 360 # 1 h

[RootSystem.Grid]
File =  grids/RootSystem.dgf 

[RootSystem]
Radius = 0.02 # cm

[RootSystem.Conductivity]
Kx0 = 0.356737056 0.321442035 0.289639051 0.260982605 0.235161384 0.211894875 0.190930319 0.172039965 0.155018593 0.13968129 0.125861436 0.113408897 0.102188394 0.09207803 0.08296797 0.074759246 0.06736268      # axial conductivity (cm^3 / day) # setting overrides kr, kx from grid data, age is calculated from grid data   
KxAge0 = 0	2	4	6	8	10	12	14	16	18	20	22	24	26	28	30	32 # days

Kr0 = 5.17E-04 5.43E-04 5.70E-04 5.99E-04 6.30E-04 6.62E-04 6.95E-04 7.30E-04	7.67E-04 8.06E-04 8.47E-04 8.90E-04 9.35E-04 9.83E-04 1.03E-03 1.09E-03 1.14E-03  
KrAge0 = 0	2	4	6	8	10	12	14	16	18	20	22	24	26	28	30	32 # days

Kx1 = 0.356737056 0.321442035 0.289639051 0.260982605 0.235161384 0.211894875 0.190930319 0.172039965 0.155018593 0.13968129 0.125861436 0.113408897 0.102188394 0.09207803 0.08296797 0.074759246 0.06736268      # axial conductivity (cm^3 / day) # setting overrides kr, kx from grid data, age is calculated from grid data   
KxAge1 = 0	2	4	6	8	10	12	14	16	18	20	22	24	26	28	30	32 # days

Kr1 = 5.17E-04 5.43E-04 5.70E-04 5.99E-04 6.30E-04 6.62E-04 6.95E-04 7.30E-04 7.67E-04 8.06E-04 8.47E-04 8.90E-04 9.35E-04 9.83E-04 1.03E-03 1.09E-03 1.14E-03  
KrAge1 = 0	2	4	6	8	10	12	14	16	18	20	22	24	26	28	30	32 # days

Kx2 = 1.36E-02 1.11E-02 9.03E-03 7.34E-03 5.97E-03 4.86E-03 3.95E-03 3.21E-03 2.61E-03 2.12E-03 1.73E-03 1.41E-03 1.14E-03 9.30E-04 7.56E-04 6.15E-04 5.00E-04 4.07E-04   
KxAge2 = 0 1 2 3 4  5  6  7  8  9 10 11  12  13  14 15 16 17 # days

Kr2 = 1.58E-03 1.67E-03 1.77E-03 1.87E-03 1.98E-03 2.09E-03 2.21E-03 2.34E-03 2.48E-03 2.62E-03 2.77E-03 2.93E-03 3.10E-03 3.28E-03 3.47E-03 3.67E-03 3.89E-03 4.11E-03
KrAge2 = 0 1 2 3 4  5  6  7  8  9 10 11  12  13  14 15 16 17 # days

Kx3 = 1.36E-02 1.11E-02 9.03E-03 7.34E-03 5.97E-03 4.86E-03 3.95E-03 3.21E-03 2.61E-03 2.12E-03 1.73E-03 1.41E-03 1.14E-03 9.30E-04 7.56E-04 6.15E-04 5.00E-04 4.07E-04   
KxAge3 = 0 1 2 3 4  5  6  7  8  9 10 11  12  13  14 15 16 17 # days

Kr3 = 1.58E-03 1.67E-03 1.77E-03 1.87E-03 1.98E-03 2.09E-03 2.21E-03 2.34E-03 2.48E-03 2.62E-03 2.77E-03 2.93E-03 3.10E-03 3.28E-03 3.47E-03 3.67E-03 3.89E-03 4.11E-03
KrAge3 = 0 1 2 3 4  5  6  7  8  9 10 11  12  13  14 15 16 17 # days

[RootSystem.Collar]
Transpiration =  9e-3 #kg/day -> 0.06 cm3/day
Sinusoidal = True
 
[Soil.IC]
P = -2500 #cm  

