1.336533571558318184e-19
3.119545401330098783e-19
4.457526543647093155e-19
5.349993477324644460e-19
6.242937921165717046e-19
6.242937921165717046e-19
6.689884685147471366e-19
6.689884685147471366e-19
7.584719464103182345e-19
8.927673210091918768e-19
1.251074638437489684e-18
1.251074638437489684e-18
1.251074638437489684e-18
1.251074638437489684e-18
1.430597136989794416e-18
1.700017793230678090e-18
1.744943961381702217e-18
1.834841564450763928e-18
1.969755594700504754e-18
2.059743183404283014e-18
2.329840112748416577e-18
2.374878538327188870e-18
2.600181573114878913e-18
2.960843169627149864e-18
3.141261985351156958e-18
3.321768467698838657e-18
3.502362267923030200e-18
3.592702653639957841e-18
3.592702653639957841e-18
3.818769756254146829e-18
3.909239569063018829e-18
4.090264799697752832e-18
4.361930548410052218e-18
4.679022556372867821e-18
4.860302590915709136e-18
6.012267399181557597e-18
6.330751787349174525e-18
8.231305491443989854e-18
8.231305491443989854e-18
8.413699919419416374e-18
9.708530951455489646e-18
9.983157855909717587e-18
1.091169419564426539e-17
1.107648916127118469e-17
1.107648916127118469e-17
1.107648916127118469e-17
1.119121506823818450e-17
1.122566107475985887e-17
1.187627649302307884e-17
1.187627649302307884e-17
1.324555230964561323e-17
1.382915801030382616e-17
1.404119859143315166e-17
1.408035033655068410e-17
1.455817103357402527e-17
1.584500230999714211e-17
1.624404894292583335e-17
1.728505243510136847e-17
1.728505243510136847e-17
1.728505243510136847e-17
1.887568619527302565e-17
1.919031187779204033e-17
1.932000203349386406e-17
1.932000203349386406e-17
1.932000203349386406e-17
2.012778912085871618e-17
2.012778912085871618e-17
2.012778912085871618e-17
2.012778912085871618e-17
2.080409787185531711e-17
2.219897290643931514e-17
2.280149567625287309e-17
2.281824810565412446e-17
2.407119806418706929e-17
2.464661577968848963e-17
2.474402456862273417e-17
2.494693601687609699e-17
2.545459109659717330e-17
2.545459109659717330e-17
2.545459109659717330e-17
2.545459109659717330e-17
2.545459109659717330e-17
2.589326004850298510e-17
2.635009315138880339e-17
2.743683642271607072e-17
2.762167783476134283e-17
2.773480379060574981e-17
2.779908417982515778e-17
2.895820171075670991e-17
2.911377342873574768e-17
2.952787842517118477e-17
2.989464369133229682e-17
3.047279073521931469e-17
3.176988052178140200e-17
3.258670262725030101e-17
3.285078867724981117e-17
3.319440170951930362e-17
3.402967031028395952e-17
3.550774280324271362e-17
3.594076486883349264e-17
3.606913741772847703e-17
3.606913741772847703e-17
3.608974855277833372e-17
3.703682550258055728e-17
3.704237827412366812e-17
3.736472136793988728e-17
3.747107106020625986e-17
3.785025947626043293e-17
4.156506363860204073e-17
4.156506363860204073e-17
4.331522193717326294e-17
4.355210881808871355e-17
4.355210881808871355e-17
4.355210881808871355e-17
4.355210881808871355e-17
4.405835217623103166e-17
4.405835217623103166e-17
4.696565159552354391e-17
4.696565159552354391e-17
4.798077352542186498e-17
4.871957448497144643e-17
4.920285383876598266e-17
4.920285383876598266e-17
4.924652309293553702e-17
4.924652309293553702e-17
4.965554589168744830e-17
4.965554589168744830e-17
4.968312151985917095e-17
4.968312151985917095e-17
4.969610935838373895e-17
5.130415435136007025e-17
5.257253913248742712e-17
5.277789756481063707e-17
5.277789756481063707e-17
5.277789756481063707e-17
5.389800452278253349e-17
5.445676392365461823e-17
5.469186262390364446e-17
5.473713182919579164e-17
5.473713182919579164e-17
5.623454490778351481e-17
5.623454490778351481e-17
5.675885830213392672e-17
5.803966623315434461e-17
5.847729992256907056e-17
5.910264552457253981e-17
5.986991620262705609e-17
6.001889988657189718e-17
6.009376818763198698e-17
6.009376818763198698e-17
6.009376818763198698e-17
6.065088057999552101e-17
6.114658308368311825e-17
6.114658308368311825e-17
6.183545615673066003e-17
6.388569940555969400e-17
6.414235038857774700e-17
6.414235038857774700e-17
6.459697179432351068e-17
6.459697179432351068e-17
6.533887854134636201e-17
6.533887854134636201e-17
6.533887854134636201e-17
6.676899955801333235e-17
6.676899955801333235e-17
6.742521480520561952e-17
6.773009960883120359e-17
6.894794475743905593e-17
7.020301229834013343e-17
7.078195931778844771e-17
7.283860237110785298e-17
7.375523319219488578e-17
7.375523319219488578e-17
7.375523319219488578e-17
7.393207484862720300e-17
7.448895195406094142e-17
7.469351041082285495e-17
7.493882056382489067e-17
7.493882056382489067e-17
7.531655020091434458e-17
7.536920741580199102e-17
7.849315904004776645e-17
8.268451334999184013e-17
8.299805671263381108e-17
8.329541233450603455e-17
8.374979845332200263e-17
8.396056848503044359e-17
8.407115334203309383e-17
8.802373847562337059e-17
9.197599420751193597e-17
9.296401108309811327e-17
9.296401108309811327e-17
9.521316590237402799e-17
9.615906641752728587e-17
9.847993669300406880e-17
9.916758627401668085e-17
9.916758627401668085e-17
1.001366390230615645e-16
1.039551576640558662e-16
1.042612189023304159e-16
1.051712616893832459e-16
1.051712616893832459e-16
1.065899477612622832e-16
1.066623690782525258e-16
1.079293421378011276e-16
1.082764844740175109e-16
1.084364795862766579e-16
1.101605210356408705e-16
1.101901671887947710e-16
1.121171671437982919e-16
1.122724565174615885e-16
1.122724565174615885e-16
1.158635938695040623e-16
1.163420263125448745e-16
1.165542551232180408e-16
1.165542551232180408e-16
1.168990916475224691e-16
1.168990916475224691e-16
1.184554676307162820e-16
1.202205431206363764e-16
1.202205431206363764e-16
1.219293850343359633e-16
1.219448198569303722e-16
1.229977288677534316e-16
1.246520783285130083e-16
1.257902553226929923e-16
1.264774343298460255e-16
1.264774343298460255e-16
1.274434283488035910e-16
1.288365622601071194e-16
1.289955691672611323e-16
1.312552648409917740e-16
1.318834338861527658e-16
1.319176916631306010e-16
1.331492775684383537e-16
1.331492775684383537e-16
1.334175987831741353e-16
1.334175987831741353e-16
1.337609765285138260e-16
1.337609765285138260e-16
1.338489267828704057e-16
1.339656291000476676e-16
1.342901838910039322e-16
1.348884714960812278e-16
1.349629162806676782e-16
1.352780595944322420e-16
1.352780595944322420e-16
1.361184574502663754e-16
1.373659487520281282e-16
1.373659487520281282e-16
1.373659487520281282e-16
1.415940078230198965e-16
1.422035892007272331e-16
1.422035892007272331e-16
1.422035892007272331e-16
1.449065183928016695e-16
1.476231883415760063e-16
1.481658070590643138e-16
1.481658070590643138e-16
1.489913347809355575e-16
1.500158681880255979e-16
1.500158681880255979e-16
1.500158681880255979e-16
1.505525106174971612e-16
1.505525106174971612e-16
1.515144577012622867e-16
1.524002659345464533e-16
1.556702836848076438e-16
1.557494812653759209e-16
1.557494812653759209e-16
1.567173575797718265e-16
1.604290559546401706e-16
1.612620187434928469e-16
1.612620187434928469e-16
1.620968638277838880e-16
1.620968638277838880e-16
1.624787815722236493e-16
1.629867189962604699e-16
1.629867189962604699e-16
1.637950237148708680e-16
1.637950237148708680e-16
1.644132165942086398e-16
1.652376149388168696e-16
1.652376149388168696e-16
1.658023035703197283e-16
1.659542048121940077e-16
1.661637748805605009e-16
1.661637748805605009e-16
1.661637748805605009e-16
1.664526837016531634e-16
1.671279101327727083e-16
1.677382914860413598e-16
1.680489172907538924e-16
1.693923350737921948e-16
1.706669784872520493e-16
1.706669784872520493e-16
1.706669784872520493e-16
1.706669784872520493e-16
1.722336835666637632e-16
1.746157755012726514e-16
1.764528252630163793e-16
1.772105432917213150e-16
1.786128533932867733e-16
1.786128533932867733e-16
1.786128533932867733e-16
1.786128533932867733e-16
1.788960212132924872e-16
1.801042431264718006e-16
1.801042431264718006e-16
1.801042431264718006e-16
1.801042431264718006e-16
1.810315324454784459e-16
1.836299707120318617e-16
1.862550434590378239e-16
1.876633533773129837e-16
1.878306188557027260e-16
1.882267479307019789e-16
1.891325320243255676e-16
1.891325320243255676e-16
1.894471577068445762e-16
1.915910686824241564e-16
1.922766947958405485e-16
1.930603885015946078e-16
1.965176475905849628e-16
2.020595018201540902e-16
2.023897034974253999e-16
2.046539166802080728e-16
2.046539166802080728e-16
2.046539166802080728e-16
2.046539166802080728e-16
2.050569161335572882e-16
2.054479630108730153e-16
2.054479630108730153e-16
2.086249483090941003e-16
2.088582588286766960e-16
2.088896461051110691e-16
2.102747332034156817e-16
2.102747332034156817e-16
2.130850473502475828e-16
2.149636252550997534e-16
2.153115205094914752e-16
2.156444044577624153e-16
2.157926352235319178e-16
2.158525392758571776e-16
2.161465538233263479e-16
2.161465538233263479e-16
2.161465538233263479e-16
2.164608030467576933e-16
2.166271038487352958e-16
2.168747198136493112e-16
2.168747198136493112e-16
2.168747198136493112e-16
2.191611676112974095e-16
2.191611676112974095e-16
2.203549899643733997e-16
2.224523847139329149e-16
2.233550394913902640e-16
2.245570733583160443e-16
2.245570733583160443e-16
2.258776212517784559e-16
2.262653976407700759e-16
2.262653976407700759e-16
2.279957918372386834e-16
2.279957918372386834e-16
2.309664069693384361e-16
2.309664069693384361e-16
2.316445039010014676e-16
2.336353136713648084e-16
2.373954811537705038e-16
2.374628908591561421e-16
2.376848840774156902e-16
2.381738573749111925e-16
2.381738573749111925e-16
2.384090266612391463e-16
2.384090266612391463e-16
2.384090266612391463e-16
2.398210305843120650e-16
2.415407662828610723e-16
2.415407662828610723e-16
2.415407662828610723e-16
2.421343010919565659e-16
2.468772150227210566e-16
2.479276535207812744e-16
2.480212036040669106e-16
2.480212036040669106e-16
2.487560046858100161e-16
2.538033093176475423e-16
2.540165498621188124e-16
2.544169611592403255e-16
2.544169611592403255e-16
2.546755767881221435e-16
2.547146461828142481e-16
2.552112310124885603e-16
2.552112310124885603e-16
2.557037218495844932e-16
2.587272530121946823e-16
2.613756897513291086e-16
2.613756897513291086e-16
2.648668772155955996e-16
2.658627997320228006e-16
2.658627997320228006e-16
2.665480023289655655e-16
2.709137513112721216e-16
2.709137513112721216e-16
2.709137513112721216e-16
2.729270074547377013e-16
2.747838919046629839e-16
2.751826091358899884e-16
2.764581466396830366e-16
2.764581466396830366e-16
2.856617713576184931e-16
2.861514034585174428e-16
2.861514034585174428e-16
2.861514034585174428e-16
2.861557562667185998e-16
2.861967667785815119e-16
2.861967667785815119e-16
2.862637764961865297e-16
2.866847989283578810e-16
2.866847989283578810e-16
2.893451411861397822e-16
2.906760887618990657e-16
2.906760887618990657e-16
2.906760887618990657e-16
2.930237582186792445e-16
2.942648026585646867e-16
2.975797366837233125e-16
2.982909855437941471e-16
2.994234921229661041e-16
3.033686068965354506e-16
3.076337589520090306e-16
3.088380868665002748e-16
3.097889166428327123e-16
3.097889166428327123e-16
3.097889166428327123e-16
3.097889166428327123e-16
3.097889166428327123e-16
3.097889166428327123e-16
3.107577458692943037e-16
3.152821017709742275e-16
3.167269399850997290e-16
3.201407651068502944e-16
3.255350826670928274e-16
3.285678488416973644e-16
3.289200851399437892e-16
3.361665696471692141e-16
3.362100271431019610e-16
3.362100271431019610e-16
3.391205970507185865e-16
3.391205970507185865e-16
3.398175287011115475e-16
3.398175287011115475e-16
3.400642152826528837e-16
3.400642152826528837e-16
3.419198174188107569e-16
3.451368838455220749e-16
3.476343251974618941e-16
3.476343251974618941e-16
3.476343251974618941e-16
3.488137832834740219e-16
3.488137832834740219e-16
3.488137832834740219e-16
3.533726793064475159e-16
3.533726793064475159e-16
3.533726793064475159e-16
3.569726516827037418e-16
3.569726516827037418e-16
3.599088443369748098e-16
3.665197482607507678e-16
3.679769272743438994e-16
3.732952118632238802e-16
3.736397660432125243e-16
3.736711062622609334e-16
3.736711062622609334e-16
3.769092661622281595e-16
3.769105367116490410e-16
3.769105367116490410e-16
3.769105367116490410e-16
3.769105367116490410e-16
3.769105367116490410e-16
3.777056888908840154e-16
3.800763223520119885e-16
3.800763223520119885e-16
3.806406580531201661e-16
3.824075217237066726e-16
3.824075217237066726e-16
3.846639233804202006e-16
3.846639233804202006e-16
3.854220649255987634e-16
3.854220649255987634e-16
3.865290899302741699e-16
3.865290899302741699e-16
3.895410449759385338e-16
3.963734715441144980e-16
4.031008424981379222e-16
4.031008424981379222e-16
4.035045948696624885e-16
4.064264114925232401e-16
4.064264114925232401e-16
4.097518510790971446e-16
4.099207870946884134e-16
4.135371119125651993e-16
4.135371119125651993e-16
4.140385907103792305e-16
4.142398433857775762e-16
4.144422960245178327e-16
4.161684197632107326e-16
4.240354500190718606e-16
4.240354500190718606e-16
4.292166564426544877e-16
4.292166564426544877e-16
4.334375863196735158e-16
4.462553006296527370e-16
4.462553006296527370e-16
4.507896797545418203e-16
4.565189870810769504e-16
4.641495422081498070e-16
4.644978139216291673e-16
4.647362772249742102e-16
4.714517544246966382e-16
4.793358782760071737e-16
4.817156643987040453e-16
4.825893788837968561e-16
4.910378619649086252e-16
4.910378619649086252e-16
5.017207356104517892e-16
5.104637391059317065e-16
5.126100500081951329e-16
5.126100500081951329e-16
5.154018941310382641e-16
5.154018941310382641e-16
5.154018941310382641e-16
5.188839289337358074e-16
5.196357177318099137e-16
5.306402050816868848e-16
5.306402050816868848e-16
5.309438663932775515e-16
5.309438663932775515e-16
5.414135583160818388e-16
5.414806150910727714e-16
5.431471524147956073e-16
5.458659399459380552e-16
5.537555342183663076e-16
5.547756912885621843e-16
5.653365451323147156e-16
5.680666264360872537e-16
5.797659866757214929e-16
5.797659866757214929e-16
5.797659866757214929e-16
5.807930611816532468e-16
5.807930611816532468e-16
5.865601555891131214e-16
5.887184896534890067e-16
5.900780245912180735e-16
5.996700139154696267e-16
6.012069787269555121e-16
6.012069787269555121e-16
6.018019252576297300e-16
6.018019252576297300e-16
6.027332379831358332e-16
6.027332379831358332e-16
6.027332379831358332e-16
6.035046497111547299e-16
6.115480981069745233e-16
6.163391988009606303e-16
6.173194276791706693e-16
6.173194276791706693e-16
6.336716104841517510e-16
6.336716104841517510e-16
6.336716104841517510e-16
6.336716104841517510e-16
6.357537351119677067e-16
6.396429339466717414e-16
6.436090127856856812e-16
6.509757642070747381e-16
6.509757642070747381e-16
6.509757642070747381e-16
6.524837063757706849e-16
6.524837063757706849e-16
6.605711181344222525e-16
6.775006597720755466e-16
6.807812301411379305e-16
6.823151832799225111e-16
6.977562645066667072e-16
6.977562645066667072e-16
7.048940876275405220e-16
7.241577285482981588e-16
7.255548741017546912e-16
7.255548741017546912e-16
7.273848123160454463e-16
7.283999636568099579e-16
7.426106354128953547e-16
7.603185709182091048e-16
7.603185709182091048e-16
7.603185709182091048e-16
7.604018095517966071e-16
7.604018095517966071e-16
7.653878278205963214e-16
7.653878278205963214e-16
7.713708509257003605e-16
7.713708509257003605e-16
7.795807471778289125e-16
7.833427087230742347e-16
7.891017386710154261e-16
8.016925010906896982e-16
8.062057867423228734e-16
8.104642154737776223e-16
8.338949820328839211e-16
8.417669944894834568e-16
8.447522621151361202e-16
8.523107606199598692e-16
8.556108009824626234e-16
8.557161624696238556e-16
8.557161624696238556e-16
8.557161624696238556e-16
8.724891559485394257e-16
8.724891559485394257e-16
8.893089244690978385e-16
9.047487822038071665e-16
9.210946828477627130e-16
9.218961171880232226e-16
9.286910625482831347e-16
9.318830591526250507e-16
9.318830591526250507e-16
9.322935407303415887e-16
9.369908325254191834e-16
9.652559690449004307e-16
9.652559690449004307e-16
9.671131593678343563e-16
9.671131593678343563e-16
9.674038328409005228e-16
9.728001621043926861e-16
9.955350910973296759e-16
9.974193394171898243e-16
1.004603567002792157e-15
1.015738944471712875e-15
1.017913419219472605e-15
1.019804467331603745e-15
1.019804467331603745e-15
1.032428905193104566e-15
1.034089630929661606e-15
1.035858753354774042e-15
1.039901641612018817e-15
1.039901641612018817e-15
1.041092475821086534e-15
1.041092475821086534e-15
1.041307904534004812e-15
1.041307904534004812e-15
1.052248170316394778e-15
1.081857642237940626e-15
1.091881824241355398e-15
1.113450453569828799e-15
1.126958105626212796e-15
1.131742183005344619e-15
1.131742183005344619e-15
1.139717980526675763e-15
1.142699830609673164e-15
1.142699830609673164e-15
1.142699830609673164e-15
1.145525344292169653e-15
1.148883000541605369e-15
1.148883000541605369e-15
1.148883000541605369e-15
1.148883000541605369e-15
1.148883000541605369e-15
1.156769000806180980e-15
1.158313035989907163e-15
1.169121570502479416e-15
1.178171082281400505e-15
1.207893662512271049e-15
1.248157226605673182e-15
1.254064240268107528e-15
1.261341217961434207e-15
1.262318958680361686e-15
1.282534835216857344e-15
1.289499563625655828e-15
1.323599327783620713e-15
1.343460485744760676e-15
1.360980750512698395e-15
1.362433694361555206e-15
1.402659465491859208e-15
1.418206290547025637e-15
1.419019953925462131e-15
1.419019953925462131e-15
1.424608065565428521e-15
1.453681247987897413e-15
1.462344983316730083e-15
1.467505484490490993e-15
1.494896177135397159e-15
1.508502443826230698e-15
1.508502443826230698e-15
1.512517003537128369e-15
1.512555072962368898e-15
1.512555072962368898e-15
1.521565315352707646e-15
1.523605605964406442e-15
1.523605605964406442e-15
1.524390076117028908e-15
1.544124649709940267e-15
1.556133012274471525e-15
1.556810638632274966e-15
1.557070842447932935e-15
1.610698004174953342e-15
1.633572340673792536e-15
1.647308768094187354e-15
1.647868656872322446e-15
1.652278145694877435e-15
1.654017480794678226e-15
1.656703210512184799e-15
1.671033666844227807e-15
1.671033666844227807e-15
1.680858307884658607e-15
1.680858307884658607e-15
1.683660834034114444e-15
1.718619177845413258e-15
1.720000947398007750e-15
1.748720011226791853e-15
1.748720011226791853e-15
1.765431112478825367e-15
1.765432977127744063e-15
1.765432977127744063e-15
1.782722384242342359e-15
1.782722384242342359e-15
1.815509982603718835e-15
1.815509982603718835e-15
1.846619461642253509e-15
1.853158161889449129e-15
1.881023081223526205e-15
1.890692709352436180e-15
1.894422695403922849e-15
1.914115305572905586e-15
1.922491196754003023e-15
1.928444961929387451e-15
1.928444961929387451e-15
1.946291557904601270e-15
1.948863391101568188e-15
1.948863391101568188e-15
1.992022919666420149e-15
1.998190525367946556e-15
2.003115863137552702e-15
2.014905032398288953e-15
2.015027187490064337e-15
2.017320923300362934e-15
2.056430222655760318e-15
2.057030469024528263e-15
2.057030469024528263e-15
2.083901689303664483e-15
2.090590179092539659e-15
2.090590179092539659e-15
2.093132907296291288e-15
2.116458000613054226e-15
2.116458000613054226e-15
2.116458000613054226e-15
2.135525776929105883e-15
2.168742162191336694e-15
2.183357874514887256e-15
2.191556635813063427e-15
2.210288310632079314e-15
2.217621292496869894e-15
2.218252384982133551e-15
2.260837860495676670e-15
2.260837860495676670e-15
2.260837860495676670e-15
2.269187346601078191e-15
2.269187346601078191e-15
2.317586179814651761e-15
2.329381401831657064e-15
2.338406026135579467e-15
2.344887910471403663e-15
2.349358632717437112e-15
2.352427821308773732e-15
2.352427821308773732e-15
2.352427821308773732e-15
2.353102288939544834e-15
2.357472990711723601e-15
2.364258918700399071e-15
2.364258918700399071e-15
2.377900931358041477e-15
2.407956030842441629e-15
2.414046944769202184e-15
2.414046944769202184e-15
2.421862153078776479e-15
2.421862153078776479e-15
2.424119948810548865e-15
2.461324412239729467e-15
2.464068893103605229e-15
2.494096158144210973e-15
2.494096158144210973e-15
2.504638630196573350e-15
2.504638630196573350e-15
2.504638630196573350e-15
2.517868402506698929e-15
2.546851275923340120e-15
2.546851275923340120e-15
2.554270231632277012e-15
2.555147151901788075e-15
2.557843087189874326e-15
2.636196893534874563e-15
2.640532537554514106e-15
2.640532537554514106e-15
2.640532537554514106e-15
2.640532537554514106e-15
2.640532537554514106e-15
2.640532537554514106e-15
2.647296566212199236e-15
2.667524960013359655e-15
2.667524960013359655e-15
2.667524960013359655e-15
2.667524960013359655e-15
2.683937164514130808e-15
2.687028599484679036e-15
2.755205004977583500e-15
2.808423585068845205e-15
2.850410825916870109e-15
2.852320144059099708e-15
2.867942790327391975e-15
2.867942790327391975e-15
2.867942790327391975e-15
2.868279932969092341e-15
2.873577141731236280e-15
2.900179776097840529e-15
2.900179776097840529e-15
2.905158518118336322e-15
2.933712057592011279e-15
2.933712057592011279e-15
2.936656320587974072e-15
2.976185054188766657e-15
2.987314867121797927e-15
2.987314867121797927e-15
2.992304855857537995e-15
3.037036230521217391e-15
3.056260719696857671e-15
3.111610999372042962e-15
3.111610999372042962e-15
3.136304280303378274e-15
3.156490745973649605e-15
3.161081693958633962e-15
3.161081693958633962e-15
3.165778238717709618e-15
3.175246337709078849e-15
3.175246337709078849e-15
3.186282582912304568e-15
3.190414944906776368e-15
3.190414944906776368e-15
3.214439152160206429e-15
3.234172672844106812e-15
3.234172672844106812e-15
3.241694319533551710e-15
3.264404143411079911e-15
3.276605829481475584e-15
3.319562528948499477e-15
3.347794319427856072e-15
3.348264328598810379e-15
3.349663432915957536e-15
3.352027837155619374e-15
3.391487078761697769e-15
3.391487078761697769e-15
3.399261188326810364e-15
3.407420839055081803e-15
3.413195580287759826e-15
3.413195580287759826e-15
3.445371609096872119e-15
3.467002907099095762e-15
3.467002907099095762e-15
3.478190806492919732e-15
3.478190806492919732e-15
3.491055437016699639e-15
3.491055437016699639e-15
3.494345465920339663e-15
3.494345465920339663e-15
3.494345465920339663e-15
3.494345465920339663e-15
3.525039598823883980e-15
3.525039598823883980e-15
3.553737939756326796e-15
3.563347481485540524e-15
3.563805932186069020e-15
3.563805932186069020e-15
3.563805932186069020e-15
3.563805932186069020e-15
3.637115963203178542e-15
3.676227180147053826e-15
3.676227180147053826e-15
3.676227180147053826e-15
3.676599945229924393e-15
3.707023074647733644e-15
3.708338299174409865e-15
3.766985319312907827e-15
3.794319490155104832e-15
3.822629737061200857e-15
3.826032039005565096e-15
3.830177288841616081e-15
3.836099554979274490e-15
3.836099554979274490e-15
3.880977084001567879e-15
3.897290856215260451e-15
3.969782435764912611e-15
4.023408326942512334e-15
4.041021965328538460e-15
4.041021965328538460e-15
4.041021965328538460e-15
4.075279618780740822e-15
4.076189949794282910e-15
4.076189949794282910e-15
4.076189949794282910e-15
4.078306343963423032e-15
4.078306343963423032e-15
4.162621627012931921e-15
4.179329604830972435e-15
4.189423578819936948e-15
4.287020779645386365e-15
4.326405017660420129e-15
4.326405017660420129e-15
4.346957272156093756e-15
4.346957272156093756e-15
4.392563996549028374e-15
4.414166036621532406e-15
4.480048100440294276e-15
4.483125771125449622e-15
4.483125771125449622e-15
4.483125771125449622e-15
4.513758947067657679e-15
4.513758947067657679e-15
4.513758947067657679e-15
4.561056008057263505e-15
4.561076266261918934e-15
4.598020684694118782e-15
4.601762858608568810e-15
4.601762858608568810e-15
4.602089966262713686e-15
4.615648075601192002e-15
4.619687405143623573e-15
4.640954737794150595e-15
4.640954737794150595e-15
4.650325722105248042e-15
4.667122791319254973e-15
4.725014052192738181e-15
4.726773357270704834e-15
4.764403695924983585e-15
4.780093369557400242e-15
4.807532807771985959e-15
4.807532807771985959e-15
4.807532807771985959e-15
4.867987890322476901e-15
4.872458212580729878e-15
4.872458212580729878e-15
4.879246028747017198e-15
4.882983026349011870e-15
4.952011976385501076e-15
4.963337753920183839e-15
5.034171434117523446e-15
5.065658748672265635e-15
5.068565483402926905e-15
5.068565483402926905e-15
5.076703334797153124e-15
5.099975115036711797e-15
5.167902460491170607e-15
5.267337540464791091e-15
5.278067127389158257e-15
5.333134836284921751e-15
5.351167667747239820e-15
5.447764993235841845e-15
5.447764993235841845e-15
5.447764993235841845e-15
5.502675833394426341e-15
5.504190684175598429e-15
5.536968115200521406e-15
5.559014518168632148e-15
5.630338527504400036e-15
5.661543897731171527e-15
5.663645127657686323e-15
5.671366535891611939e-15
5.724445587892420206e-15
5.732261384419319026e-15
5.732261384419319026e-15
5.768768654441396851e-15
5.850918680108620097e-15
5.875422393301707792e-15
5.911213894013576131e-15
5.938659743796999142e-15
5.938659743796999142e-15
6.000859802451432878e-15
6.024882103880731617e-15
6.042371854874961672e-15
6.042628964667493084e-15
6.042628964667493084e-15
6.043045893107085858e-15
6.052741958663644639e-15
6.053075874933320046e-15
6.053075874933320046e-15
6.101122942422506929e-15
6.101122942422506929e-15
6.101122942422506929e-15
6.122790377556060177e-15
6.163616350938832458e-15
6.163616350938832458e-15
6.198988658574408854e-15
6.232738027554352856e-15
6.236029703466501474e-15
6.240133707503760120e-15
6.240133707503760120e-15
6.281035213873169068e-15
6.302988902026595195e-15
6.334442805837307149e-15
6.365388110479491968e-15
6.370346641352718642e-15
6.370346641352718642e-15
6.458133080125508679e-15
6.474111339059489613e-15
6.486175117578160050e-15
6.509465467838652537e-15
6.598569451655463614e-15
6.630782417571466852e-15
6.673357655162477402e-15
6.752932041866644769e-15
6.782058552071751345e-15
6.823294948210508067e-15
6.920883522828893779e-15
6.950294453756907035e-15
7.004218165248064790e-15
7.013055874673872639e-15
7.013055874673872639e-15
7.077335096281893486e-15
7.149848592809055062e-15
7.165565495021422524e-15
7.165565495021422524e-15
7.174288672651980278e-15
7.216964201296815211e-15
7.238901539949706831e-15
7.254712027538398527e-15
7.348371301605983238e-15
7.356175601425274792e-15
7.384587815804569447e-15
7.413126817487069783e-15
7.421710575847378952e-15
7.421710575847378952e-15
7.429695390740294737e-15
7.433651331653720833e-15
7.513739873239045243e-15
7.589099535758967301e-15
7.589099535758967301e-15
7.666820632021061731e-15
7.669849563018711011e-15
7.737304119975357335e-15
7.754105771402321019e-15
7.773344033686613917e-15
7.780419773409975471e-15
7.825633250992800703e-15
7.886407114981208563e-15
7.899139455428712083e-15
7.933985064448687467e-15
7.933985064448687467e-15
7.997421302985732285e-15
8.009351956159525658e-15
8.075859971444135562e-15
8.125859967507988276e-15
8.198259543985918621e-15
8.232072361027567890e-15
8.238019017596585250e-15
8.305497626759630175e-15
8.353554008670150409e-15
8.366927158953117856e-15
8.442405538434553525e-15
8.500434292166547288e-15
8.511038429982121882e-15
8.511038429982121882e-15
8.590119072946291561e-15
8.644898402416555486e-15
8.704959008782729575e-15
8.778755319061989106e-15
8.821984430795241034e-15
8.959679330192934669e-15
8.985727546202522036e-15
9.010569581413046385e-15
9.062697486000167536e-15
9.094300873479549613e-15
9.103799495067886443e-15
9.219005899120735478e-15
9.310810876894623176e-15
9.342764668375286070e-15
