0.013888888888888888,0.0
0.013888888888888888,0.0
0.027777777777777776,0.0
0.041666666666666664,0.0
0.05555555555555555,0.0
0.06944444444444445,0.0
0.08333333333333334,0.0
0.09722222222222224,0.0
0.11111111111111113,0.0
0.12500000000000003,0.0
0.13888888888888892,0.0
0.15277777777777782,0.0
0.1666666666666667,0.0
0.1805555555555556,0.0
0.1944444444444445,0.0
0.2083333333333334,0.0
0.2222222222222223,0.0
0.2361111111111112,0.0
0.25000000000000006,0.0
0.26388888888888895,0.0
0.27777777777777785,0.0
0.29166666666666674,0.0
0.30555555555555564,0.0
0.31944444444444453,0.0
0.3333333333333334,0.0
0.3472222222222223,0.0
0.3611111111111112,0.0
0.3750000000000001,0.0
0.388888888888889,0.0
0.4027777777777779,0.0
0.4166666666666668,0.0
0.4305555555555557,0.0
0.4444444444444446,0.0
0.4583333333333335,0.0
0.4722222222222224,0.0
0.48611111111111127,0.0
0.5000000000000001,0.0
0.513888888888889,0.0
0.5277777777777778,0.0
0.5416666666666666,0.0
0.5555555555555555,0.0
0.5694444444444443,0.0
0.5833333333333331,0.0
0.597222222222222,0.0
0.6111111111111108,0.0
0.6249999999999997,0.0
0.6388888888888885,0.0
0.6527777777777773,0.0
0.6666666666666662,0.0
0.680555555555555,0.0
0.6944444444444439,0.0
0.7083333333333327,0.0
0.7222222222222215,0.0
0.7361111111111104,0.0
0.7499999999999992,0.0
0.7638888888888881,0.0
0.7777777777777769,0.0
0.7916666666666657,0.0
0.8055555555555546,0.0
0.8194444444444434,0.0
0.8333333333333323,0.0
0.8472222222222211,0.0
0.8611111111111099,0.0
0.8749999999999988,0.0
0.8888888888888876,0.0
0.9027777777777765,0.0
0.9166666666666653,0.0
0.9305555555555541,0.0
0.944444444444443,0.0
0.9583333333333318,0.0
0.9722222222222207,0.0
0.9861111111111095,0.0
0.9999999999999983,0.0
1.0138888888888873,0.0
1.0277777777777761,0.0
1.041666666666665,0.0
1.0555555555555538,0.0
1.0694444444444426,0.0
1.0833333333333315,0.0
1.0972222222222203,0.0
1.1111111111111092,0.0
1.124999999999998,0.0
1.1388888888888868,0.0
1.1527777777777757,0.0
1.1666666666666645,0.0
1.1805555555555534,0.0
1.1944444444444422,0.0
1.208333333333331,0.0
1.2222222222222199,0.0
1.2361111111111087,0.0
1.2499999999999976,0.0
1.2638888888888864,0.0
1.2777777777777752,0.0
1.291666666666664,0.0
1.305555555555553,0.0
1.3194444444444418,0.0
1.3333333333333306,0.0
1.3472222222222194,0.0
1.3611111111111083,0.0
1.3749999999999971,0.0
1.388888888888886,0.0
1.4027777777777748,0.0
1.4166666666666636,0.0
1.4305555555555525,0.0
1.4444444444444413,0.0
1.4583333333333302,0.0
1.472222222222219,0.0
1.4861111111111078,0.0
1.4999999999999967,0.0
1.5138888888888855,0.0
1.5277777777777743,0.0
1.5416666666666632,0.0
1.555555555555552,0.0
1.5694444444444409,0.0
1.5833333333333297,0.0
1.5972222222222185,0.0
1.6111111111111074,0.0
1.6249999999999962,0.0
1.638888888888885,0.0
1.652777777777774,0.0
1.6666666666666627,0.0
1.6805555555555516,0.0
1.6944444444444404,0.0
1.7083333333333293,0.0
1.722222222222218,0.0
1.736111111111107,0.0
1.7499999999999958,0.0
1.7638888888888846,0.0
1.7777777777777735,0.0
1.7916666666666623,0.0
1.8055555555555511,0.0
1.81944444444444,0.0
1.8333333333333288,0.0
1.8472222222222177,0.0
1.8611111111111065,0.0
1.8749999999999953,0.0
1.8888888888888842,0.0
1.902777777777773,0.0
1.9166666666666619,0.0
1.9305555555555507,0.0
1.9444444444444395,0.0
1.9583333333333284,0.0
1.9722222222222172,0.0
1.986111111111106,0.0
1.999999999999995,0.0
2.013888888888884,0.0
2.027777777777773,0.0
2.0416666666666616,0.0
2.0555555555555505,0.0
2.0694444444444393,0.0
2.083333333333328,0.0
2.097222222222217,0.0
2.111111111111106,0.0
2.1249999999999947,0.0
2.1388888888888835,0.0
2.1527777777777724,0.0
2.166666666666661,0.0
2.18055555555555,0.0
2.194444444444439,0.0
2.2083333333333277,0.0
2.2222222222222165,0.0
2.2361111111111054,0.0
2.2499999999999942,0.0
2.263888888888883,0.0
2.277777777777772,0.0
2.2916666666666607,0.0
2.3055555555555496,0.0
2.3194444444444384,0.0
2.3333333333333273,0.0
2.347222222222216,0.0
2.361111111111105,0.0
2.374999999999994,0.0
2.3888888888888826,0.0
2.4027777777777715,0.0
2.4166666666666603,0.0
2.430555555555549,0.0
2.444444444444438,0.0
2.458333333333327,0.0
2.4722222222222157,0.0
2.4861111111111045,0.0
2.4999999999999933,0.0
2.513888888888882,0.0
2.527777777777771,0.0
2.54166666666666,0.0
2.5555555555555487,0.0
2.5694444444444375,0.0
2.5833333333333264,0.0
2.597222222222215,0.0
2.611111111111104,0.0
2.624999999999993,0.0
2.6388888888888817,0.0
2.6527777777777706,0.0
2.6666666666666594,0.0
2.6805555555555483,0.0
2.694444444444437,0.0
2.708333333333326,0.0
2.7222222222222148,0.0
2.7361111111111036,0.0
2.7499999999999925,0.0
2.7638888888888813,0.0
2.77777777777777,0.0
2.791666666666659,0.0
2.805555555555548,0.0
2.8194444444444366,0.0
2.8333333333333255,0.0
2.8472222222222143,0.0
2.861111111111103,0.0
2.874999999999992,0.0
2.888888888888881,0.0
2.9027777777777697,0.0
2.9166666666666585,0.0
2.9305555555555474,0.0
2.944444444444436,0.0
2.958333333333325,0.0
2.972222222222214,0.0
2.9861111111111027,0.0
2.9999999999999916,0.0
3.0138888888888804,0.0
3.0277777777777692,0.0
3.041666666666658,0.0
3.055555555555547,0.0
3.0694444444444358,0.0
3.0833333333333246,0.0
3.0972222222222134,0.0
3.1111111111111023,0.0
3.124999999999991,0.0
3.13888888888888,0.0
3.152777777777769,0.0
3.1666666666666576,0.0
3.1805555555555465,0.0
3.1944444444444353,0.0
3.208333333333324,0.0
3.222222222222213,0.0
3.236111111111102,0.0
3.2499999999999907,0.0
3.2638888888888795,0.0
3.2777777777777684,0.0
3.291666666666657,0.0
3.305555555555546,0.0
3.319444444444435,0.0
3.3333333333333237,0.0
3.3472222222222126,0.0
3.3611111111111014,0.0
3.3749999999999902,0.0
3.388888888888879,0.0
3.402777777777768,0.0
3.4166666666666567,0.0
3.4305555555555456,0.0
3.4444444444444344,0.0
3.4583333333333233,0.0
3.472222222222212,0.0
3.486111111111101,0.0
3.49999999999999,0.0
3.5138888888888786,0.0
3.5277777777777675,0.0
3.5416666666666563,0.0
3.555555555555545,0.0
3.569444444444434,0.0
3.583333333333323,0.0
3.5972222222222117,0.0
3.6111111111111005,0.0
3.6249999999999893,0.0
3.638888888888878,0.0
3.652777777777767,0.0
3.666666666666656,0.0
3.6805555555555447,0.0
3.6944444444444335,0.0
3.7083333333333224,0.0
3.722222222222211,0.0
3.7361111111111,0.0
3.749999999999989,0.0
3.7638888888888777,0.0
3.7777777777777666,0.0
3.7916666666666554,0.0
3.8055555555555443,0.0
3.819444444444433,0.0
3.833333333333322,0.0
3.8472222222222108,0.0
3.8611111111110996,0.0
3.8749999999999885,0.0
3.8888888888888773,0.0
3.902777777777766,0.0
3.916666666666655,0.0
3.930555555555544,0.0
3.9444444444444327,0.0
3.9583333333333215,0.0
3.9722222222222103,0.0
3.986111111111099,0.0
3.999999999999988,0.0
4.013888888888877,0.0
4.027777777777766,0.0
4.041666666666655,0.0
4.055555555555545,0.0
4.069444444444434,0.0
4.083333333333323,0.0
4.0972222222222126,0.0
4.111111111111102,0.0
4.124999999999991,0.0
4.13888888888888,0.0
4.15277777777777,0.0
4.166666666666659,0.0
4.180555555555548,0.0
4.1944444444444375,0.0
4.208333333333327,0.0
4.222222222222216,0.0
4.236111111111105,0.0
4.249999999999995,0.0
4.263888888888884,0.0
4.277777777777773,0.0
4.2916666666666625,0.0
4.305555555555552,0.0
4.319444444444441,0.0
4.33333333333333,0.0
4.34722222222222,0.0
4.361111111111109,0.0
4.374999999999998,0.0
4.3888888888888875,0.0
4.402777777777777,0.0
4.416666666666666,0.0
4.430555555555555,0.0
4.444444444444445,0.0
4.458333333333334,0.0
4.472222222222223,0.0
4.4861111111111125,0.0
4.500000000000002,0.0
4.513888888888891,0.0
4.52777777777778,0.0
4.54166666666667,0.0
4.555555555555559,0.0
4.569444444444448,0.0
4.5833333333333375,0.0
4.597222222222227,0.0
4.611111111111116,0.0
4.625000000000005,0.0
4.638888888888895,0.0
4.652777777777784,0.0
4.666666666666673,0.0
4.6805555555555625,0.0
4.694444444444452,0.0
4.708333333333341,0.0
4.72222222222223,0.0
4.73611111111112,0.0
4.750000000000009,0.0
4.763888888888898,0.0
4.7777777777777874,0.0
4.791666666666677,0.0
4.805555555555566,0.0
4.819444444444455,0.0
4.833333333333345,0.0
4.847222222222234,0.0
4.861111111111123,0.0
4.875000000000012,0.0
4.888888888888902,0.0
4.902777777777791,0.0
4.91666666666668,0.0
4.93055555555557,0.0
4.944444444444459,0.0
4.958333333333348,0.0
4.972222222222237,0.0
4.986111111111127,0.0
5.000000000000016,0.0
5.013888888888905,0.0
5.0277777777777946,0.0
5.041666666666684,0.0
5.055555555555573,0.0
5.069444444444462,0.0
5.083333333333352,0.0
5.097222222222241,0.0
5.11111111111113,0.0
5.1250000000000195,0.0
5.138888888888909,0.0
5.152777777777798,0.0
5.166666666666687,0.0
5.180555555555577,0.0
5.194444444444466,0.0
5.208333333333355,0.0
5.2222222222222445,0.0
5.236111111111134,0.0
5.250000000000023,0.0
5.263888888888912,0.0
5.277777777777802,0.0
5.291666666666691,0.0
5.30555555555558,0.0
5.3194444444444695,0.0
5.333333333333359,0.0
5.347222222222248,0.0
5.361111111111137,0.0
5.375000000000027,0.0
5.388888888888916,0.0
5.402777777777805,0.0
5.4166666666666945,0.0
5.430555555555584,0.0
5.444444444444473,0.0
5.458333333333362,0.0
5.472222222222252,0.0
5.486111111111141,0.0
5.50000000000003,0.0
5.5138888888889195,0.0
5.527777777777809,0.0
5.541666666666698,0.0
5.555555555555587,0.0
5.569444444444477,0.0
5.583333333333366,0.0
5.597222222222255,0.0
5.6111111111111445,0.0
5.625000000000034,0.0
5.638888888888923,0.0
5.652777777777812,0.0
5.666666666666702,0.0
5.680555555555591,0.0
5.69444444444448,0.0
5.7083333333333695,0.0
5.722222222222259,0.0
5.736111111111148,0.0
5.750000000000037,0.0
5.763888888888927,0.0
5.777777777777816,0.0
5.791666666666705,0.0
5.805555555555594,0.0
5.819444444444484,0.0
5.833333333333373,0.0
5.847222222222262,0.0
5.861111111111152,0.0
5.875000000000041,0.0
5.88888888888893,0.0
5.902777777777819,0.0
5.916666666666709,0.0
5.930555555555598,0.0
5.944444444444487,0.0
5.958333333333377,0.0
5.972222222222266,0.0
5.986111111111155,0.0
6.000000000000044,0.0
6.013888888888934,0.0
6.027777777777823,0.0
6.041666666666712,0.0
6.0555555555556015,0.0
6.069444444444491,0.0
6.08333333333338,0.0
6.097222222222269,0.0
6.111111111111159,0.0
6.125000000000048,0.0
6.138888888888937,0.0
6.1527777777778265,0.0
6.166666666666716,0.0
6.180555555555605,0.0
6.194444444444494,0.0
6.208333333333384,0.0
6.222222222222273,0.0
6.236111111111162,0.0
6.2500000000000515,0.0
6.263888888888941,0.0
6.27777777777783,0.0
6.291666666666719,0.0
6.305555555555609,0.0
6.319444444444498,0.0
6.333333333333387,0.0
6.3472222222222765,0.0
6.361111111111166,0.0
6.375000000000055,0.0
6.388888888888944,0.0
6.402777777777834,0.0
6.416666666666723,0.0
6.430555555555612,0.0
6.4444444444445015,0.0
6.458333333333391,0.0
6.47222222222228,0.0
6.486111111111169,0.0
6.500000000000059,0.0
6.513888888888948,0.0
6.527777777777837,0.0
6.5416666666667265,0.0
6.555555555555616,0.0
6.569444444444505,0.0
6.583333333333394,0.0
6.597222222222284,0.0
6.611111111111173,0.0
6.625000000000062,0.0
6.6388888888889515,0.0
6.652777777777841,0.0
6.66666666666673,0.0
6.680555555555619,0.0
6.694444444444509,0.0
6.708333333333398,0.0
6.722222222222287,0.0
6.736111111111176,0.0
6.750000000000066,0.0
6.763888888888955,0.0
6.777777777777844,0.0
6.791666666666734,0.0
6.805555555555623,0.0
6.819444444444512,0.0
6.833333333333401,0.0
6.847222222222291,0.0
6.86111111111118,0.0
6.875000000000069,0.0
6.888888888888959,0.0
6.902777777777848,0.0
6.916666666666737,0.0
6.930555555555626,0.0
6.944444444444516,0.0
6.958333333333405,0.0
6.972222222222294,0.0
6.9861111111111835,0.0
7.000000000000073,0.0
7.013888888888962,0.0
7.027777777777851,0.0
7.041666666666741,0.0
7.05555555555563,0.0
7.069444444444519,0.0
7.0833333333334085,0.0
7.097222222222298,0.0
7.111111111111187,0.0
7.125000000000076,0.0
7.138888888888966,0.0
7.152777777777855,0.0
7.166666666666744,0.0
7.1805555555556335,0.0
7.194444444444523,0.0
7.208333333333412,0.0
7.222222222222301,0.0
7.236111111111191,0.0
7.25000000000008,0.0
7.263888888888969,0.0
7.2777777777778585,0.0
7.291666666666748,0.0
7.305555555555637,0.0
7.319444444444526,0.0
7.333333333333416,0.0
7.347222222222305,0.0
7.361111111111194,0.0
7.3750000000000835,0.0
7.388888888888973,0.0
7.402777777777862,0.0
7.416666666666751,0.0
7.430555555555641,0.0
7.44444444444453,0.0
7.458333333333419,0.0
7.4722222222223085,0.0
7.486111111111198,0.0
7.500000000000087,0.0
7.513888888888976,0.0
7.527777777777866,0.0
7.541666666666755,0.0
7.555555555555644,0.0
7.5694444444445335,0.0
7.583333333333423,0.0
7.597222222222312,0.0
7.611111111111201,0.0
7.625000000000091,0.0
7.63888888888898,0.0
7.652777777777869,0.0
7.6666666666667584,0.0
7.680555555555648,0.0
7.694444444444537,0.0
7.708333333333426,0.0
7.722222222222316,0.0
7.736111111111205,0.0
7.750000000000094,0.0
7.763888888888983,0.0
7.777777777777873,0.0
7.791666666666762,0.0
7.805555555555651,0.0
7.819444444444541,0.0
7.83333333333343,0.0
7.847222222222319,0.0
7.861111111111208,0.0
7.875000000000098,0.0
7.888888888888987,0.0
7.902777777777876,0.0
7.9166666666667656,0.0
7.930555555555655,0.0
7.944444444444544,0.0
7.958333333333433,0.0
7.972222222222323,0.0
7.986111111111212,0.0
8.000000000000101,0.0
8.01388888888899,0.0
8.02777777777788,0.0
8.041666666666769,0.0
8.055555555555658,0.0
8.069444444444548,0.0
8.083333333333437,0.0
8.097222222222326,0.0
8.111111111111216,0.0
8.125000000000105,0.0
8.138888888888994,0.0
8.152777777777883,0.0
8.166666666666773,0.0
8.180555555555662,0.0
8.194444444444551,0.0
8.20833333333344,0.0
8.22222222222233,0.0
8.236111111111219,0.0
8.250000000000108,0.0
8.263888888888998,0.0
8.277777777777887,0.0
8.291666666666776,0.0
8.305555555555665,0.0
8.319444444444555,0.0
8.333333333333444,0.0
8.347222222222333,0.0
8.361111111111223,0.0
8.375000000000112,0.0
8.388888888889001,0.0
8.40277777777789,0.0
8.41666666666678,0.0
8.430555555555669,0.0
8.444444444444558,0.0
8.458333333333448,0.0
8.472222222222337,0.0
8.486111111111226,0.0
8.500000000000115,0.0
8.513888888889005,0.0
8.527777777777894,0.0
8.541666666666783,0.0
8.555555555555673,0.0
8.569444444444562,0.0
8.583333333333451,0.0
8.59722222222234,0.0
8.61111111111123,0.0
8.625000000000119,0.0
8.638888888889008,0.0
8.652777777777898,0.0
8.666666666666787,0.0
8.680555555555676,0.0
8.694444444444565,0.0
8.708333333333455,0.0
8.722222222222344,0.0
8.736111111111233,0.0
8.750000000000123,0.0
8.763888888889012,0.0
8.777777777777901,0.0
8.79166666666679,0.0
8.80555555555568,0.0
8.819444444444569,0.0
8.833333333333458,0.0
8.847222222222348,0.0
8.861111111111237,0.0
8.875000000000126,0.0
8.888888888889015,0.0
8.902777777777905,0.0
8.916666666666794,0.0
8.930555555555683,0.0
8.944444444444573,0.0
8.958333333333462,0.0
8.972222222222351,0.0
8.98611111111124,0.0
9.00000000000013,0.0
9.013888888889019,0.0
9.027777777777908,0.0
9.041666666666798,0.0
9.055555555555687,0.0
9.069444444444576,0.0
9.083333333333465,0.0
9.097222222222355,0.0
9.111111111111244,0.0
9.125000000000133,0.0
9.138888888889023,0.0
9.152777777777912,0.0
9.166666666666801,0.0
9.18055555555569,0.0
9.19444444444458,0.0
9.208333333333469,0.0
9.222222222222358,0.0
9.236111111111247,0.0
9.250000000000137,0.0
9.263888888889026,0.0
9.277777777777915,0.0
9.291666666666805,0.0
9.305555555555694,0.0
9.319444444444583,0.0
9.333333333333472,0.0
9.347222222222362,0.0
9.361111111111251,0.0
9.37500000000014,0.0
9.38888888888903,0.0
9.402777777777919,0.0
9.416666666666808,0.0
9.430555555555697,0.0
9.444444444444587,0.0
9.458333333333476,0.0
9.472222222222365,0.0
9.486111111111255,0.0
9.500000000000144,0.0
9.513888888889033,0.0
9.527777777777922,0.0
9.541666666666812,0.0
9.555555555555701,0.0
9.56944444444459,0.0
9.58333333333348,0.0
9.597222222222369,0.0
9.611111111111258,0.0
9.625000000000147,0.0
9.638888888889037,0.0
9.652777777777926,0.0
9.666666666666815,0.0
9.680555555555705,0.0
9.694444444444594,0.0
9.708333333333483,0.0
9.722222222222372,0.0
9.736111111111262,0.0
9.750000000000151,0.0
9.76388888888904,0.0
9.77777777777793,0.0
9.791666666666819,0.0
9.805555555555708,0.0
9.819444444444597,0.0
9.833333333333487,0.0
9.847222222222376,0.0
9.861111111111265,0.0
9.875000000000155,0.0
9.888888888889044,0.0
9.902777777777933,0.0
9.916666666666822,0.0
9.930555555555712,0.0
9.944444444444601,0.0
9.95833333333349,0.0
9.97222222222238,0.0
9.986111111111269,0.0
10.000000000000158,0.0
10.013888888889047,0.0
10.027777777777937,0.0
10.041666666666826,0.0
10.055555555555715,0.0
10.069444444444605,0.0
10.083333333333494,0.0
10.097222222222383,0.0
10.111111111111272,0.0
10.125000000000162,0.0
10.138888888889051,0.0
10.15277777777794,0.0
10.16666666666683,0.0
10.180555555555719,0.0
10.194444444444608,0.0
10.208333333333497,0.0
10.222222222222387,0.0
10.236111111111276,0.0
10.250000000000165,0.0
10.263888888889054,0.0
10.277777777777944,0.0
10.291666666666833,0.0
10.305555555555722,0.0
10.319444444444612,0.0
10.333333333333501,0.0
10.34722222222239,0.0
10.36111111111128,0.0
10.375000000000169,0.0
10.388888888889058,0.0
10.402777777777947,0.0
10.416666666666837,0.0
10.430555555555726,0.0
10.444444444444615,0.0
10.458333333333504,0.0
10.472222222222394,0.0
10.486111111111283,0.0
10.500000000000172,0.0
10.513888888889062,0.0
10.52777777777795,0.0
10.54166666666684,0.0
10.55555555555573,0.0
10.569444444444619,0.0
10.583333333333508,0.0
10.597222222222397,0.0
10.611111111111287,0.0
10.625000000000176,0.0
10.638888888889065,0.0
10.652777777777954,0.0
10.666666666666844,0.0
10.680555555555733,0.0
10.694444444444622,0.0
10.708333333333512,0.0
10.7222222222224,0.0
10.73611111111129,0.0
10.75000000000018,0.0
10.763888888889069,0.0
10.777777777777958,0.0
10.791666666666847,0.0
10.805555555555737,0.0
10.819444444444626,0.0
10.833333333333515,0.0
10.847222222222404,0.0
10.861111111111294,0.0
10.875000000000183,0.0
10.888888888889072,0.0
10.902777777777962,0.0
10.91666666666685,0.0
10.93055555555574,0.0
10.94444444444463,0.0
10.958333333333519,0.0
10.972222222222408,0.0
10.986111111111297,0.0
11.000000000000187,0.0
11.013888888889076,0.0
11.027777777777965,0.0
11.041666666666854,0.0
11.055555555555744,0.0
11.069444444444633,0.0
11.083333333333522,0.0
11.097222222222412,0.0
11.1111111111113,0.0
11.12500000000019,0.0
11.13888888888908,0.0
11.152777777777969,0.0
11.166666666666858,0.0
11.180555555555747,0.0
11.194444444444636,0.0
11.208333333333526,0.0
11.222222222222415,0.0
11.236111111111304,0.0
11.250000000000194,0.0
11.263888888889083,0.0
11.277777777777972,0.0
11.291666666666861,0.0
11.30555555555575,0.0
11.31944444444464,0.0
11.33333333333353,0.0
11.347222222222419,0.0
11.361111111111308,0.0
11.375000000000197,0.0
11.388888888889086,0.0
11.402777777777976,0.0
11.416666666666865,0.0
11.430555555555754,0.0
11.444444444444644,0.0
11.458333333333533,0.0
11.472222222222422,0.0
11.486111111111311,0.0
11.5000000000002,0.0
11.51388888888909,0.0
11.52777777777798,0.0
11.541666666666869,0.0
11.555555555555758,0.0
11.569444444444647,0.0
11.583333333333536,0.0
11.597222222222426,0.0
11.611111111111315,0.0
11.625000000000204,0.0
11.638888888889094,0.0
11.652777777777983,0.0
11.666666666666872,0.0
11.680555555555761,0.0
11.69444444444465,0.0
11.70833333333354,0.0
11.72222222222243,0.0
11.736111111111319,0.0
11.750000000000208,0.0
11.763888888889097,0.0
11.777777777777986,0.0
11.791666666666876,0.0
11.805555555555765,0.0
11.819444444444654,0.0
11.833333333333544,0.0
11.847222222222433,0.0
11.861111111111322,0.0
11.875000000000211,0.0
11.8888888888891,0.0
11.90277777777799,0.0
11.91666666666688,0.0
11.930555555555769,0.0
11.944444444444658,0.0
11.958333333333547,0.0
11.972222222222436,0.0
11.986111111111326,0.0
12.000000000000215,0.0
12.013888888889104,0.0
12.027777777777994,0.0
12.041666666666883,0.0
12.055555555555772,0.0
12.069444444444661,0.0
12.08333333333355,0.0
12.09722222222244,0.0
12.11111111111133,0.0
12.125000000000218,0.0
12.138888888889108,0.0
12.152777777777997,0.0
12.166666666666886,0.0
12.180555555555776,0.0
12.194444444444665,0.0
12.208333333333554,0.0
12.222222222222443,0.0
12.236111111111333,0.0
12.250000000000222,0.0
12.263888888889111,0.0
12.277777777778,0.0
12.29166666666689,0.0
12.30555555555578,0.0
12.319444444444668,0.0
12.333333333333558,0.0
12.347222222222447,0.0
12.361111111111336,0.0
12.375000000000226,0.0
12.388888888889115,0.0
12.402777777778004,0.0
12.416666666666893,0.0
12.430555555555783,0.0
12.444444444444672,0.0
12.458333333333561,0.0
12.47222222222245,0.0
12.48611111111134,0.0
12.50000000000023,0.0
12.513888888889118,0.0
12.527777777778008,0.0
12.541666666666897,0.0
12.555555555555786,0.0
12.569444444444676,0.0
12.583333333333565,0.0
12.597222222222454,0.0
12.611111111111343,0.0
12.625000000000233,0.0
12.638888888889122,0.0
12.652777777778011,0.0
12.6666666666669,0.0
12.68055555555579,0.0
12.69444444444468,0.0
12.708333333333568,0.0
12.722222222222458,0.0
12.736111111111347,0.0
12.750000000000236,0.0
12.763888888889126,0.0
12.777777777778015,0.0
12.791666666666904,0.0
12.805555555555793,0.0
12.819444444444683,0.0
12.833333333333572,0.0
12.847222222222461,0.0
12.86111111111135,0.0
12.87500000000024,0.0
12.888888888889129,0.0
12.902777777778018,0.0
12.916666666666908,0.0
12.930555555555797,0.0
12.944444444444686,0.0
12.958333333333576,0.0
12.972222222222465,0.0
12.986111111111354,0.0
13.000000000000243,0.0
13.013888888889133,0.0
13.027777777778022,0.0
13.041666666666911,0.0
13.0555555555558,0.0
13.06944444444469,0.0
13.083333333333579,0.0
13.097222222222468,0.0
13.111111111111358,0.0
13.125000000000247,0.0
13.138888888889136,0.0
13.152777777778025,0.0
13.166666666666915,0.0
13.180555555555804,0.0
13.194444444444693,0.0
13.208333333333583,0.0
13.222222222222472,0.0
13.236111111111361,0.0
13.25000000000025,0.0
13.26388888888914,0.0
13.277777777778029,0.0
13.291666666666918,0.0
13.305555555555808,0.0
13.319444444444697,0.0
13.333333333333586,0.0
13.347222222222475,0.0
13.361111111111365,0.0
13.375000000000254,0.0
13.388888888889143,0.0
13.402777777778033,0.0
13.416666666666922,0.0
13.430555555555811,0.0
13.4444444444447,0.0
13.45833333333359,0.0
13.472222222222479,0.0
13.486111111111368,0.0
13.500000000000258,0.0
13.513888888889147,0.0
13.527777777778036,0.0
13.541666666666925,0.0
13.555555555555815,0.0
13.569444444444704,0.0
13.583333333333593,0.0
13.597222222222483,0.0
13.611111111111372,0.0
13.625000000000261,0.0
13.63888888888915,0.0
13.65277777777804,0.0
13.666666666666929,0.0
13.680555555555818,0.0
13.694444444444708,0.0
13.708333333333597,0.0
13.722222222222486,0.0
13.736111111111375,0.0
13.750000000000265,0.0
13.763888888889154,0.0
13.777777777778043,0.0
13.791666666666933,0.0
13.805555555555822,0.0
13.819444444444711,0.0
13.8333333333336,0.0
13.84722222222249,0.0
13.861111111111379,0.0
13.875000000000268,0.0
13.888888888889158,0.0
13.902777777778047,0.0
13.916666666666936,0.0
13.930555555555825,0.0
13.944444444444715,0.0
13.958333333333604,0.0
13.972222222222493,0.0
13.986111111111382,0.0
14.000000000000272,0.0
14.013888888889161,0.0
14.02777777777805,0.0
14.04166666666694,0.0
14.055555555555829,0.0
14.069444444444718,0.0
14.083333333333607,0.0
14.097222222222497,0.0
14.111111111111386,0.0
14.125000000000275,0.0
14.138888888889165,0.0
14.152777777778054,0.0
14.166666666666943,0.0
14.180555555555832,0.0
14.194444444444722,0.0
14.208333333333611,0.0
14.2222222222225,0.0
14.23611111111139,0.0
14.250000000000279,0.0
14.263888888889168,0.0
14.277777777778057,0.0
14.291666666666947,0.0
14.305555555555836,0.0
14.319444444444725,0.0
14.333333333333615,0.0
14.347222222222504,0.0
14.361111111111393,0.0
14.375000000000282,0.0
14.388888888889172,0.0
14.402777777778061,0.0
14.41666666666695,0.0
14.43055555555584,0.0
14.444444444444729,0.0
14.458333333333618,0.0
14.472222222222507,0.0
14.486111111111397,0.0
14.500000000000286,0.0
14.513888888889175,0.0
14.527777777778065,0.0
14.541666666666954,0.0
14.555555555555843,0.0
14.569444444444732,0.0
14.583333333333622,0.0
14.597222222222511,0.0
14.6111111111114,0.0
14.62500000000029,0.0
14.638888888889179,0.0
14.652777777778068,0.0
14.666666666666957,0.0
14.680555555555847,0.0
14.694444444444736,0.0
14.708333333333625,0.0
14.722222222222515,0.0
14.736111111111404,0.0
14.750000000000293,0.0
14.763888888889182,0.0
14.777777777778072,0.0
14.791666666666961,0.0
14.80555555555585,0.0
14.81944444444474,0.0
14.833333333333629,0.0
14.847222222222518,0.0
14.861111111111407,0.0
14.875000000000297,0.0
14.888888888889186,0.0
14.902777777778075,0.0
14.916666666666965,0.0
14.930555555555854,0.0
14.944444444444743,0.0
14.958333333333632,0.0
14.972222222222522,0.0
14.986111111111411,0.0
15.0000000000003,0.0
