8.910223810388787892e-20
1.782528295924768968e-19
2.228522010030433599e-19
2.228522010030433599e-19
5.353827563474186687e-19
6.247247534627863031e-19
6.247247534627863031e-19
8.930342914176330763e-19
8.930342914176330763e-19
9.377994162839242583e-19
1.116953074998073162e-18
1.116953074998073162e-18
1.206622491695186885e-18
1.341195631824277625e-18
1.655360004290810858e-18
1.879877217824880714e-18
1.969729554126929353e-18
2.239422363334114100e-18
2.464279080417015607e-18
2.554266669120793866e-18
2.599282824011482922e-18
2.599282824011482922e-18
2.689404037926558862e-18
3.095148334002863970e-18
3.095148334002863970e-18
3.275654816350545669e-18
3.365951716462641440e-18
3.817653645047278873e-18
3.817653645047278873e-18
3.908080486092954930e-18
3.953315392497390546e-18
4.270109546108175050e-18
4.541775294820474436e-18
4.813568444502887590e-18
4.949528470410018962e-18
6.173867538280151444e-18
6.337062552784480233e-18
8.285708905328956050e-18
8.285708905328956050e-18
8.743859615021615218e-18
9.897518489181972280e-18
9.897518489181972280e-18
1.049420614313666744e-17
1.057392135495048899e-17
1.078426787018530742e-17
1.078840892014966161e-17
1.086680652515664227e-17
1.088553536476815420e-17
1.173096836089986325e-17
1.173096836089986325e-17
1.238177200870691786e-17
1.250534470423412839e-17
1.253386148012502266e-17
1.253386148012502266e-17
1.301431739076204558e-17
1.384346853135208830e-17
1.404534471711436372e-17
1.488880130303581223e-17
1.488880130303581223e-17
1.489651871433301671e-17
1.655802089775828471e-17
1.673439198033101381e-17
1.758688358435650922e-17
1.758688358435650922e-17
1.758688358435650922e-17
1.834940146642921415e-17
1.834940146642921415e-17
1.834940146642921415e-17
1.838422393203855624e-17
1.889592594695206942e-17
2.084890157900473560e-17
2.148794088032214732e-17
2.163381877679372161e-17
2.289730958978138731e-17
2.395487728181433917e-17
2.408419097842849671e-17
2.421764572500700690e-17
2.434319483074447798e-17
2.434319483074447798e-17
2.434319483074447798e-17
2.449227262946123484e-17
2.449227262946123484e-17
2.473010065809585861e-17
2.523182650718615481e-17
2.635621568728028063e-17
2.657578545016297905e-17
2.662660742699823707e-17
2.662660742699823707e-17
2.796567240183536705e-17
2.796567240183536705e-17
2.833601402932932784e-17
2.877167130853379171e-17
2.893712507756413376e-17
3.033924694958575431e-17
3.101320283128442389e-17
3.112679936098841591e-17
3.180367280061651766e-17
3.286387570626314819e-17
3.465120933974163768e-17
3.505016185789841314e-17
3.505016185789841314e-17
3.505016185789841314e-17
3.509881919497957753e-17
3.593192315599013980e-17
3.594425219111128504e-17
3.603497883123941095e-17
3.630038248804576045e-17
3.655759815969531426e-17
4.014704144584328561e-17
4.014704144584328561e-17
4.171969928457876785e-17
4.172939310608623442e-17
4.172939310608623442e-17
4.182388433709104679e-17
4.182388433709104679e-17
4.301970662907028732e-17
4.301970662907028732e-17
4.536994071338521728e-17
4.536994071338521728e-17
4.676265110821511858e-17
4.763556561774663297e-17
4.855610220186822589e-17
4.855610220186822589e-17
4.855610220186822589e-17
4.860937116277333103e-17
4.933085500429016337e-17
4.933085500429016337e-17
4.933085500429016337e-17
4.933085500429016337e-17
4.954261324110373846e-17
5.039171671334021666e-17
5.165981915015182004e-17
5.165981915015182004e-17
5.165981915015182004e-17
5.165981915015182004e-17
5.338334296827048968e-17
5.453257844815074369e-17
5.485365099254608141e-17
5.485365099254608141e-17
5.485365099254608141e-17
5.662286753243052538e-17
5.662286753243052538e-17
5.682370845570171034e-17
5.792499245929018060e-17
5.796555592598647124e-17
5.837043767477402681e-17
5.928146866693199087e-17
5.944918119048834234e-17
5.944918119048834234e-17
5.944918119048834234e-17
5.944918119048834234e-17
5.989603812755094982e-17
6.006422122496689248e-17
6.006422122496689248e-17
6.076669388255645479e-17
6.296822662724229715e-17
6.324120652318797746e-17
6.345508234236968829e-17
6.362237134945241261e-17
6.362237134945241261e-17
6.376100240848637054e-17
6.376100240848637054e-17
6.376100240848637054e-17
6.652265921823710102e-17
6.652265921823710102e-17
6.700800909701381511e-17
6.737345675636808166e-17
6.804543622785648915e-17
6.933523211959499297e-17
6.960152986673455465e-17
7.158645746385309172e-17
7.251400559848251464e-17
7.251400559848251464e-17
7.251400559848251464e-17
7.257075680594855277e-17
7.273959870676790586e-17
7.277964454221865357e-17
7.338880240345237534e-17
7.356347942013059276e-17
7.356347942013059276e-17
7.374403861005363856e-17
7.596194732505305995e-17
8.010497369961767446e-17
8.014817237992764377e-17
8.162624487288639787e-17
8.209559524043719603e-17
8.257280419144307849e-17
8.257280419144307849e-17
8.554720744311251819e-17
8.914672100985563153e-17
9.067646251259689794e-17
9.067646251259689794e-17
9.284463157063811121e-17
9.304843710922468621e-17
9.476405528650230750e-17
9.642202816598068464e-17
9.648146164444636549e-17
9.665896210428210546e-17
1.001254914983062936e-16
1.002673224595854249e-16
1.017072784699177355e-16
1.017072784699177355e-16
1.024304093199431124e-16
1.025178419430541369e-16
1.040626888666881008e-16
1.040626888666881008e-16
1.047277979598265582e-16
1.062096350436619926e-16
1.062096350436619926e-16
1.084246262007319879e-16
1.088375547625184594e-16
1.091371691389166861e-16
1.124874667896232036e-16
1.138380608240201855e-16
1.139526455588293116e-16
1.139526455588293116e-16
1.140606893169901989e-16
1.144284427882564328e-16
1.161669779124958842e-16
1.170294927397305576e-16
1.171765000134651427e-16
1.195061700201161677e-16
1.195061700201161677e-16
1.208532347505662649e-16
1.216166937803581492e-16
1.231139656867879925e-16
1.247406454046039123e-16
1.247406454046039123e-16
1.250739528693484795e-16
1.252325833174148292e-16
1.254925753748359354e-16
1.282637377765503070e-16
1.284891897126778184e-16
1.285521995524763357e-16
1.300273544875056638e-16
1.300273544875056638e-16
1.300273544875056638e-16
1.300273544875056638e-16
1.301608092340841801e-16
1.301608092340841801e-16
1.304130838802080941e-16
1.308127893165401958e-16
1.311364029597773026e-16
1.318790155675895284e-16
1.318790155675895284e-16
1.318790155675895284e-16
1.320906326322452360e-16
1.321925589302315117e-16
1.328445390126875273e-16
1.328445390126875273e-16
1.328445390126875273e-16
1.366969389715720134e-16
1.373189434991724295e-16
1.373189434991724295e-16
1.378875849510958246e-16
1.403501450156938713e-16
1.427845647634886946e-16
1.441177005076950352e-16
1.442027802615081283e-16
1.452759239482933628e-16
1.457327099937932263e-16
1.457327099937932263e-16
1.457327099937932263e-16
1.457826378802952659e-16
1.457826378802952659e-16
1.467512671128665224e-16
1.478661977583829773e-16
1.490538791225913739e-16
1.490538791225913739e-16
1.492598493009320363e-16
1.500775184393481958e-16
1.545903688101612405e-16
1.564185011972658163e-16
1.564185011972658163e-16
1.567132686629103128e-16
1.570019657257661617e-16
1.570377763964806379e-16
1.586981962600288622e-16
1.586981962600288622e-16
1.603049707035843059e-16
1.603596043286822082e-16
1.606484425636959247e-16
1.613856435721229256e-16
1.613856435721229256e-16
1.620353413713599560e-16
1.621203270104011457e-16
1.622407939184550879e-16
1.622407939184550879e-16
1.622454290709720045e-16
1.623596373466934675e-16
1.630308403713135545e-16
1.634788502143321333e-16
1.638218044431981968e-16
1.648408791935170482e-16
1.656926649367531753e-16
1.656926649367531753e-16
1.656926649367531753e-16
1.656926649367531753e-16
1.675492905710556556e-16
1.694777493050239019e-16
1.706311728922544633e-16
1.712070611816154595e-16
1.721655730762056284e-16
1.724776576598828740e-16
1.724776576598828740e-16
1.724776576598828740e-16
1.730550753142875292e-16
1.755053769298433706e-16
1.755053769298433706e-16
1.755053769298433706e-16
1.755053769298433706e-16
1.757491577178017595e-16
1.780169707906102632e-16
1.809185527375088151e-16
1.816060846750565294e-16
1.818403833997442715e-16
1.831109798780116861e-16
1.835711775839935488e-16
1.846530974732600679e-16
1.848909725592806588e-16
1.870690471970661461e-16
1.884039240645529594e-16
1.891674772091167471e-16
1.914635952995793237e-16
1.965725686357155643e-16
1.969938734122026507e-16
1.986147180141597184e-16
1.986147180141597184e-16
1.986147180141597184e-16
1.987639369850343428e-16
1.990605867461171794e-16
1.995160551848101974e-16
2.000911905559958673e-16
2.031527911438465359e-16
2.031527911438465359e-16
2.031614967602488745e-16
2.048944320555592449e-16
2.051966816455711626e-16
2.084772873076730319e-16
2.095778183930861636e-16
2.099786061492953152e-16
2.099786061492953152e-16
2.100118757211680285e-16
2.108638967513339266e-16
2.108638967513339266e-16
2.108638967513339266e-16
2.109320829035878977e-16
2.113375763983929120e-16
2.114845366147415331e-16
2.114845366147415331e-16
2.114845366147415331e-16
2.114845366147415331e-16
2.140448819273614874e-16
2.140448819273614874e-16
2.152359984807448653e-16
2.191007510034434601e-16
2.212536028823551499e-16
2.231095226558682433e-16
2.231095226558682433e-16
2.244656929905012996e-16
2.244656929905012996e-16
2.244656929905012996e-16
2.269411232501590350e-16
2.269411232501590350e-16
2.312234159584680358e-16
2.312234159584680358e-16
2.331954498318339391e-16
2.382246138413844193e-16
2.424483906902539520e-16
2.424915423131779573e-16
2.432723655183885300e-16
2.437877380094068077e-16
2.437877380094068077e-16
2.440036608248777329e-16
2.440036608248777329e-16
2.441525268653576762e-16
2.457696539338240277e-16
2.470187922440943497e-16
2.470187922440943497e-16
2.470187922440943497e-16
2.476975009217748152e-16
2.517613532444641347e-16
2.529822335944663232e-16
2.536460486094909170e-16
2.536460486094909170e-16
2.550977689663128597e-16
2.600628055231483120e-16
2.600628055231483120e-16
2.620337100192511767e-16
2.621437772450082717e-16
2.624263450833430303e-16
2.634079621544388363e-16
2.638271846415972722e-16
2.638271846415972722e-16
2.638271846415972722e-16
2.666688860648635217e-16
2.702118837110703679e-16
2.702118837110703679e-16
2.734497142093358950e-16
2.734497142093358950e-16
2.734497142093358950e-16
2.745930675159713083e-16
2.791979150763333480e-16
2.795719742373180497e-16
2.795719742373180497e-16
2.809538143759915126e-16
2.823043613530025305e-16
2.844997295801277848e-16
2.851846027753688507e-16
2.851846027753688507e-16
2.931604061788732348e-16
2.931604061788732348e-16
2.931604061788732348e-16
2.931604061788732348e-16
2.933013901072051118e-16
2.933013901072051118e-16
2.936183451303290696e-16
2.936183451303290696e-16
2.941896217958661312e-16
2.941896217958661312e-16
2.992629491621387204e-16
3.009272277313355284e-16
3.009272277313355284e-16
3.009272277313355284e-16
3.033887525334424893e-16
3.044481554635278480e-16
3.083021318448419572e-16
3.087354597834414533e-16
3.091689053655058841e-16
3.119884427599856790e-16
3.147246650526258107e-16
3.147453938311405837e-16
3.147453938311405837e-16
3.147453938311405837e-16
3.147453938311405837e-16
3.147453938311405837e-16
3.147453938311405837e-16
3.147453938311405837e-16
3.162928994970812331e-16
3.191249541562259863e-16
3.199488583982816429e-16
3.228710867732694937e-16
3.278007008828246362e-16
3.319977138434302090e-16
3.319977138434302090e-16
3.386702629428119240e-16
3.400927371342606359e-16
3.404323738174166530e-16
3.422057549359584162e-16
3.422057549359584162e-16
3.441953412142868396e-16
3.441953412142868396e-16
3.442193993028581377e-16
3.447983227936134946e-16
3.467316990244143925e-16
3.485391261616971773e-16
3.516123263951866285e-16
3.516123263951866285e-16
3.516123263951866285e-16
3.518678127079022068e-16
3.522398836943301369e-16
3.522398836943301369e-16
3.553800230593456845e-16
3.560616963523415400e-16
3.561753164107385018e-16
3.599150845163311232e-16
3.599150845163311232e-16
3.630941403395344046e-16
3.694741807277976509e-16
3.731869143651571055e-16
3.779640860728994313e-16
3.779640860728994313e-16
3.779640860728994313e-16
3.779640860728994313e-16
3.793161859436470656e-16
3.799319318389149779e-16
3.799319318389149779e-16
3.801549367909726298e-16
3.801549367909726298e-16
3.801549367909726298e-16
3.801549367909726298e-16
3.809741117657394664e-16
3.809741117657394664e-16
3.819072832579909277e-16
3.826826948638162756e-16
3.833424394149554475e-16
3.879989559850999996e-16
3.879989559850999996e-16
3.880525778763997981e-16
3.880525778763997981e-16
3.893363974801215824e-16
3.893363974801215824e-16
3.918680142586138366e-16
3.948054068762268647e-16
3.983279345595417648e-16
3.983279345595417648e-16
4.007464018534966485e-16
4.026933541401466219e-16
4.026933541401466219e-16
4.094680177670584441e-16
4.097306097450537559e-16
4.122886492457617429e-16
4.128114332750684957e-16
4.131216355633074259e-16
4.148001489917567075e-16
4.148001489917567075e-16
4.149199453320607482e-16
4.213203968614834979e-16
4.213203968614834979e-16
4.267019148127452883e-16
4.267019148127452883e-16
4.323521774952164629e-16
4.447022355035393822e-16
4.447725627668544465e-16
4.494155621028824151e-16
4.517001393694386273e-16
4.585599415718959854e-16
4.601644572609254012e-16
4.605195758240617666e-16
4.669997778583378339e-16
4.743716938278358660e-16
4.768350068106092142e-16
4.783315493275566641e-16
4.875980427131327951e-16
4.875980427131327951e-16
4.942569098775470278e-16
4.997666239125064805e-16
5.025396803740056957e-16
5.025396803740056957e-16
5.067960091696120762e-16
5.067960091696120762e-16
5.067960091696120762e-16
5.078258953543548986e-16
5.107688407435109944e-16
5.197136733673673048e-16
5.197136733673673048e-16
5.197136733673673048e-16
5.197136733673673048e-16
5.303549600480695587e-16
5.340032721240516731e-16
5.349961359103915559e-16
5.368414913007569773e-16
5.447836957306869244e-16
5.481786978980540883e-16
5.609493665864212598e-16
5.686563311439442823e-16
5.744860354034220044e-16
5.744860354034220044e-16
5.745299870019072999e-16
5.745299870019072999e-16
5.745299870019072999e-16
5.817573897391265457e-16
5.831300772162311101e-16
5.859008396301648120e-16
5.993444759951255251e-16
6.007066696751613389e-16
6.007066696751613389e-16
6.009112046032302950e-16
6.009112046032302950e-16
6.026362577863926484e-16
6.026362577863926484e-16
6.026362577863926484e-16
6.026362577863926484e-16
6.079125436583045707e-16
6.158197373930813072e-16
6.158197373930813072e-16
6.158197373930813072e-16
6.311786799526347936e-16
6.311786799526347936e-16
6.311786799526347936e-16
6.311786799526347936e-16
6.322761640723070612e-16
6.343860643221850313e-16
6.397479005217696379e-16
6.420325954317907356e-16
6.420325954317907356e-16
6.422818466408667921e-16
6.440598158545394833e-16
6.440598158545394833e-16
6.582565233313416628e-16
6.705798292157471009e-16
6.725224757515818814e-16
6.729210871036904791e-16
6.815590232206714272e-16
6.840396886145170099e-16
6.920773371875173873e-16
7.037983497068658145e-16
7.056419404452577566e-16
7.056419404452577566e-16
7.056419404452577566e-16
7.067800056781460698e-16
7.254882870941671486e-16
7.405116340235838432e-16
7.405116340235838432e-16
7.411938720052112674e-16
7.411938720052112674e-16
7.437146479384133538e-16
7.454872467279135448e-16
7.454872467279135448e-16
7.491310354126704134e-16
7.491837396849440362e-16
7.647027361784891493e-16
7.686772559361093861e-16
7.819634853450386422e-16
7.858655131995896655e-16
7.947225308590740244e-16
7.968772297403846429e-16
8.162827545619806637e-16
8.259126250819288895e-16
8.312795552435435006e-16
8.443252567063187814e-16
8.468464973312071211e-16
8.468464973312071211e-16
8.468464973312071211e-16
8.468464973312071211e-16
8.638004735165194257e-16
8.638004735165194257e-16
8.785499052844444723e-16
8.951797972526600789e-16
9.104909530367726681e-16
9.104909530367726681e-16
9.167890194586961035e-16
9.271155981064539487e-16
9.271155981064539487e-16
9.285151788796337385e-16
9.347983516389011544e-16
9.639135327783382040e-16
9.639135327783382040e-16
9.674446719632834407e-16
9.674446719632834407e-16
9.685812019489548555e-16
9.721546927812628072e-16
1.001905595676307167e-15
1.008342034341641696e-15
1.014197267233002031e-15
1.019054907070733614e-15
1.019397437783126149e-15
1.026668533303207962e-15
1.026668533303207962e-15
1.044566998282094726e-15
1.045037313326057677e-15
1.047980070485670015e-15
1.049493071323356432e-15
1.049493071323356432e-15
1.049839907786564110e-15
1.049839907786564110e-15
1.049839907786564110e-15
1.049839907786564110e-15
1.058180823565547773e-15
1.083731754766844310e-15
1.095923770544425431e-15
1.121253243805227792e-15
1.126421862378066490e-15
1.129039488293744541e-15
1.130743095073256330e-15
1.134099951347130903e-15
1.136904942127176144e-15
1.136904942127176144e-15
1.138767626399920843e-15
1.142047179153011883e-15
1.142047179153011883e-15
1.147260943405504696e-15
1.147260943405504696e-15
1.147547793465961641e-15
1.147954775150597664e-15
1.153004503237812117e-15
1.153589067732709279e-15
1.161706719744012562e-15
1.172171464759117976e-15
1.204728187820635163e-15
1.233250540011766032e-15
1.236644336333617996e-15
1.240459590368461467e-15
1.242956096454855442e-15
1.264744719062685191e-15
1.274235111490652143e-15
1.304190337555528645e-15
1.321633098808792595e-15
1.347570612317911983e-15
1.347570612317911983e-15
1.388027311687634477e-15
1.407370338418504247e-15
1.407370338418504247e-15
1.407370338418504247e-15
1.411050931861253953e-15
1.435374000572906644e-15
1.447038208945229928e-15
1.451488567107489937e-15
1.481644822325181394e-15
1.491155778830812220e-15
1.491155778830812220e-15
1.491155778830812220e-15
1.491155778830812220e-15
1.491155778830812220e-15
1.502847398130456285e-15
1.503470108518846137e-15
1.503470108518846137e-15
1.506730432447599769e-15
1.530795461983348738e-15
1.539786034386356781e-15
1.543526061307572229e-15
1.545076508060135311e-15
1.589347532081328573e-15
1.606283367644353782e-15
1.622180623170580432e-15
1.624029437278813842e-15
1.630595307284227380e-15
1.637546459637176838e-15
1.637699278498077368e-15
1.641409776909603702e-15
1.641409776909603702e-15
1.651349990889948602e-15
1.651349990889948602e-15
1.651349990889948602e-15
1.674952305149566953e-15
1.675116370725711559e-15
1.704901366696882904e-15
1.704901366696882904e-15
1.718524691690126316e-15
1.718524691690126316e-15
1.718524691690126316e-15
1.748421837176383406e-15
1.748421837176383406e-15
1.787886149215798749e-15
1.787886149215798749e-15
1.822618241115408638e-15
1.833541148604553180e-15
1.860757417166230544e-15
1.866438214210015696e-15
1.866438214210015696e-15
1.877755050841365979e-15
1.891129748135897296e-15
1.895800211338805151e-15
1.896811409859149175e-15
1.924847812189832227e-15
1.929060212915646269e-15
1.929060212915646269e-15
1.964217174188729836e-15
1.973460921210368374e-15
1.975917381461311625e-15
1.999061815591206535e-15
1.999061815591206535e-15
2.003939819512711558e-15
2.048243289601523211e-15
2.052233144184792764e-15
2.052233144184792764e-15
2.061502078672265539e-15
2.070203330502053746e-15
2.070203330502053746e-15
2.070203330502053746e-15
2.096473598551632907e-15
2.096624735110985307e-15
2.096624735110985307e-15
2.127064934595550811e-15
2.159426093043197373e-15
2.159683096956609983e-15
2.168288228193404693e-15
2.181199669051866977e-15
2.183074994114914710e-15
2.183074994114914710e-15
2.235874451715963146e-15
2.235874451715963146e-15
2.235874451715963146e-15
2.241754001511517311e-15
2.241754001511517311e-15
2.281934085802228981e-15
2.298821005212550255e-15
2.306495594288533758e-15
2.306495594288533758e-15
2.316639672629197836e-15
2.319551766019684832e-15
2.319551766019684832e-15
2.319551766019684832e-15
2.319551766019684832e-15
2.322579002951439209e-15
2.335774358665909294e-15
2.335774358665909294e-15
2.346864678687774832e-15
2.358419572752516200e-15
2.377604727835668358e-15
2.377604727835668358e-15
2.384023943497741919e-15
2.386077504292280901e-15
2.386320461575985141e-15
2.436422383937824648e-15
2.446115564288406844e-15
2.486923635276908643e-15
2.486923635276908643e-15
2.500452427863934462e-15
2.500452427863934462e-15
2.500452427863934462e-15
2.514190537585877211e-15
2.546571813066021062e-15
2.546571813066021062e-15
2.559921734646845191e-15
2.560955750117205878e-15
2.565375473921206988e-15
2.632106782384363124e-15
2.641139406443898527e-15
2.641139406443898527e-15
2.641139406443898527e-15
2.641139406443898527e-15
2.641557593668566000e-15
2.641557593668566000e-15
2.660191353831748369e-15
2.677827191539600189e-15
2.677827191539600189e-15
2.679276417854966382e-15
2.679276417854966382e-15
2.690228647977736315e-15
2.691692662076640120e-15
2.770062073827259176e-15
2.842606122362255188e-15
2.881519333590363202e-15
2.883103985180344965e-15
2.893123567324282132e-15
2.893123567324282132e-15
2.893123567324282132e-15
2.893123567324282132e-15
2.907808989282956987e-15
2.919568582976618407e-15
2.919568582976618407e-15
2.931880806846630766e-15
2.956061944600059158e-15
2.956061944600059158e-15
2.960044934687151741e-15
2.994991490623267866e-15
3.017581365223987360e-15
3.017581365223987360e-15
3.017581365223987360e-15
3.068780401128585105e-15
3.096835544063226158e-15
3.144351663066642340e-15
3.144351663066642340e-15
3.170668576750052979e-15
3.208107785949087611e-15
3.208107785949087611e-15
3.208107785949087611e-15
3.212866275874604526e-15
3.214057721829689529e-15
3.216442684264841756e-15
3.217593366759340146e-15
3.236914617684857653e-15
3.236914617684857653e-15
3.268253013259560695e-15
3.290180602210299550e-15
3.292179717609284683e-15
3.297496955171326976e-15
3.323228304390388876e-15
3.332337814336407079e-15
3.385037445575317781e-15
3.414487828239284142e-15
3.420318326592149915e-15
3.420318326592149915e-15
3.422969292665779724e-15
3.469831866928656721e-15
3.474735864173730611e-15
3.476019130853167453e-15
3.487213012417181407e-15
3.501248542464902112e-15
3.501248542464902112e-15
3.542877688370129076e-15
3.565994211587977220e-15
3.565994211587977220e-15
3.568561833148901021e-15
3.568561833148901021e-15
3.581144819335545979e-15
3.581144819335545979e-15
3.581144819335545979e-15
3.581144819335545979e-15
3.581144819335545979e-15
3.581144819335545979e-15
3.641055218525739779e-15
3.641055218525739779e-15
3.657763972790648873e-15
3.669141401688593887e-15
3.669141401688593887e-15
3.672049030509587932e-15
3.672049030509587932e-15
3.683737549903932348e-15
3.764541016707604648e-15
3.811555080460228603e-15
3.811555080460228603e-15
3.811555080460228603e-15
3.826893311887787084e-15
3.846658990412816687e-15
3.846658990412816687e-15
3.909675977051837464e-15
3.940947098211139570e-15
3.965824349992879964e-15
3.968595041820735090e-15
3.968595041820735090e-15
3.973921043820911992e-15
3.973921043820911992e-15
4.014854822733829090e-15
4.035089398699069729e-15
4.095479400884780228e-15
4.116874664921208698e-15
4.122462288340795878e-15
4.126539628486735486e-15
4.128039276791156070e-15
4.170062240077296686e-15
4.170062240077296686e-15
4.170062240077296686e-15
4.170062240077296686e-15
4.178875841416061072e-15
4.178875841416061072e-15
4.276409203015284091e-15
4.298063635604880011e-15
4.346794370443792416e-15
4.432254565575846525e-15
4.472187151545109041e-15
4.476757688388934042e-15
4.479252306297716364e-15
4.479252306297716364e-15
4.527631110711391184e-15
4.540468395011756091e-15
4.596197698402144526e-15
4.599080633859856635e-15
4.599080633859856635e-15
4.599080633859856635e-15
4.614456322966637964e-15
4.619313651049187221e-15
4.622960010243652000e-15
4.668330577145153173e-15
4.670600243102533696e-15
4.702833570161223533e-15
4.702833570161223533e-15
4.702833570161223533e-15
4.710768933623669666e-15
4.720087684236352835e-15
4.721102570879321625e-15
4.734392570761300801e-15
4.736615267565321337e-15
4.741187610236332148e-15
4.764999659265168162e-15
4.811611552950870512e-15
4.811611552950870512e-15
4.839835673076315509e-15
4.855649766437206719e-15
4.873187313030138097e-15
4.873187313030138097e-15
4.873187313030138097e-15
4.934939755947160561e-15
4.934939755947160561e-15
4.934939755947160561e-15
4.944665429422747063e-15
4.957677837784956797e-15
5.017850340732766600e-15
5.043603895155827877e-15
5.122484961863974445e-15
5.165662286943978087e-15
5.172736938465289524e-15
5.172736938465289524e-15
5.181244507976645668e-15
5.194366804158328622e-15
5.258505735934460476e-15
5.346087378022472184e-15
5.348380157979618672e-15
5.395116830206363421e-15
5.403682024427912459e-15
5.513421163149023231e-15
5.513421163149023231e-15
5.513421163149023231e-15
5.571218465128180544e-15
5.575150827350155211e-15
5.604441076670791437e-15
5.626801614159954987e-15
5.690220294409864538e-15
5.705895515542618669e-15
5.708054546644524230e-15
5.729627584661844932e-15
5.763648089476422798e-15
5.763648089476422798e-15
5.769078458876482744e-15
5.796682515591498650e-15
5.896381363977763597e-15
5.913157622062829911e-15
5.929325316386160060e-15
5.975024490895983275e-15
5.976206331262159309e-15
6.031108354043049993e-15
6.073798494006225063e-15
6.113993480782852094e-15
6.113993480782852094e-15
6.114843884215375940e-15
6.120987370065512308e-15
6.120987370065512308e-15
6.120987370065512308e-15
6.121685604617278892e-15
6.137020121452433005e-15
6.144347227026151614e-15
6.144347227026151614e-15
6.166865500873048912e-15
6.198035398654067683e-15
6.198035398654067683e-15
6.228851083726629440e-15
6.266906788798021012e-15
6.272155393162642552e-15
6.275284062289831026e-15
6.275284062289831026e-15
6.292536229365616379e-15
6.296799163841776508e-15
6.317759117647222048e-15
6.332828827866154338e-15
6.336407436189185351e-15
6.337925866272776562e-15
6.440653660362123814e-15
6.480631730236002175e-15
6.500151160401397192e-15
6.539543392289870667e-15
6.629232067068303626e-15
6.650613963866033239e-15
6.722891802886488144e-15
6.813018023121737152e-15
6.826950512199641739e-15
6.860137783645397130e-15
6.942317846630295409e-15
6.960479735914692010e-15
7.008995965541885947e-15
7.017810825665724637e-15
7.017810825665724637e-15
7.090824327506302926e-15
7.159036399556677059e-15
7.180609516983335777e-15
7.200019088740124410e-15
7.204172323626355766e-15
7.263631124847851463e-15
7.283557136710101438e-15
7.309772303501809601e-15
7.390413204683514856e-15
7.406352764799718898e-15
7.434466967694825414e-15
7.465220772304852087e-15
7.475940094836907478e-15
7.475940094836907478e-15
7.511503917210075045e-15
7.520776833928834652e-15
7.607004076216359628e-15
7.673102148142105158e-15
7.677645182884923996e-15
7.729922335853785303e-15
7.739252974338596870e-15
7.791863361245036833e-15
7.797686274535502708e-15
7.828902762069707700e-15
7.839344019567047265e-15
7.867603279795457528e-15
7.916346443666436942e-15
7.964098643693033816e-15
7.979295150038431918e-15
7.993597786632112951e-15
8.034546188627716764e-15
8.045633782262282538e-15
8.111682326289305269e-15
8.165099217969342887e-15
8.218276384619875303e-15
8.247709994266833530e-15
8.249041980046170519e-15
8.344040436732057434e-15
8.392307718082096622e-15
8.404365764422940069e-15
8.478677564836681728e-15
8.522250921935826617e-15
8.526028971224897074e-15
8.526028971224897074e-15
8.624267084823842378e-15
8.648130149941230203e-15
8.711398123030433481e-15
8.798701400092894403e-15
8.863022599830276305e-15
8.982538966334378344e-15
8.993850276663964766e-15
9.009770810890808082e-15
9.084417501073897516e-15
9.135177129813847752e-15
9.135177129813847752e-15
9.256486435662530070e-15
9.340639617781757379e-15
9.371057973815978194e-15
