1.336533571558318184e-19
2.673792443887153212e-19
2.673792443887153212e-19
2.673792443887153212e-19
3.120264665807689505e-19
3.120264665807689505e-19
4.908051721734707746e-19
4.908051721734707746e-19
4.908051721734707746e-19
6.698656716386356952e-19
8.490193303527845990e-19
8.490193303527845990e-19
9.386887470498982251e-19
1.073261887178988773e-18
1.252784385731293505e-18
1.522205041972176986e-18
1.612057378274225432e-18
1.791852584412348662e-18
1.836823927828928809e-18
1.971805310884595813e-18
2.151869930447351265e-18
2.286985207183668528e-18
2.286985207183668528e-18
2.737812202824007408e-18
2.918231018548014503e-18
2.963357639134934927e-18
3.234248339471221857e-18
3.324588725188149498e-18
3.460164273718483248e-18
3.460164273718483248e-18
3.460164273718483248e-18
3.460164273718483248e-18
3.505441898503866480e-18
3.777235048186279633e-18
3.867875065457700291e-18
4.627851848688642326e-18
5.340677131189094719e-18
7.000202904404102945e-18
7.000202904404102945e-18
7.598019935621804353e-18
8.551873149002063850e-18
8.551873149002063850e-18
9.428740478954099332e-18
9.621675761384245178e-18
9.621675761384245178e-18
9.913337439555476442e-18
9.913337439555476442e-18
9.965759367513325747e-18
1.029525518399524858e-17
1.029525518399524858e-17
1.154368763347616996e-17
1.225688937506429085e-17
1.225688937506429085e-17
1.238742656371337042e-17
1.271193429728368476e-17
1.333958571119912131e-17
1.374540860770584849e-17
1.471723774252228139e-17
1.471723774252228139e-17
1.471723774252228139e-17
1.618928689007833960e-17
1.667698963815298197e-17
1.715302215450989876e-17
1.715302215450989876e-17
1.715302215450989876e-17
1.776166238449807144e-17
1.776166238449807144e-17
1.776166238449807144e-17
1.776260353221724151e-17
1.822715404640026736e-17
1.988150350715983170e-17
2.034003067594015859e-17
2.034003067594015859e-17
2.167382522354993122e-17
2.194271112691721369e-17
2.236123951763275383e-17
2.247803594958193150e-17
2.321646045004384676e-17
2.323311876467318236e-17
2.323311876467318236e-17
2.342981863798001467e-17
2.342981863798001467e-17
2.352920383712451822e-17
2.376533779986463338e-17
2.477227174460616186e-17
2.490883227865793884e-17
2.490883227865793884e-17
2.496021894412470076e-17
2.623782697289993607e-17
2.626013217384429829e-17
2.683743218478406186e-17
2.741096760484713896e-17
2.774658088150367653e-17
2.902625943526109279e-17
2.985494000199155201e-17
2.985494000199155201e-17
3.070084357198284456e-17
3.140397503297582962e-17
3.319309684712074348e-17
3.364889468751547284e-17
3.423946488129555173e-17
3.423946488129555173e-17
3.462684128250652047e-17
3.541420546436535052e-17
3.575283041372323911e-17
3.633116568715409469e-17
3.654141808761699272e-17
3.688983097325426365e-17
4.018554205624883049e-17
4.018554205624883049e-17
4.188845473931764344e-17
4.188845473931764344e-17
4.188845473931764344e-17
4.188845473931764344e-17
4.203527378350839088e-17
4.308917099943657206e-17
4.308917099943657206e-17
4.565219858305616911e-17
4.565219858305616911e-17
4.705610863574421403e-17
4.743012073934294552e-17
4.803640810003319301e-17
4.803640810003319301e-17
4.803640810003319301e-17
4.803640810003319301e-17
4.892654561282554689e-17
4.896146219320680476e-17
4.912145730546595175e-17
4.912145730546595175e-17
4.912145730546595175e-17
5.016443720785174895e-17
5.156712376850487031e-17
5.156768845713637113e-17
5.156768845713637113e-17
5.156768845713637113e-17
5.279758029654961522e-17
5.339685610673203271e-17
5.421861923772657770e-17
5.439743730436915085e-17
5.439743730436915085e-17
5.538865408220051379e-17
5.538865408220051379e-17
5.597960073506826810e-17
5.747357862448102235e-17
5.797699853946582408e-17
5.812339406718293821e-17
5.876257454065822359e-17
5.884732489276961768e-17
5.913701016073058839e-17
5.913701016073058839e-17
5.913701016073058839e-17
5.941615457423684441e-17
5.971831004947683403e-17
5.971831004947683403e-17
5.991369231597683008e-17
6.144145740850784057e-17
6.199348760318784879e-17
6.199348760318784879e-17
6.220397529058054242e-17
6.220397529058054242e-17
6.310423014135398386e-17
6.310423014135398386e-17
6.310423014135398386e-17
6.529522203158511151e-17
6.529522203158511151e-17
6.597844821831762051e-17
6.607030423570874804e-17
6.664699250063104675e-17
6.791175386303959698e-17
6.812624142823876652e-17
6.998656106733900566e-17
7.098111891957343408e-17
7.098111891957343408e-17
7.098111891957343408e-17
7.109612717085618738e-17
7.159540603587663338e-17
7.159540603587663338e-17
7.163291077248561820e-17
7.163291077248561820e-17
7.166519213925319738e-17
7.253015395055771785e-17
7.483521294435241640e-17
7.936330990821602619e-17
7.996202102976693670e-17
8.018667299033315784e-17
8.091526249712973596e-17
8.137275440341897392e-17
8.137275440341897392e-17
8.483608389519797646e-17
8.832750664639423840e-17
8.957062161126183992e-17
8.957062161126183992e-17
9.183643474516709333e-17
9.249839099344632905e-17
9.466858351908376229e-17
9.569245812277037985e-17
9.569245812277037985e-17
9.621714797620845486e-17
9.970631197287871356e-17
9.970631197287871356e-17
1.015614552995235111e-16
1.015614552995235111e-16
1.027252315116649557e-16
1.030939731880363237e-16
1.048342964929421995e-16
1.048342964929421995e-16
1.054761121800311636e-16
1.072294703808475653e-16
1.072294703808475653e-16
1.090643319741442114e-16
1.094896366284377859e-16
1.094896366284377859e-16
1.121765663092863064e-16
1.135794881568692234e-16
1.135794881568692234e-16
1.135794881568692234e-16
1.142610202777072361e-16
1.142852548314759118e-16
1.171846956673133459e-16
1.175650605180164908e-16
1.176657162665818850e-16
1.200134092520550459e-16
1.201675221910693645e-16
1.219128806362728144e-16
1.233845062673552332e-16
1.236926850879979310e-16
1.252505669075424209e-16
1.252505669075424209e-16
1.257314463346530679e-16
1.263591448059544685e-16
1.263591448059544685e-16
1.286629803077142373e-16
1.290991552181642379e-16
1.291029668664268823e-16
1.301747929464052712e-16
1.301747929464052712e-16
1.301747929464052712e-16
1.301747929464052712e-16
1.301747929464052712e-16
1.302892835664424693e-16
1.302892835664424693e-16
1.303701281555192909e-16
1.305897449757879503e-16
1.310303903379040180e-16
1.311374458909597589e-16
1.311791387349190512e-16
1.313940027592058838e-16
1.316058551107913870e-16
1.332084414469965232e-16
1.332265585405905626e-16
1.332265585405905626e-16
1.371925550291790283e-16
1.381979831375698828e-16
1.381979831375698828e-16
1.392880204259142393e-16
1.416607479407173661e-16
1.451364535250034594e-16
1.461216469574321388e-16
1.461216469574321388e-16
1.488741746343069159e-16
1.492311990215746035e-16
1.492311990215746035e-16
1.492311990215746035e-16
1.493084672493185763e-16
1.493084672493185763e-16
1.504677730097939538e-16
1.514717893966060594e-16
1.539334553708708877e-16
1.545069907909339772e-16
1.546999731307500901e-16
1.546999731307500901e-16
1.586686989477241503e-16
1.598808972100169822e-16
1.598808972100169822e-16
1.604822435451815714e-16
1.604822435451815714e-16
1.614446141454203241e-16
1.617558046387643514e-16
1.619401754769500292e-16
1.631151042895636719e-16
1.631627734215397083e-16
1.632812168619974428e-16
1.635037041828095642e-16
1.636060069398835030e-16
1.640755690656711270e-16
1.645929414955926550e-16
1.645929414955926550e-16
1.645929414955926550e-16
1.645929414955926550e-16
1.645929414955926550e-16
1.648018057031697861e-16
1.659345710979645453e-16
1.659866400955277028e-16
1.670449607057359870e-16
1.682731114218687584e-16
1.682731114218687584e-16
1.682731114218687584e-16
1.682731114218687584e-16
1.698044058183466659e-16
1.719604811281965234e-16
1.730175311889839262e-16
1.741767898920733643e-16
1.769093887659946833e-16
1.771484167579712455e-16
1.771484167579712455e-16
1.771484167579712455e-16
1.772951887447760350e-16
1.790560055412668759e-16
1.790560055412668759e-16
1.790560055412668759e-16
1.790560055412668759e-16
1.798651102354385643e-16
1.826739891319987097e-16
1.859159136228426161e-16
1.877139763403196642e-16
1.877139763403196642e-16
1.877614101853659050e-16
1.883227342137727285e-16
1.885745853434230154e-16
1.888001549230154369e-16
1.916057868599444572e-16
1.921498172990115137e-16
1.930760478268340911e-16
1.956853798782369273e-16
2.009852179718211205e-16
2.009852179718211205e-16
2.045995075577552200e-16
2.045995075577552200e-16
2.045995075577552200e-16
2.045995075577552200e-16
2.045995075577552200e-16
2.046214833569978678e-16
2.046214833569978678e-16
2.078956421572234017e-16
2.078956421572234017e-16
2.078956421572234017e-16
2.084273906185552708e-16
2.086943001117123035e-16
2.127243887599763364e-16
2.131035301186445639e-16
2.131035301186445639e-16
2.135238937474124925e-16
2.135238937474124925e-16
2.150542940535571816e-16
2.151638907054546854e-16
2.151638907054546854e-16
2.159880067057471556e-16
2.166990438075811767e-16
2.172382743932804670e-16
2.174283862325530933e-16
2.174283862325530933e-16
2.174283862325530933e-16
2.205799605423565493e-16
2.205799605423565493e-16
2.212675630659832096e-16
2.267422428770964697e-16
2.277516238059078607e-16
2.307063335415536379e-16
2.307063335415536379e-16
2.321306664997477080e-16
2.326880141790410376e-16
2.326880141790410376e-16
2.348489834570306140e-16
2.348489834570306140e-16
2.396989999982368096e-16
2.396989999982368096e-16
2.424996438522542323e-16
2.448834063240646470e-16
2.498768302489795970e-16
2.498768302489795970e-16
2.498768302489795970e-16
2.500860944443373733e-16
2.500860944443373733e-16
2.500860944443373733e-16
2.500860944443373733e-16
2.500860944443373733e-16
2.535850934346729599e-16
2.543260825626696232e-16
2.543260825626696232e-16
2.543260825626696232e-16
2.547547047626732565e-16
2.590533028552169026e-16
2.594714077294588279e-16
2.598837951313067867e-16
2.598837951313067867e-16
2.611140869585007006e-16
2.660645592543819802e-16
2.660645592543819802e-16
2.674154238687482184e-16
2.681926001265469964e-16
2.686133166857096060e-16
2.695486292890222098e-16
2.701011418219083126e-16
2.701011418219083126e-16
2.701011418219083126e-16
2.715755908961482785e-16
2.737266310657005742e-16
2.737266310657005742e-16
2.771771609484988588e-16
2.775595963241841754e-16
2.775595963241841754e-16
2.796676260429703580e-16
2.838894735390155618e-16
2.851787517995085350e-16
2.851819517017536960e-16
2.857858861931460122e-16
2.870265071165578272e-16
2.870769996916913862e-16
2.877722255118433105e-16
2.877722255118433105e-16
2.968856882782820988e-16
2.968856882782820988e-16
2.968856882782820988e-16
2.978291888667514613e-16
2.984215942985839163e-16
2.984215942985839163e-16
2.984215942985839163e-16
2.984215942985839163e-16
2.986852803608027813e-16
2.986852803608027813e-16
3.008332147428817948e-16
3.035062860235655172e-16
3.035062860235655172e-16
3.035062860235655172e-16
3.058954836234541634e-16
3.064130442829194983e-16
3.102377744988603274e-16
3.108280152909386826e-16
3.116916712597828486e-16
3.141722190101635458e-16
3.173459926417929665e-16
3.174573774743569070e-16
3.188669932350924336e-16
3.189914247279133663e-16
3.189914247279133663e-16
3.189914247279133663e-16
3.189914247279133663e-16
3.189914247279133663e-16
3.198644333522168150e-16
3.235724730153268855e-16
3.250076762296773694e-16
3.295268087615158752e-16
3.348698455354100377e-16
3.395404204996097352e-16
3.395404204996097352e-16
3.454988267096841468e-16
3.463837879100210345e-16
3.463837879100210345e-16
3.488115608020491875e-16
3.488115608020491875e-16
3.497608376846449592e-16
3.497608376846449592e-16
3.502261411170033051e-16
3.503627016510551037e-16
3.536041908610789043e-16
3.539958847774515754e-16
3.555919301370084482e-16
3.555919301370084482e-16
3.555919301370084482e-16
3.562670506890096110e-16
3.562670506890096110e-16
3.562670506890096110e-16
3.604421937294909428e-16
3.604421937294909428e-16
3.616432158626186193e-16
3.655698017904667780e-16
3.655698017904667780e-16
3.684805834563202171e-16
3.724224865632978747e-16
3.745437394075383777e-16
3.797234399947703524e-16
3.802564119481371635e-16
3.802564119481371635e-16
3.802564119481371635e-16
3.814146353887354911e-16
3.815983944809037102e-16
3.815983944809037102e-16
3.815983944809037102e-16
3.815983944809037102e-16
3.815983944809037102e-16
3.826702205608820992e-16
3.842761950288762527e-16
3.843067823297493356e-16
3.846791709535324860e-16
3.848047435879629361e-16
3.857441031264679551e-16
3.896115379201662050e-16
3.896840533519283758e-16
3.899195990973439927e-16
3.899195990973439927e-16
3.915804189486728621e-16
3.915804189486728621e-16
3.930481858741066724e-16
3.971158498450586362e-16
4.018638459735066527e-16
4.018638459735066527e-16
4.018638459735066527e-16
4.035092545309340952e-16
4.035092545309340952e-16
4.071419906121639332e-16
4.082696149875426992e-16
4.105628743418082679e-16
4.109981198688856141e-16
4.122774337279018706e-16
4.144215094043322757e-16
4.144215094043322757e-16
4.149606811682991233e-16
4.186554624129153387e-16
4.196028452357263163e-16
4.227820069380480044e-16
4.227820069380480044e-16
4.280820450255225324e-16
4.408858185849114937e-16
4.408858185849114937e-16
4.464280492735682597e-16
4.482966627769437383e-16
4.542701508792178778e-16
4.547185960030565378e-16
4.563993211286458833e-16
4.639171385233084685e-16
4.708081985943887863e-16
4.770404670263955933e-16
4.808836907950181249e-16
4.915357653814513924e-16
4.918853782304306049e-16
4.989515505990092706e-16
5.081355523869999367e-16
5.091238163138624130e-16
5.091238163138624130e-16
5.119302129333132875e-16
5.121660527873911181e-16
5.121660527873911181e-16
5.149760257681747674e-16
5.179156889046602528e-16
5.256713696209968764e-16
5.256713696209968764e-16
5.256713696209968764e-16
5.256713696209968764e-16
5.363490081323520944e-16
5.412097067001708969e-16
5.414319587340532226e-16
5.447078586575592292e-16
5.590523616193108054e-16
5.603978734560242615e-16
5.726142531951853229e-16
5.785513424094204849e-16
5.888470278832965056e-16
5.888470278832965056e-16
5.888470278832965056e-16
5.919302278113021588e-16
5.919302278113021588e-16
5.974512826762776165e-16
5.997326482762421890e-16
6.019788384802027506e-16
6.136079420426008962e-16
6.170064029278360480e-16
6.170064029278360480e-16
6.170064029278360480e-16
6.170064029278360480e-16
6.195425136866873513e-16
6.195425136866873513e-16
6.195425136866873513e-16
6.195425136866873513e-16
6.333442332300998199e-16
6.405439426956824020e-16
6.405439426956824020e-16
6.405439426956824020e-16
6.537345750250368076e-16
6.537345750250368076e-16
6.537345750250368076e-16
6.537345750250368076e-16
6.562178403394566453e-16
6.562178403394566453e-16
6.599303269255397516e-16
6.607819244392320225e-16
6.607819244392320225e-16
6.607819244392320225e-16
6.646450652464615088e-16
6.646450652464615088e-16
6.784984655640029684e-16
6.890095444577578309e-16
6.913859424486656853e-16
6.913859424486656853e-16
7.014983158755401206e-16
7.014983158755401206e-16
7.097925742563459250e-16
7.256363372990840915e-16
7.263293043647100373e-16
7.263886437284037530e-16
7.263886437284037530e-16
7.273431263343211754e-16
7.469256751597200563e-16
7.647388545087301532e-16
7.647388545087301532e-16
7.659033130529680026e-16
7.659033130529680026e-16
7.663787632341736820e-16
7.700242048096123345e-16
7.700242048096123345e-16
7.730998108519589451e-16
7.730998108519589451e-16
7.886020313874097723e-16
7.902593513456579291e-16
8.017950165860620846e-16
8.066118988453802444e-16
8.156579754351264011e-16
8.185173586711665842e-16
8.397353634168627188e-16
8.424368161834526995e-16
8.466038241783364761e-16
8.535552412290819514e-16
8.563039102003080708e-16
8.563039102003080708e-16
8.563039102003080708e-16
8.563039102003080708e-16
8.731732772056668735e-16
8.731732772056668735e-16
8.790902258587117885e-16
8.958723014131173849e-16
9.135614551392605075e-16
9.135614551392605075e-16
9.180106839242575762e-16
9.247717714953202736e-16
9.247717714953202736e-16
9.263122185533672029e-16
9.343942540056729817e-16
9.686921709337361696e-16
9.686921709337361696e-16
9.736148676075554348e-16
9.736148676075554348e-16
9.749504738645245676e-16
9.774893139517613914e-16
9.999873560637828627e-16
1.007431669821578180e-15
1.013252292005565876e-15
1.018777817322207475e-15
1.023670232568162399e-15
1.032787459925477917e-15
1.032787459925477917e-15
1.048175742765176562e-15
1.048175742765176562e-15
1.048641281484464629e-15
1.050741052632015082e-15
1.050741052632015082e-15
1.055290972458617006e-15
1.055290972458617006e-15
1.055485731214753003e-15
1.055485731214753003e-15
1.064590506011309146e-15
1.090646374728287653e-15
1.101290426030414962e-15
1.117993986336348637e-15
1.125316456757550699e-15
1.133380528052766859e-15
1.133380528052766859e-15
1.139291471006928833e-15
1.142091708990992347e-15
1.142091708990992347e-15
1.143545276350213218e-15
1.152183906563637099e-15
1.160637165969423652e-15
1.164990568270089289e-15
1.164990568270089289e-15
1.165630231081770608e-15
1.168624839598536026e-15
1.172457616627475820e-15
1.172457616627475820e-15
1.179928164877943063e-15
1.184640520918700668e-15
1.216986909229329482e-15
1.239755078383272915e-15
1.239887980205566391e-15
1.242117935611371278e-15
1.242117935611371278e-15
1.255373854181570045e-15
1.261006335054322168e-15
1.285280381734152516e-15
1.304706158878230479e-15
1.319431550204103897e-15
1.319431550204103897e-15
1.362891646057419572e-15
1.379285086425539766e-15
1.381798233180043276e-15
1.381798233180043276e-15
1.387211903090261195e-15
1.413569074367359173e-15
1.423418279363260348e-15
1.424079482693364159e-15
1.448537982561805708e-15
1.459356522651067403e-15
1.459356522651067403e-15
1.460762173827035915e-15
1.464035909110787871e-15
1.464854284109993466e-15
1.478730871954465914e-15
1.483772953216462121e-15
1.483772953216462121e-15
1.483772953216462121e-15
1.512069806414079489e-15
1.520878972594217170e-15
1.521694500621572163e-15
1.521694500621572163e-15
1.562245897098363148e-15
1.575177454989322722e-15
1.593284666532321757e-15
1.597026034589036959e-15
1.606747408195981606e-15
1.610986902211761209e-15
1.611205224953916005e-15
1.621974543017465121e-15
1.623868085171052109e-15
1.631951673517094652e-15
1.631951673517094652e-15
1.631951673517094652e-15
1.656935710271921580e-15
1.662356215267450026e-15
1.684374742616553734e-15
1.684374742616553734e-15
1.695714525605732044e-15
1.695714525605732044e-15
1.695714525605732044e-15
1.714951273230414357e-15
1.716224269635365740e-15
1.749929398790335571e-15
1.749929398790335571e-15
1.782839175772180191e-15
1.788332919706779887e-15
1.820615804075057784e-15
1.828164738166185585e-15
1.828164738166185585e-15
1.840539913054264067e-15
1.854034006701318903e-15
1.857745881541384723e-15
1.857745881541384723e-15
1.869625936260926624e-15
1.869929726980328852e-15
1.869929726980328852e-15
1.907089962348881466e-15
1.929468796337923472e-15
1.934521453747413780e-15
1.945092730802156091e-15
1.952708221683548741e-15
1.953189677563637558e-15
1.991723747433077444e-15
2.003399708387543684e-15
2.003399708387543684e-15
2.010324161556134963e-15
2.014959331719574020e-15
2.014959331719574020e-15
2.017207457158532051e-15
2.034285688371467812e-15
2.034285688371467812e-15
2.034285688371467812e-15
2.061249688169194427e-15
2.100410633005681564e-15
2.113638405376903598e-15
2.120688578234256360e-15
2.137601220388177194e-15
2.148350703763544706e-15
2.149459587534965569e-15
2.194176174415107747e-15
2.194176174415107747e-15
2.194176174415107747e-15
2.194176174415107747e-15
2.194176174415107747e-15
2.239575534554642278e-15
2.250936028675815495e-15
2.255661631370720525e-15
2.255661631370720525e-15
2.268797841833213842e-15
2.273410547977030793e-15
2.273410547977030793e-15
2.273410547977030793e-15
2.273410547977030793e-15
2.276975939056780823e-15
2.288603672072812772e-15
2.288603672072812772e-15
2.308235701739546960e-15
2.324121298798402483e-15
2.335445482264135461e-15
2.335445482264135461e-15
2.344493464678012742e-15
2.344493464678012742e-15
2.350103575645914787e-15
2.396190985354242538e-15
2.401269783141632745e-15
2.430544835867690755e-15
2.430544835867690755e-15
2.458787102497596334e-15
2.458787102497596334e-15
2.463155139645295065e-15
2.476157683602973101e-15
2.520618460650871192e-15
2.520618460650871192e-15
2.520618460650871192e-15
2.521951119939044801e-15
2.530942668782811265e-15
2.606476202461676345e-15
2.606476202461676345e-15
2.606476202461676345e-15
2.606476202461676345e-15
2.606476202461676345e-15
2.606476202461676345e-15
2.614433594662924378e-15
2.631143619477254353e-15
2.647951253074408808e-15
2.647951253074408808e-15
2.648323641698192057e-15
2.648323641698192057e-15
2.667271662849152349e-15
2.671134791892035554e-15
2.746907830018910077e-15
2.810833594777735782e-15
2.846598690413908205e-15
2.848984664582858585e-15
2.852835411651061090e-15
2.852835411651061090e-15
2.852835411651061090e-15
2.852835411651061090e-15
2.862835959082378190e-15
2.889204177080829812e-15
2.889204177080829812e-15
2.889204177080829812e-15
2.899810794232427230e-15
2.899810794232427230e-15
2.899810794232427230e-15
2.932285072753744867e-15
2.935207442300890610e-15
2.935207442300890610e-15
2.935207442300890610e-15
2.982193253975419819e-15
2.997209848169951634e-15
3.042752562753635666e-15
3.042752562753635666e-15
3.059886321682002498e-15
3.072891089101167077e-15
3.072891089101167077e-15
3.072891089101167077e-15
3.080002460088958962e-15
3.086680991358530611e-15
3.090945437553214879e-15
3.093975639100284646e-15
3.114829496146913691e-15
3.116007018997928201e-15
3.152212883521855186e-15
3.155909582354949104e-15
3.155909582354949104e-15
3.158116697282044371e-15
3.172936891594104489e-15
3.185197846442114808e-15
3.233691029714535402e-15
3.278244927447072263e-15
3.286854370316855208e-15
3.286854370316855208e-15
3.287520726430721614e-15
3.307275664107406611e-15
3.307275664107406611e-15
3.307922126711359118e-15
3.319452503878016026e-15
3.320208392550841948e-15
3.320208392550841948e-15
3.366714477704216580e-15
3.375328349850453138e-15
3.375328349850453138e-15
3.387083149572919809e-15
3.387083149572919809e-15
3.397763370358329416e-15
3.397763370358329416e-15
3.397763370358329416e-15
3.397763370358329416e-15
3.397763370358329416e-15
3.397763370358329416e-15
3.422328566967258959e-15
3.422328566967258959e-15
3.444897601028172181e-15
3.453503408714889958e-15
3.454236156918170708e-15
3.462301063481987545e-15
3.462301063481987545e-15
3.470024362834611459e-15
3.553985027305709574e-15
3.602893544948773552e-15
3.602893544948773552e-15
3.607329344732253022e-15
3.618062322729495652e-15
3.657466989532208243e-15
3.659968677813230664e-15
3.730651147924051565e-15
3.757634064790934053e-15
3.765224779958619514e-15
3.775614215509671851e-15
3.775614215509671851e-15
3.777999777926495181e-15
3.777999777926495181e-15
3.822007274704146842e-15
3.831256062748256280e-15
3.883191276163136419e-15
3.923083804532601437e-15
3.942097870724754410e-15
3.945537300946639700e-15
3.945537300946639700e-15
3.981292391006122681e-15
3.981292391006122681e-15
3.981292391006122681e-15
3.981292391006122681e-15
3.990223841685846716e-15
3.990223841685846716e-15
4.105034140192389382e-15
4.119312927514650075e-15
4.142332318405706568e-15
4.240343959511466201e-15
4.276957111593038049e-15
4.276957111593038049e-15
4.285603976849004899e-15
4.285603976849004899e-15
4.320059130150075652e-15
4.332748418971601024e-15
4.383235511919684953e-15
4.383235511919684953e-15
4.383235511919684953e-15
4.383235511919684953e-15
4.404298068473040353e-15
4.409050276237531931e-15
4.414202124734449927e-15
4.461211147464602983e-15
4.467571753152465492e-15
4.520746105183099209e-15
4.523411706103761915e-15
4.523411706103761915e-15
4.528113527172238438e-15
4.538321821198216233e-15
4.541774086322121899e-15
4.548618012538991133e-15
4.548618012538991133e-15
4.554208571163027654e-15
4.565927901380828446e-15
4.630149404163884569e-15
4.630149404163884569e-15
4.678595247706030358e-15
4.686758968898186776e-15
4.702193326800912043e-15
4.702193326800912043e-15
4.702193326800912043e-15
4.793628739394173743e-15
4.793628739394173743e-15
4.793628739394173743e-15
4.804156417780825612e-15
4.814617015863793099e-15
4.863252106565745232e-15
4.885208376993225748e-15
4.963526931473970208e-15
4.990533782903785524e-15
4.990533782903785524e-15
4.990533782903785524e-15
4.995568884967227013e-15
5.015480332568523160e-15
5.057684637373628555e-15
5.137474838073061451e-15
5.143051238306097511e-15
5.195645069835940625e-15
5.200605259482022076e-15
5.304594497388067795e-15
5.304594497388067795e-15
5.304594497388067795e-15
5.353754266179111080e-15
5.364975349853295448e-15
5.390344545430019826e-15
5.406458709035736002e-15
5.478189614764627621e-15
5.517381049846129071e-15
5.518234185548124787e-15
5.521685221297822197e-15
5.545588146962203730e-15
5.549578701524089504e-15
5.552090198328997578e-15
5.580654311009079794e-15
5.656914601897775906e-15
5.659431716178133223e-15
5.699448890739742632e-15
5.716725645299691514e-15
5.722307333606474230e-15
5.763974346001964252e-15
5.775001682653810776e-15
5.797798924449016804e-15
5.797798924449016804e-15
5.797798924449016804e-15
5.797798924449016804e-15
5.797798924449016804e-15
5.797798924449016804e-15
5.800442190757869361e-15
5.821527252506059098e-15
5.828048309174606964e-15
5.828048309174606964e-15
5.844070175599938470e-15
5.882689625214026852e-15
5.895921809215183028e-15
5.927961259843723459e-15
5.950485807028386359e-15
5.951973805688695750e-15
5.959764544157571893e-15
5.959764544157571893e-15
5.998654494331583699e-15
6.018842980528364889e-15
6.049696220336008560e-15
6.086628362672646904e-15
6.092246435162036165e-15
6.092246435162036165e-15
6.175800044421332544e-15
6.201167966507549593e-15
6.215721874836816641e-15
6.254280220435237729e-15
6.357373912170192131e-15
6.386776419826119153e-15
6.448866811242575823e-15
6.541469658759737340e-15
6.579147216559739070e-15
6.605234801954853502e-15
6.698305402829530288e-15
6.717322289523754065e-15
6.784297617002885350e-15
6.792142500876479988e-15
6.792142500876479988e-15
6.864789990369072589e-15
6.936397864562375521e-15
6.957790093397409926e-15
6.965743097497417366e-15
6.969341334632566259e-15
7.025110636801019306e-15
7.026392779985366300e-15
7.051302769002301099e-15
7.127299923811976742e-15
7.132761862835841382e-15
7.144276699300785252e-15
7.162311036599454170e-15
7.183321635916537887e-15
7.183321635916537887e-15
7.219062508763288310e-15
7.237044250609888657e-15
7.329308620232023146e-15
7.419184239299436313e-15
7.432363171986206768e-15
7.487077121100854502e-15
7.498433500641843273e-15
7.549116811125027345e-15
7.567323263753925838e-15
7.600064504707959612e-15
7.615080543037119791e-15
7.649692523900157704e-15
7.727517931681489527e-15
7.754716047856533810e-15
7.767533959219316721e-15
7.767533959219316721e-15
7.795332824688940198e-15
7.807999420086085997e-15
7.876340126442065035e-15
7.932630136232668980e-15
8.007162788723061409e-15
8.054667661011232922e-15
8.061597252258154166e-15
8.153428579227091341e-15
8.192385721466078042e-15
8.223424061501389143e-15
8.303464689844546457e-15
8.335917536667646850e-15
8.347237017335870855e-15
8.347237017335870855e-15
8.421094516922308591e-15
8.459322813779962568e-15
8.533043785184302776e-15
8.590191818762870197e-15
8.626022280049226575e-15
8.753191115716824834e-15
8.776543590550043292e-15
8.796667499307856472e-15
8.867665333313938437e-15
8.920159506123581162e-15
8.923350908628425658e-15
9.054198284860310676e-15
9.136318517320049778e-15
9.168233436458825145e-15
