1.782044762077757578e-19
3.119303634406592847e-19
3.119303634406592847e-19
3.119303634406592847e-19
8.030498075532490627e-19
8.923918046686166971e-19
9.817811574649675610e-19
1.071217670116583152e-18
1.115959409064368653e-18
1.115959409064368653e-18
1.295113067778517557e-18
1.295113067778517557e-18
1.295113067778517557e-18
1.519401634660335329e-18
1.564282259298411560e-18
1.788799472832481224e-18
1.968504145436578117e-18
2.058401748505639828e-18
2.283258465588541334e-18
2.553221231699875728e-18
2.688269696371942510e-18
2.868423398687032450e-18
2.913484005644570613e-18
3.093814803900706088e-18
3.319338323555714956e-18
3.319338323555714956e-18
3.409635223667810728e-18
3.454805416526274548e-18
3.590380965056608684e-18
3.635594385579446328e-18
3.726064198388318329e-18
3.726064198388318329e-18
3.952452322315234484e-18
4.224245471997647638e-18
4.405525506540488953e-18
5.567466480629555157e-18
6.218364243208526310e-18
8.499706314480108300e-18
8.499706314480108300e-18
9.137333894218761824e-18
1.026793464925941815e-17
1.036167296208889354e-17
1.110677961135692589e-17
1.151166136014448145e-17
1.159899986848359170e-17
1.197131790618781459e-17
1.202731619547851572e-17
1.220076972012181266e-17
1.255812350909121009e-17
1.270946006233397790e-17
1.408362984709620500e-17
1.473763339714844064e-17
1.492774523642107318e-17
1.493480384431485798e-17
1.513630357098946569e-17
1.608046296286226016e-17
1.628629196904505514e-17
1.725774464477382186e-17
1.725774464477382186e-17
1.725774464477382186e-17
1.877016902948233300e-17
1.918380345205818197e-17
1.949391162552517167e-17
1.955423919432406163e-17
1.955423919432406163e-17
2.032692147176381817e-17
2.032692147176381817e-17
2.032692147176381817e-17
2.032692147176381817e-17
2.047985797612917727e-17
2.178682981374256269e-17
2.219312328410887645e-17
2.221269915666764113e-17
2.359326874592023491e-17
2.403720812505340406e-17
2.403720812505340406e-17
2.440576157188094048e-17
2.483934832610322648e-17
2.483934832610322648e-17
2.483934832610322648e-17
2.500546089853698512e-17
2.500546089853698512e-17
2.538991974181852170e-17
2.563424168971542946e-17
2.647920411198755194e-17
2.659854164277849251e-17
2.660437675863735684e-17
2.660437675863735684e-17
2.799991059662477453e-17
2.817072890765438971e-17
2.901917357648744517e-17
2.948908863266975030e-17
2.982206669571260611e-17
3.144827583966894699e-17
3.216157169602898365e-17
3.216590097553717093e-17
3.249567913633484725e-17
3.359559847573051412e-17
3.551958675803269946e-17
3.627297550722944172e-17
3.631184490803122376e-17
3.631184490803122376e-17
3.638864256191561160e-17
3.745035130391291919e-17
3.745035130391291919e-17
3.782906914610750722e-17
3.785231549477104259e-17
3.822388061429992695e-17
4.178800702680219123e-17
4.178800702680219123e-17
4.350917797562292952e-17
4.372620663966386195e-17
4.382803882287820954e-17
4.390718934606052874e-17
4.410163046484134855e-17
4.464975489648679665e-17
4.464975489648679665e-17
4.805623906602783912e-17
4.805623906602783912e-17
4.968489519405402096e-17
5.064928926188899979e-17
5.078566156639694214e-17
5.078566156639694214e-17
5.078566156639694214e-17
5.078566156639694214e-17
5.142441852339860037e-17
5.142441852339860037e-17
5.147646399226878196e-17
5.160417773776034976e-17
5.160417773776034976e-17
5.310295548054087632e-17
5.486572515854899110e-17
5.491805297173492617e-17
5.491805297173492617e-17
5.491805297173492617e-17
5.627801142593766325e-17
5.702029463204817767e-17
5.702457685417041323e-17
5.709168068654733450e-17
5.709168068654733450e-17
5.904696213051197106e-17
5.904696213051197106e-17
5.904696213051197106e-17
6.054639867669591421e-17
6.076935657136762675e-17
6.111602833372443119e-17
6.188292255269128437e-17
6.211209202230953666e-17
6.211209202230953666e-17
6.211209202230953666e-17
6.211209202230953666e-17
6.263254671101134017e-17
6.300095898568099677e-17
6.300095898568099677e-17
6.382921603593782267e-17
6.556916288175603540e-17
6.570209999708899650e-17
6.570209999708899650e-17
6.633553946947733333e-17
6.633553946947733333e-17
6.690907488954041043e-17
6.690907488954041043e-17
6.690907488954041043e-17
6.828865627368787008e-17
6.828865627368787008e-17
6.874577172088944494e-17
6.881395787314341612e-17
6.931775424721589327e-17
7.094993967918896597e-17
7.186195887645205184e-17
7.381860498460948562e-17
7.493767668009029620e-17
7.493767668009029620e-17
7.493767668009029620e-17
7.493767668009029620e-17
7.525950214266096627e-17
7.545982543468660830e-17
7.579454462100993676e-17
7.579454462100993676e-17
7.595797492244405268e-17
7.601778485999739663e-17
7.864881036632713331e-17
8.212042195803484730e-17
8.243683582122029252e-17
8.340480625038812626e-17
8.417221810060052237e-17
8.450712551646768238e-17
8.450712551646768238e-17
8.756176161119648500e-17
9.120405034177594051e-17
9.194558062971111641e-17
9.194558062971111641e-17
9.358628344854269616e-17
9.459392325407360219e-17
9.728042941844849554e-17
9.847432235760343187e-17
9.847432235760343187e-17
9.928987391365144327e-17
1.020155788805298177e-16
1.020691772431366342e-16
1.033053277148823698e-16
1.033053277148823698e-16
1.037553374968041989e-16
1.040485050113261026e-16
1.060565848423362531e-16
1.064338439055661281e-16
1.066579782348868063e-16
1.075442570420305518e-16
1.075442570420305518e-16
1.092766276487094275e-16
1.095842417807206184e-16
1.095842417807206184e-16
1.126814648097419316e-16
1.130543475360776553e-16
1.130543475360776553e-16
1.130543475360776553e-16
1.133786670401041243e-16
1.135780962417965479e-16
1.154315455025468246e-16
1.159757641711577125e-16
1.159757641711577125e-16
1.186574704821648274e-16
1.188922868380981002e-16
1.197365904569668061e-16
1.210445504996853133e-16
1.213867047529900866e-16
1.219926627119786104e-16
1.219926627119786104e-16
1.225240347142228163e-16
1.234760056321647218e-16
1.234760056321647218e-16
1.260001638149825368e-16
1.265191126673336633e-16
1.268241386431171395e-16
1.275418108363713275e-16
1.275418108363713275e-16
1.276933356191579191e-16
1.276933356191579191e-16
1.276933356191579191e-16
1.276933356191579191e-16
1.277322520773456529e-16
1.282296486469277587e-16
1.288285009406365491e-16
1.291578555849606044e-16
1.294180829293115062e-16
1.294180829293115062e-16
1.296156768929515538e-16
1.296238648781083371e-16
1.303745242989194788e-16
1.304833209752556923e-16
1.304833209752556923e-16
1.347614020475214037e-16
1.352507988614905577e-16
1.352507988614905577e-16
1.355083439348418291e-16
1.389104517674887264e-16
1.418293273037270453e-16
1.421601407270158137e-16
1.421601407270158137e-16
1.446495235016102383e-16
1.456849271648566924e-16
1.456849271648566924e-16
1.456849271648566924e-16
1.456849271648566924e-16
1.456849271648566924e-16
1.463657534249053183e-16
1.476357381571552742e-16
1.493254747721556752e-16
1.493254747721556752e-16
1.493254747721556752e-16
1.500741107253706092e-16
1.538147023352175276e-16
1.546131250027766338e-16
1.546131250027766338e-16
1.546786759414169140e-16
1.546786759414169140e-16
1.547419210681452269e-16
1.555844835637334601e-16
1.555844835637334601e-16
1.564257755099008119e-16
1.565051613200129205e-16
1.574489913101840067e-16
1.587875857111615609e-16
1.587875857111615609e-16
1.596378656180470109e-16
1.600941575609943012e-16
1.600941575609943012e-16
1.600941575609943012e-16
1.600941575609943012e-16
1.603208329891567546e-16
1.617198490737050991e-16
1.626993250337398120e-16
1.626993250337398120e-16
1.647358039971759636e-16
1.651707083582050828e-16
1.651707083582050828e-16
1.651707083582050828e-16
1.651707083582050828e-16
1.658080771223209617e-16
1.674772967170434281e-16
1.693204168815758036e-16
1.704774168301392138e-16
1.722084933587042261e-16
1.723549124151143345e-16
1.723549124151143345e-16
1.723549124151143345e-16
1.730036925953251645e-16
1.741869976226394221e-16
1.741869976226394221e-16
1.741869976226394221e-16
1.741869976226394221e-16
1.743517690595733656e-16
1.768453634702110797e-16
1.784682785971503191e-16
1.802429067364200064e-16
1.803984078683201166e-16
1.809997542034847058e-16
1.813709899213118850e-16
1.819750655848620686e-16
1.822809621222857565e-16
1.839817807516794096e-16
1.853174575947275131e-16
1.864550934289689845e-16
1.909004164509314808e-16
1.965110215213860988e-16
1.965110215213860988e-16
1.990517439040613367e-16
1.990517439040613367e-16
1.990517439040613367e-16
1.990517439040613367e-16
1.991027541104404262e-16
1.991027541104404262e-16
2.001163702039880641e-16
2.030618802206789295e-16
2.030618802206789295e-16
2.030618802206789295e-16
2.040676377307714830e-16
2.040676377307714830e-16
2.074700749651200794e-16
2.086235926671225690e-16
2.087835877793817036e-16
2.103147880610876830e-16
2.103147880610876830e-16
2.128847801378291584e-16
2.132994027655101384e-16
2.132994027655101384e-16
2.142613969066612280e-16
2.146419499869082044e-16
2.157651156749674067e-16
2.163276867241021296e-16
2.163276867241021296e-16
2.163276867241021296e-16
2.203772336014600540e-16
2.203772336014600540e-16
2.207393166577182854e-16
2.248649317994782227e-16
2.261531512687871280e-16
2.271059456909833305e-16
2.271059456909833305e-16
2.283034855775500616e-16
2.287334253843605405e-16
2.287334253843605405e-16
2.303915159073037907e-16
2.303915159073037907e-16
2.357488345978363909e-16
2.363613570621661355e-16
2.380621286341738491e-16
2.416935000512109268e-16
2.452842609441657622e-16
2.452842609441657622e-16
2.452842609441657622e-16
2.453601880364099075e-16
2.453601880364099075e-16
2.453601880364099075e-16
2.453770110518901081e-16
2.453770110518901081e-16
2.479823902828724078e-16
2.489941711383676696e-16
2.489941711383676696e-16
2.489941711383676696e-16
2.493291256116207813e-16
2.538162355923144733e-16
2.545441662957076163e-16
2.550655150747426382e-16
2.550655150747426382e-16
2.559584525019995203e-16
2.617681338437518808e-16
2.617681338437518808e-16
2.622801770247135841e-16
2.624390192310167228e-16
2.629013462837131999e-16
2.633206393569505573e-16
2.633206393569505573e-16
2.633206393569505573e-16
2.633206393569505573e-16
2.642711985533137384e-16
2.664237916166026506e-16
2.664743783065081377e-16
2.709385713402399995e-16
2.709385713402399995e-16
2.709385713402399995e-16
2.716684784538434355e-16
2.751992411797010583e-16
2.762408093605081127e-16
2.765122834201031160e-16
2.780183080003212620e-16
2.797785836368735903e-16
2.804355988596271923e-16
2.814443680424211000e-16
2.814443680424211000e-16
2.875308173996888032e-16
2.875308173996888032e-16
2.875308173996888032e-16
2.875308173996888032e-16
2.875308173996888032e-16
2.876181559080279242e-16
2.879807095381457221e-16
2.879807095381457221e-16
2.879807095381457221e-16
2.879807095381457221e-16
2.905952649593899763e-16
2.918223333556457225e-16
2.918223333556457225e-16
2.918223333556457225e-16
2.943175041887130351e-16
2.944557117312733782e-16
2.980199322585475459e-16
2.982948885647034945e-16
2.986347017130568398e-16
3.015200370974531645e-16
3.053215680221164284e-16
3.058215880409657219e-16
3.064271342478270973e-16
3.068220515951379361e-16
3.068220515951379361e-16
3.068220515951379361e-16
3.068220515951379361e-16
3.068220515951379361e-16
3.076744137913520612e-16
3.097002460212150913e-16
3.115522247386541762e-16
3.154651640245743381e-16
3.203579557296168759e-16
3.251797260749014659e-16
3.251797260749014659e-16
3.318552280252520923e-16
3.326369217921029260e-16
3.343925387474453556e-16
3.367661485882351974e-16
3.367661485882351974e-16
3.383317007616909154e-16
3.383317007616909154e-16
3.387203947697087112e-16
3.387203947697087112e-16
3.409696084107170563e-16
3.455757618135394629e-16
3.476459103366289729e-16
3.476459103366289729e-16
3.476459103366289729e-16
3.489934338765921579e-16
3.490828664386064080e-16
3.490828664386064080e-16
3.526395930771667005e-16
3.533794881209398106e-16
3.536293628403798292e-16
3.584890496744005278e-16
3.584890496744005278e-16
3.620686109094972011e-16
3.655797507054101322e-16
3.668979692582675945e-16
3.702553725742538700e-16
3.703641221932041195e-16
3.704338141818087431e-16
3.704338141818087431e-16
3.719676496771283889e-16
3.719676496771283889e-16
3.719676496771283889e-16
3.719676496771283889e-16
3.719676496771283889e-16
3.719676496771283889e-16
3.726566639223337982e-16
3.742826377793603558e-16
3.742826377793603558e-16
3.747603408329188238e-16
3.751643990774520824e-16
3.751643990774520824e-16
3.795112780479892236e-16
3.795112780479892236e-16
3.795112780479892236e-16
3.795112780479892236e-16
3.822271950785882096e-16
3.824090954040110706e-16
3.844849849281875045e-16
3.901017545162026982e-16
3.942629215130543340e-16
3.946702737746047311e-16
3.954763667960750900e-16
3.985142034040166741e-16
3.985142034040166741e-16
4.046809444260761583e-16
4.055419416526136759e-16
4.074712003621432371e-16
4.074712003621432371e-16
4.074712003621432371e-16
4.080655822041859850e-16
4.080655822041859850e-16
4.093759774666278730e-16
4.137486203559773490e-16
4.137486203559773490e-16
4.191457025376449372e-16
4.191457025376449372e-16
4.235166984184858686e-16
4.343252270488848827e-16
4.343252270488848827e-16
4.406390224020649161e-16
4.442643469450063282e-16
4.535414635354625740e-16
4.559997178492454524e-16
4.559997178492454524e-16
4.624147689326618108e-16
4.717034381113708751e-16
4.735974155457779693e-16
4.739738040473676204e-16
4.798746355457217463e-16
4.798746355457217463e-16
4.911469735364749326e-16
4.948953296150049825e-16
4.959730731612676729e-16
4.959730731612676729e-16
4.986779317061664382e-16
4.986779317061664382e-16
4.986779317061664382e-16
5.009022284613097522e-16
5.018374940072363426e-16
5.102746833157180215e-16
5.102746833157180215e-16
5.102746833157180215e-16
5.102746833157180215e-16
5.229793304915852723e-16
5.246387621500283748e-16
5.260676596746604647e-16
5.277987126745324703e-16
5.394510155282081810e-16
5.407903157899750727e-16
5.505062072114555247e-16
5.566883712917629639e-16
5.693420553186371138e-16
5.693420553186371138e-16
5.693420553186371138e-16
5.712465618431524933e-16
5.712465618431524933e-16
5.746093532298310364e-16
5.761166954168559786e-16
5.807873056740951614e-16
5.917649232565898645e-16
5.929478282961234523e-16
5.929478282961234523e-16
5.929478282961234523e-16
5.929478282961234523e-16
5.929478282961234523e-16
5.929478282961234523e-16
5.929478282961234523e-16
5.929478282961234523e-16
6.029470522384604678e-16
6.080326851111612018e-16
6.080326851111612018e-16
6.080326851111612018e-16
6.257001924397633264e-16
6.257001924397633264e-16
6.257001924397633264e-16
6.257001924397633264e-16
6.264164293827458081e-16
6.264164293827458081e-16
6.355209747745454688e-16
6.385456588431116046e-16
6.385456588431116046e-16
6.385456588431116046e-16
6.408126013542798966e-16
6.408126013542798966e-16
6.499088881748438280e-16
6.686856439696078523e-16
6.712052611146806541e-16
6.712052611146806541e-16
6.781541782417970912e-16
6.781541782417970912e-16
6.852512673129505389e-16
6.977163394547294755e-16
6.983805485753614998e-16
6.985178973206280606e-16
6.985178973206280606e-16
6.985178973206280606e-16
7.180472065959880947e-16
7.333171224634812400e-16
7.333171224634812400e-16
7.341338739828711991e-16
7.341338739828711991e-16
7.356028055786075335e-16
7.398643106866693679e-16
7.398643106866693679e-16
7.437067580084236159e-16
7.448680872364951764e-16
7.630970538834887280e-16
7.637015295348195567e-16
7.775097547618407541e-16
7.827542886625771188e-16
7.891912037839444788e-16
7.955916847242334252e-16
8.157360046232057634e-16
8.189692764372065593e-16
8.278833805880318453e-16
8.392006113249895095e-16
8.410467196335302571e-16
8.410467196335302571e-16
8.410467196335302571e-16
8.410467196335302571e-16
8.567221936997341235e-16
8.567221936997341235e-16
8.688563171282396883e-16
8.858350454985662238e-16
9.028535373600276981e-16
9.028535373600276981e-16
9.066111637435916306e-16
9.126357326383237565e-16
9.126357326383237565e-16
9.129637226184550270e-16
9.176184274792401356e-16
9.519952361148629575e-16
9.519952361148629575e-16
9.521898419344946330e-16
9.521898419344946330e-16
9.529735356402487171e-16
9.591876752143149074e-16
9.852841956305883322e-16
9.908050622660200324e-16
9.972928170107425163e-16
1.004757624260122836e-15
1.007174703361191854e-15
1.008768889954003319e-15
1.008768889954003319e-15
1.020200234851910543e-15
1.020200234851910543e-15
1.021327706290784889e-15
1.022447354439243710e-15
1.022447354439243710e-15
1.022518387563348087e-15
1.022518387563348087e-15
1.022518387563348087e-15
1.022518387563348087e-15
1.028995524985363646e-15
1.051733618587506262e-15
1.062470590580382105e-15
1.081669257015477508e-15
1.094577986192073842e-15
1.100502305208194606e-15
1.100502305208194606e-15
1.108284208652856677e-15
1.113555041750170748e-15
1.114342823566329874e-15
1.115624025602957784e-15
1.123004041325013935e-15
1.123865232663268499e-15
1.131314822730464290e-15
1.131314822730464290e-15
1.131314822730464290e-15
1.131314822730464290e-15
1.137661022976049990e-15
1.139820904051989253e-15
1.150304419081918914e-15
1.165021775359139993e-15
1.196844162030600327e-15
1.218554557616447129e-15
1.221497955932943196e-15
1.225282093271321452e-15
1.226019747207088252e-15
1.236589612540251938e-15
1.245224360519334105e-15
1.271120298827959159e-15
1.283468451012150756e-15
1.299632533681108891e-15
1.299632533681108891e-15
1.333001584867735909e-15
1.351946982569428989e-15
1.351946982569428989e-15
1.354284464102149060e-15
1.355565648492257104e-15
1.389683759148572609e-15
1.408211051976023862e-15
1.411998889201373264e-15
1.440133841462600274e-15
1.451289971238728723e-15
1.451289971238728723e-15
1.452528992211017908e-15
1.452528992211017908e-15
1.452528992211017908e-15
1.463780342607633593e-15
1.466541528843524670e-15
1.466541528843524670e-15
1.466541528843524670e-15
1.484592930326776751e-15
1.487261742914031195e-15
1.490494420628534275e-15
1.490494420628534275e-15
1.529454877472144871e-15
1.538019157015754229e-15
1.556424124168406108e-15
1.558886801876469114e-15
1.567651240011253216e-15
1.575318723421957084e-15
1.575318723421957084e-15
1.580663618962596703e-15
1.580663618962596703e-15
1.589733318360093954e-15
1.589733318360093954e-15
1.589881772648446847e-15
1.608352561319708213e-15
1.609814575479708670e-15
1.641967005009762827e-15
1.641967005009762827e-15
1.655302644673948617e-15
1.656468091423291662e-15
1.656468091423291662e-15
1.683192039730897329e-15
1.683192039730897329e-15
1.718643803762664731e-15
1.718643803762664731e-15
1.754984505343882563e-15
1.764776735609734308e-15
1.795919972440520881e-15
1.802797532924004531e-15
1.802797532924004531e-15
1.819766038077231523e-15
1.825177072773835652e-15
1.826380871292734912e-15
1.831675962472510715e-15
1.845978807883342509e-15
1.852324261092926270e-15
1.852324261092926270e-15
1.880042720195380316e-15
1.895971780632341826e-15
1.897266358730928329e-15
1.916416103131146705e-15
1.924234834862494472e-15
1.924257510640353391e-15
1.965756884039452971e-15
1.977685784325619739e-15
1.977685784325619739e-15
1.988153899825994501e-15
1.994758556881784656e-15
1.994758556881784656e-15
1.994758556881784656e-15
2.026095852490091005e-15
2.028012540995396454e-15
2.031225895770790097e-15
2.039192158289291540e-15
2.063319150638001438e-15
2.068073228933584605e-15
2.082390526844078926e-15
2.096450526732498175e-15
2.108267677491359867e-15
2.108267677491359867e-15
2.138560605004394818e-15
2.138560605004394818e-15
2.138560605004394818e-15
2.147681938118635243e-15
2.147681938118635243e-15
2.182833564260585844e-15
2.199093267537811886e-15
2.204966935160121579e-15
2.204966935160121579e-15
2.208228770807399349e-15
2.209169389130978672e-15
2.209169389130978672e-15
2.209169389130978672e-15
2.209169389130978672e-15
2.209987705308451579e-15
2.228522315559419280e-15
2.228522315559419280e-15
2.243622236620137236e-15
2.268114917797304312e-15
2.279322210716316196e-15
2.281137684666598045e-15
2.281137684666598045e-15
2.281137684666598045e-15
2.283729329023053610e-15
2.319293942548522780e-15
2.323768076455038402e-15
2.356449025133312799e-15
2.356449025133312799e-15
2.373889133526443488e-15
2.373889133526443488e-15
2.379153108009753879e-15
2.390553159745998608e-15
2.423553433963214588e-15
2.423553433963214588e-15
2.426933818930068228e-15
2.426933818930068228e-15
2.435127180393205652e-15
2.505060261632636466e-15
2.513938596287960025e-15
2.513938596287960025e-15
2.513938596287960025e-15
2.514769000331451171e-15
2.515436691698644239e-15
2.519544742671095104e-15
2.541721735767414041e-15
2.543748515027169394e-15
2.543748515027169394e-15
2.543748515027169394e-15
2.543748515027169394e-15
2.565293009798819337e-15
2.567365993529412676e-15
2.638416040646303000e-15
2.708412931701093770e-15
2.735092169609865330e-15
2.742127337043270377e-15
2.757783511699057863e-15
2.757783511699057863e-15
2.757783511699057863e-15
2.758334618392538481e-15
2.764326705926612878e-15
2.798011818046030537e-15
2.799003670098572168e-15
2.814918648612785575e-15
2.833634429799693867e-15
2.833634429799693867e-15
2.837025432089254629e-15
2.858438907334049460e-15
2.860625805231702320e-15
2.860625805231702320e-15
2.875822952733983756e-15
2.925937268834850146e-15
2.948963830095092252e-15
3.005383912382659724e-15
3.005383912382659724e-15
3.018702864321349867e-15
3.041414164624362475e-15
3.041414164624362475e-15
3.041414164624362475e-15
3.068238662801415253e-15
3.068921383121248796e-15
3.070182415185820213e-15
3.077718243794958333e-15
3.091430171963788557e-15
3.091430171963788557e-15
3.123109768879730761e-15
3.140363771193568367e-15
3.140363771193568367e-15
3.145675455984067592e-15
3.169258647298466940e-15
3.173398638471637317e-15
3.220149698494138812e-15
3.275699625011426678e-15
3.275730871115703258e-15
3.275730871115703258e-15
3.276980591761124620e-15
3.328228414410614740e-15
3.329324563276960345e-15
3.329324563276960345e-15
3.338442202386403110e-15
3.353076555316966556e-15
3.353076555316966556e-15
3.385143681570624180e-15
3.399680108081007924e-15
3.399680108081007924e-15
3.410445420384577251e-15
3.410445420384577251e-15
3.416939086713410649e-15
3.416939086713410649e-15
3.424472456574132652e-15
3.424472456574132652e-15
3.424472456574132652e-15
3.424472456574132652e-15
3.443826118274229213e-15
3.443826118274229213e-15
3.458914716151450537e-15
3.459239588579761899e-15
3.459239588579761899e-15
3.469455117678830693e-15
3.469455117678830693e-15
3.469455117678830693e-15
3.551519440081877328e-15
3.613419637308636464e-15
3.613419637308636464e-15
3.616475449838014491e-15
3.623013185408797873e-15
3.657211187742124588e-15
3.657211187742124588e-15
3.716761544990176108e-15
3.737455406924545919e-15
3.749758189906500208e-15
3.752983991360480333e-15
3.764155955946984081e-15
3.764155955946984081e-15
3.764155955946984081e-15
3.799027290651645868e-15
3.810162509301888778e-15
3.854739988666963909e-15
3.887820272204656477e-15
3.898796742763368670e-15
3.898796742763368670e-15
3.898796742763368670e-15
3.940368061023425663e-15
3.940368061023425663e-15
3.940368061023425663e-15
3.940368061023425663e-15
3.956356796107955975e-15
3.956356796107955975e-15
4.048470111521163710e-15
4.082419974376157541e-15
4.119915952429178078e-15
4.212912411451190511e-15
4.237662514176070930e-15
4.238350004938405673e-15
4.247453185666012623e-15
4.247453185666012623e-15
4.300731728631332302e-15
4.324620545903186131e-15
4.371978622675860316e-15
4.371978622675860316e-15
4.371978622675860316e-15
4.371978622675860316e-15
4.400845658454791588e-15
4.406222994180876310e-15
4.411105939127907115e-15
4.435689529292573390e-15
4.438779634891968639e-15
4.494407829606452276e-15
4.494407829606452276e-15
4.494407829606452276e-15
4.510824186921534448e-15
4.519919314953968799e-15
4.522196080694456260e-15
4.538936369290130316e-15
4.538936369290130316e-15
4.545303545365506940e-15
4.564985997021295914e-15
4.608221052690610857e-15
4.608221052690610857e-15
4.641533705600166592e-15
4.652473359636539272e-15
4.683270348221442889e-15
4.685790035952594465e-15
4.685790035952594465e-15
4.772609001339856033e-15
4.775198563406983194e-15
4.775198563406983194e-15
4.791471754507459918e-15
4.792177115312113042e-15
4.858311589066983800e-15
4.873419286360730972e-15
4.955912730948506634e-15
4.989681116994551231e-15
4.999716969229684101e-15
4.999716969229684101e-15
5.005859366877769563e-15
5.020157300673941624e-15
5.088831920358509621e-15
5.192761924779979636e-15
5.200879735609960135e-15
5.251904618011298186e-15
5.274886380640107644e-15
5.357049961775574195e-15
5.357049961775574195e-15
5.357049961775574195e-15
5.411724859142048506e-15
5.415551059901300897e-15
5.439419371917223541e-15
5.452370523327261265e-15
5.522888395525259474e-15
5.528464281068136524e-15
5.530027318612530278e-15
5.551033326893396324e-15
5.605232277035026207e-15
5.619076871739220136e-15
5.619076871739220136e-15
5.638387420050518821e-15
5.705982269780140586e-15
5.717073251546496167e-15
5.748337296451384490e-15
5.788299219759705816e-15
5.791585698771792371e-15
5.848835767468550651e-15
5.852085888767811051e-15
5.912258762292535278e-15
5.912258762292535278e-15
5.914718207746399839e-15
5.914718207746399839e-15
5.920874440265957647e-15
5.921679068626290028e-15
5.921679068626290028e-15
5.957517882598653177e-15
5.963496061734089711e-15
5.963496061734089711e-15
5.972346194309790886e-15
6.004391438878977642e-15
6.004391438878977642e-15
6.013888269345560898e-15
6.054576882218720633e-15
6.057451817920820135e-15
6.059949265154933391e-15
6.059949265154933391e-15
6.090244339661202526e-15
6.099200148420333805e-15
6.116712639896328164e-15
6.135823538424437827e-15
6.150498028364137181e-15
6.153489575209728735e-15
6.250970411942962646e-15
6.285648255499822475e-15
6.312856189022011752e-15
6.342164476026903310e-15
6.458294151874432427e-15
6.492260484814512197e-15
6.547239475832310933e-15
6.634363393668189968e-15
6.651502628899847904e-15
6.697626228679064858e-15
6.772800293927679159e-15
6.804242871613808033e-15
6.862285692563117663e-15
6.869578360953574465e-15
6.869578360953574465e-15
6.932407223927879534e-15
6.984273157106281902e-15
7.012874359829759779e-15
7.012874359829759779e-15
7.012886221232107787e-15
7.059539590121359549e-15
7.061202327561166317e-15
7.083898769494562637e-15
7.179000673020219430e-15
7.188061399162432494e-15
7.199983996699967611e-15
7.219280192508549282e-15
7.247966183818264288e-15
7.248381100554607334e-15
7.259398240459134311e-15
7.267961631794583986e-15
7.334160782985367477e-15
7.424893234700660467e-15
7.428281278257079522e-15
7.487044038977428339e-15
7.494331072245916426e-15
7.549193613879987167e-15
7.565311124442278945e-15
7.604918211531778605e-15
7.631237645726424300e-15
7.679770330733270362e-15
7.761345344554946605e-15
7.785836105202549729e-15
7.809641242677823253e-15
7.826464637558187295e-15
7.864134945579664608e-15
7.882110443499365402e-15
7.934283490825053234e-15
8.031056290364807802e-15
8.090557572641477776e-15
8.114601332238774150e-15
8.122739336569504296e-15
8.195880578625353927e-15
8.240996370957101531e-15
8.269791435405295789e-15
8.357034458426122330e-15
8.404626404524837637e-15
8.412395040727746364e-15
8.412395040727746364e-15
8.502425813878837312e-15
8.556078639527724195e-15
8.637947800245766731e-15
8.705429894596458161e-15
8.747497159470391888e-15
8.865966184440646219e-15
8.883437153655706435e-15
8.905551175146352935e-15
8.978474750322364918e-15
9.016544507905638544e-15
9.029827522706889319e-15
9.171830855190791953e-15
9.269336288231448734e-15
9.292670198925905484e-15
