1.782044762077757578e-19
3.119303634406592847e-19
3.119303634406592847e-19
3.119303634406592847e-19
8.030498075532490627e-19
8.923918046686166971e-19
9.817811574649675610e-19
1.071217670116583152e-18
1.115959409064368653e-18
1.115959409064368653e-18
1.295113067778517557e-18
1.295113067778517557e-18
1.295113067778517557e-18
1.519401634660335329e-18
1.564282259298411560e-18
1.788799472832481224e-18
1.968504145436578117e-18
2.058401748505639828e-18
2.283258465588541334e-18
2.553221231699875728e-18
2.688269696371942510e-18
2.868423398687032450e-18
2.913484005644570613e-18
3.093814803900706088e-18
3.319338323555714956e-18
3.319338323555714956e-18
3.409635223667810728e-18
3.454805416526274548e-18
3.590380965056608684e-18
3.635594385579446328e-18
3.726064198388318329e-18
3.726064198388318329e-18
3.952452322315234484e-18
4.224245471997647638e-18
4.405525506540488953e-18
5.567466480629555157e-18
6.327349149088579877e-18
8.320135329662196628e-18
8.320135329662196628e-18
8.570762967277552213e-18
9.359162411627471197e-18
9.422689882671543722e-18
1.068316902295785994e-17
1.081097688322134198e-17
1.089191558707008555e-17
1.133547850711558698e-17
1.133547850711558698e-17
1.145528661176611259e-17
1.231333098733471883e-17
1.231333098733471883e-17
1.352204700306660542e-17
1.389012987603455834e-17
1.398029182753118344e-17
1.408617094593797098e-17
1.489602855828499788e-17
1.556556104570356441e-17
1.598917163410263036e-17
1.709859656546192917e-17
1.709859656546192917e-17
1.709859656546192917e-17
1.912291119462779121e-17
1.971752832360031004e-17
2.003977730264461343e-17
2.003977730264461343e-17
2.003977730264461343e-17
2.080276575857690341e-17
2.080276575857690341e-17
2.080276575857690341e-17
2.080276575857690341e-17
2.113433210004100410e-17
2.275875306333091752e-17
2.354715250768083651e-17
2.354715250768083651e-17
2.486541811792427824e-17
2.520686651043967705e-17
2.545231783559958952e-17
2.555189126428792770e-17
2.610613315610799053e-17
2.610613315610799053e-17
2.610613315610799053e-17
2.617718980890543598e-17
2.617718980890543598e-17
2.633624377344540981e-17
2.686516879161976249e-17
2.783323333555950892e-17
2.797158205027771336e-17
2.797158205027771336e-17
2.825863210462500540e-17
2.967976516057388982e-17
2.967976516057388982e-17
3.055540899849100482e-17
3.078815482944210586e-17
3.119360126686116224e-17
3.269962584707930824e-17
3.358891632692440782e-17
3.359061039281891642e-17
3.387671929944703839e-17
3.485485412398192373e-17
3.648614546562179041e-17
3.712179663515018492e-17
3.739774114641125528e-17
3.739774114641125528e-17
3.768460297121470961e-17
3.854227088769564659e-17
3.863327987213952599e-17
3.900286858145815443e-17
3.918978051848560131e-17
3.932671751162504448e-17
4.237170684223233843e-17
4.237170684223233843e-17
4.446340764809087523e-17
4.457098083239217137e-17
4.457098083239217137e-17
4.457098083239217137e-17
4.460928554456244643e-17
4.502677867278690073e-17
4.502677867278690073e-17
4.742821119302475796e-17
4.742821119302475796e-17
4.840512252552471974e-17
4.900444539309309512e-17
4.960452117883680902e-17
4.960452117883680902e-17
4.960452117883680902e-17
4.960452117883680902e-17
5.004563711481246795e-17
5.004563711481246795e-17
5.004563711481246795e-17
5.010831755290928617e-17
5.044440140342541186e-17
5.198891892535767064e-17
5.367564386765673610e-17
5.369973724926752577e-17
5.369973724926752577e-17
5.369973724926752577e-17
5.486172528074255218e-17
5.594879795377152472e-17
5.623900085297803836e-17
5.633852722428041865e-17
5.633852722428041865e-17
5.798464164249723559e-17
5.798464164249723559e-17
5.839606436793302995e-17
5.924210911008219617e-17
5.935250573754100254e-17
5.948784277955785904e-17
6.026066622915549232e-17
6.064211339973567480e-17
6.088827058568496482e-17
6.088827058568496482e-17
6.088827058568496482e-17
6.164674153256522673e-17
6.191703915751126431e-17
6.191703915751126431e-17
6.307615668844281027e-17
6.532997018892862365e-17
6.566958334339163404e-17
6.566958334339163404e-17
6.671501022984727221e-17
6.671501022984727221e-17
6.699264880700285117e-17
6.699264880700285117e-17
6.699264880700285117e-17
6.862874000201049632e-17
6.867090341982937979e-17
6.943408010530550439e-17
6.948283155715859071e-17
7.011481225058221454e-17
7.121289635192549916e-17
7.132009307713913220e-17
7.324624599919541117e-17
7.425313288655097867e-17
7.425313288655097867e-17
7.431091935650810265e-17
7.456658213442102152e-17
7.520722138686101991e-17
7.565064313474864613e-17
7.627542404812060841e-17
7.627947098331304836e-17
7.642572533887229499e-17
7.664901263524571891e-17
7.975635300224811970e-17
8.402525788425191359e-17
8.411391399939786780e-17
8.419428801461511055e-17
8.484415051470299046e-17
8.530714813514938137e-17
8.530714813514938137e-17
8.908830321169257809e-17
9.201221388822845881e-17
9.316314343400322142e-17
9.316314343400322142e-17
9.546744950962258144e-17
9.546744950962258144e-17
9.843940577722217401e-17
9.966172137749609344e-17
9.966172137749609344e-17
9.997262952652438572e-17
1.035800487341085351e-16
1.035800487341085351e-16
1.053503475938700228e-16
1.053503475938700228e-16
1.064418436611791046e-16
1.067166587951771610e-16
1.078985521009126573e-16
1.078985521009126573e-16
1.079178926865416263e-16
1.092997328252151016e-16
1.092997328252151016e-16
1.114480436663818028e-16
1.115717575340668947e-16
1.117036593869087700e-16
1.149708066366264739e-16
1.150235579662860361e-16
1.151047319570645815e-16
1.151047319570645815e-16
1.160785375020912672e-16
1.160949605297907979e-16
1.179081757255464953e-16
1.187717258152722545e-16
1.187717258152722545e-16
1.207503947800583001e-16
1.207781586377738605e-16
1.220819776305280243e-16
1.227910383221518018e-16
1.233901729601763518e-16
1.239520381485217125e-16
1.239520381485217125e-16
1.246504168135328832e-16
1.260388449862405489e-16
1.260879728971812983e-16
1.284288425616904854e-16
1.284989110093827968e-16
1.284989110093827968e-16
1.300228173962652112e-16
1.300228173962652112e-16
1.303394665463804520e-16
1.303394665463804520e-16
1.303394665463804520e-16
1.303394665463804520e-16
1.304430869102612363e-16
1.306538569419696896e-16
1.306903264160875885e-16
1.313743055209954361e-16
1.314463974362839797e-16
1.315064897181530710e-16
1.317263888827374900e-16
1.322480200060882715e-16
1.338148427289648956e-16
1.338148427289648956e-16
1.338148427289648956e-16
1.371068833358546979e-16
1.378119441496719748e-16
1.378119441496719748e-16
1.379787625828951080e-16
1.406757154869528002e-16
1.443288744736886695e-16
1.453649369403385463e-16
1.454958505880752998e-16
1.472984308146043790e-16
1.479651869162513809e-16
1.479651869162513809e-16
1.479651869162513809e-16
1.479651869162513809e-16
1.479651869162513809e-16
1.488695828169891780e-16
1.489173460637371179e-16
1.510526220089932809e-16
1.514521392157815511e-16
1.514521392157815511e-16
1.518041755201376409e-16
1.557213734994870810e-16
1.568031757452886900e-16
1.568031757452886900e-16
1.574588263038494825e-16
1.574588263038494825e-16
1.575151539948418935e-16
1.583233175412944241e-16
1.583233175412944241e-16
1.592259723187517486e-16
1.592259723187517486e-16
1.608471933797964795e-16
1.614506572973292044e-16
1.614506572973292044e-16
1.618293280821378407e-16
1.627283594408763524e-16
1.627283594408763524e-16
1.627283594408763524e-16
1.627912281085170022e-16
1.632672841535669010e-16
1.641053997261820492e-16
1.651198157952910019e-16
1.654452882052734668e-16
1.668744916029142491e-16
1.670604623922225321e-16
1.670604623922225321e-16
1.670604623922225321e-16
1.670604623922225321e-16
1.675057193781625344e-16
1.700637118214845574e-16
1.712994623054496355e-16
1.722667033451351004e-16
1.739320171768230190e-16
1.741108587721585618e-16
1.741108587721585618e-16
1.741108587721585618e-16
1.743005941523435251e-16
1.751885905540747735e-16
1.751885905540747735e-16
1.751885905540747735e-16
1.751885905540747735e-16
1.766473459900975282e-16
1.780714671900547847e-16
1.808230066618244153e-16
1.814699986613688333e-16
1.814699986613688333e-16
1.822742564447867914e-16
1.828435331714206273e-16
1.835238418002236980e-16
1.835238418002236980e-16
1.850979584179238871e-16
1.856344832039305403e-16
1.864704811941775527e-16
1.897616747681201007e-16
1.957854907446769251e-16
1.959255805826755837e-16
1.971191441201288210e-16
1.971191441201288210e-16
1.971191441201288210e-16
1.971921771831365223e-16
1.973176321741020869e-16
1.973416314409409669e-16
1.973416314409409669e-16
2.000976884217626287e-16
2.000976884217626287e-16
2.000976884217626287e-16
2.009498506240864189e-16
2.009498506240864189e-16
2.035386656552113204e-16
2.043589700072411462e-16
2.043803811178522993e-16
2.044515318854216605e-16
2.044515318854216605e-16
2.063110044915746454e-16
2.065203628017043251e-16
2.065203628017043251e-16
2.075020269301860951e-16
2.080339165636758317e-16
2.086104165990543112e-16
2.086252396756312614e-16
2.086252396756312614e-16
2.086252396756312614e-16
2.117490501277191570e-16
2.117490501277191570e-16
2.127625485778019094e-16
2.167594147115791930e-16
2.176954802330671230e-16
2.194108395947219667e-16
2.194108395947219667e-16
2.211821737169745402e-16
2.219532089859057491e-16
2.219532089859057491e-16
2.233393784040874117e-16
2.233393784040874117e-16
2.265319632257537551e-16
2.265319632257537551e-16
2.268215779076358044e-16
2.304149975428972881e-16
2.348819669624007331e-16
2.348819669624007331e-16
2.349084367420024300e-16
2.356080388990485180e-16
2.356080388990485180e-16
2.356080388990485180e-16
2.356080388990485180e-16
2.356080388990485180e-16
2.373583618984706082e-16
2.382796984581535161e-16
2.382796984581535161e-16
2.382796984581535161e-16
2.395639415783489275e-16
2.431076450853451852e-16
2.442502925311912363e-16
2.448945316736570531e-16
2.448945316736570531e-16
2.456845781265155444e-16
2.509026893050361763e-16
2.509026893050361763e-16
2.518632834889549956e-16
2.518632834889549956e-16
2.519209876084866948e-16
2.519443986580010735e-16
2.521624155271471278e-16
2.521624155271471278e-16
2.521624155271471278e-16
2.525699324895483743e-16
2.560844604172503227e-16
2.564570137418843227e-16
2.613596874979781771e-16
2.615799160642642952e-16
2.615799160642642952e-16
2.619408932719525193e-16
2.662100334408861211e-16
2.665047067917586895e-16
2.667634753571448782e-16
2.678621712045056339e-16
2.696545870356676615e-16
2.706606268900759993e-16
2.726637656955604915e-16
2.726637656955604915e-16
2.796200237748864331e-16
2.798368171519975699e-16
2.798368171519975699e-16
2.798368171519975699e-16
2.802173467035515643e-16
2.802173467035515643e-16
2.802173467035515643e-16
2.802173467035515643e-16
2.805401603712273809e-16
2.805401603712273809e-16
2.839853021833333980e-16
2.850434580926908327e-16
2.850434580926908327e-16
2.850434580926908327e-16
2.866069162124714216e-16
2.871540524390117355e-16
2.908305754178760688e-16
2.914317805808827658e-16
2.926957537320765168e-16
2.965885524568064317e-16
2.997599849834844243e-16
3.005681132368974695e-16
3.023732698553077477e-16
3.025119126786881967e-16
3.025119126786881967e-16
3.025119126786881967e-16
3.025119126786881967e-16
3.025119126786881967e-16
3.033163116342640470e-16
3.063310195370069874e-16
3.072158983869184749e-16
3.122915315651030561e-16
3.160256763130736392e-16
3.193805267658716239e-16
3.193805267658716239e-16
3.261793308317801936e-16
3.267870063853562327e-16
3.272823912516886343e-16
3.300201782024118612e-16
3.300201782024118612e-16
3.311160976640010336e-16
3.311160976640010336e-16
3.314231588717271962e-16
3.318599455281946802e-16
3.344936533055240349e-16
3.357429210236057211e-16
3.382491032849873397e-16
3.382491032849873397e-16
3.382491032849873397e-16
3.382491032849873397e-16
3.382491032849873397e-16
3.382491032849873397e-16
3.432704087110827602e-16
3.432704087110827602e-16
3.439972688589453566e-16
3.485672704250050846e-16
3.485672704250050846e-16
3.507820733525312238e-16
3.576361227895551300e-16
3.599190648119493256e-16
3.655338109323683116e-16
3.657317342977100829e-16
3.657317342977100829e-16
3.657317342977100829e-16
3.676829688064822918e-16
3.676829688064822918e-16
3.676829688064822918e-16
3.676829688064822918e-16
3.676829688064822918e-16
3.676829688064822918e-16
3.679560663458928822e-16
3.685574832671363928e-16
3.685574832671363928e-16
3.685574832671363928e-16
3.691578649258888423e-16
3.695889341099623597e-16
3.713661504054597740e-16
3.713661504054597740e-16
3.718297362432306539e-16
3.720707641741104664e-16
3.742492387996765988e-16
3.743043900560200564e-16
3.772779933321282058e-16
3.816611535472394391e-16
3.849359476221754138e-16
3.849359476221754138e-16
3.859917036048489777e-16
3.883617017912665101e-16
3.883617017912665101e-16
3.948264690029481438e-16
3.961630752293689511e-16
3.994081643294185825e-16
3.996825206539035264e-16
3.996825206539035264e-16
4.010663136740942755e-16
4.010663136740942755e-16
4.010663136740942755e-16
4.075122344026995011e-16
4.082858695922049403e-16
4.128626474218427026e-16
4.128626474218427026e-16
4.181010403337114737e-16
4.333611623827519912e-16
4.333611623827519912e-16
4.364637970111585293e-16
4.400559813900385676e-16
4.468431975746548335e-16
4.517775762445382814e-16
4.522926781555873028e-16
4.594324247471122072e-16
4.673028313704158736e-16
4.702286596354296045e-16
4.726516444384364454e-16
4.804439946227813521e-16
4.804439946227813521e-16
4.907730908406880028e-16
4.948331315151146779e-16
4.948331315151146779e-16
4.948331315151146779e-16
4.998740951641943249e-16
4.998740951641943249e-16
4.998740951641943249e-16
5.013690612587122502e-16
5.029944939558002952e-16
5.121140741824137198e-16
5.121140741824137198e-16
5.126274584988752752e-16
5.126274584988752752e-16
5.221562026963984416e-16
5.262549951281620010e-16
5.267858965565465911e-16
5.269921020218170985e-16
5.373947018765910171e-16
5.381798073039238254e-16
5.464794125802091726e-16
5.521747209453892452e-16
5.640183120729865849e-16
5.640183120729865849e-16
5.644985326966938585e-16
5.656597678099935895e-16
5.656597678099935895e-16
5.708598677740386381e-16
5.755632299719049543e-16
5.792507173216975801e-16
5.910882145178132409e-16
5.933680507527341051e-16
5.933680507527341051e-16
5.933680507527341051e-16
5.933680507527341051e-16
5.957444016862560447e-16
5.957444016862560447e-16
5.957444016862560447e-16
5.957444016862560447e-16
6.069600590556221635e-16
6.135459519787611623e-16
6.146163192797748136e-16
6.146163192797748136e-16
6.302336304169338189e-16
6.302336304169338189e-16
6.302336304169338189e-16
6.302336304169338189e-16
6.302336304169338189e-16
6.302336304169338189e-16
6.371168319045590771e-16
6.406173955529778081e-16
6.406173955529778081e-16
6.406173955529778081e-16
6.406173955529778081e-16
6.406173955529778081e-16
6.470182117771417422e-16
6.657677213454357860e-16
6.687875349745552096e-16
6.715339451912553503e-16
6.819247454065001022e-16
6.819247454065001022e-16
6.920664120561336830e-16
7.020910058116756028e-16
7.035101095178550649e-16
7.035101095178550649e-16
7.035101095178550649e-16
7.035101095178550649e-16
7.178526831267823616e-16
7.331170873979450654e-16
7.331170873979450654e-16
7.353439076054103750e-16
7.353439076054103750e-16
7.381563628633033938e-16
7.419762991080497207e-16
7.419762991080497207e-16
7.493996370360539169e-16
7.499929424403928296e-16
7.618988904865584785e-16
7.647282040529711339e-16
7.748431068143408534e-16
7.782965777837615214e-16
7.842884770882919633e-16
7.925411190933906115e-16
8.124623458077066583e-16
8.176425228509714636e-16
8.217459916104646889e-16
8.279976770963526627e-16
8.302697018052044805e-16
8.302697018052044805e-16
8.302697018052044805e-16
8.302697018052044805e-16
8.470179430991059183e-16
8.470179430991059183e-16
8.553332655423013847e-16
8.710330682770457563e-16
8.865857696232836638e-16
8.868122568219022611e-16
8.941693967722093562e-16
9.042448772084922161e-16
9.042448772084922161e-16
9.057813949748115169e-16
9.070919667024507331e-16
9.457816788759485962e-16
9.457816788759485962e-16
9.474150642712635303e-16
9.474150642712635303e-16
9.487045542899932185e-16
9.529034142529977693e-16
9.797663112569924798e-16
9.867786146829951466e-16
9.959989918303318329e-16
1.003182913542925325e-15
1.005847467436750540e-15
1.011041567584085740e-15
1.011041567584085740e-15
1.024606612004819503e-15
1.025885984685568252e-15
1.027127758514936013e-15
1.027127758514936013e-15
1.027127758514936013e-15
1.030959594396156527e-15
1.030959594396156527e-15
1.031671937340450816e-15
1.031671937340450816e-15
1.038476170652264279e-15
1.065096175076460728e-15
1.070514315438344689e-15
1.088331794655996838e-15
1.101749567105200049e-15
1.106579437203042808e-15
1.109112636286137826e-15
1.116445876966551135e-15
1.124158970748595371e-15
1.124158970748595371e-15
1.124158970748595371e-15
1.130277001494014444e-15
1.133917054998760928e-15
1.136825589674434916e-15
1.136825589674434916e-15
1.136825589674434916e-15
1.137260435213731593e-15
1.141535675196320063e-15
1.142142380191310625e-15
1.151348681298072497e-15
1.160377993694070846e-15
1.188376708940774370e-15
1.211276703479307542e-15
1.215032865201733448e-15
1.217540965051592966e-15
1.217540965051592966e-15
1.228137288400011771e-15
1.234157151556148084e-15
1.259968439509606912e-15
1.273006452971951222e-15
1.289863914458662451e-15
1.290707812207577173e-15
1.327177733370637201e-15
1.341614533512773250e-15
1.341614533512773250e-15
1.342125153207809652e-15
1.345059557681414234e-15
1.376889832347195874e-15
1.385645376636033805e-15
1.397056698616215569e-15
1.425890264829383521e-15
1.434098719949067004e-15
1.434098719949067004e-15
1.434922835949359524e-15
1.434922835949359524e-15
1.434922835949359524e-15
1.447401395914388749e-15
1.447401395914388749e-15
1.447401395914388749e-15
1.449268233001444269e-15
1.460294037347160539e-15
1.461914081973556218e-15
1.464005759250721841e-15
1.464005759250721841e-15
1.508078036402318985e-15
1.523472460230885224e-15
1.539478794777763822e-15
1.546340020466146383e-15
1.551395748370070489e-15
1.559553546213769612e-15
1.559553546213769612e-15
1.564491912997113082e-15
1.564491912997113082e-15
1.570574244833109399e-15
1.570574244833109399e-15
1.571858182080296020e-15
1.592658887809484857e-15
1.592967490146601108e-15
1.618136815358639915e-15
1.618136815358639915e-15
1.627508870225267613e-15
1.628770608150628343e-15
1.628770608150628343e-15
1.662825261921978845e-15
1.664659488240565075e-15
1.696629388052659022e-15
1.696629388052659022e-15
1.728098361991224076e-15
1.742094822644252873e-15
1.782092136047901274e-15
1.791591357617908812e-15
1.797916864378019472e-15
1.809845770546359528e-15
1.819254289004931787e-15
1.828225579644043217e-15
1.828304983100675019e-15
1.844002621195665340e-15
1.848784480995483712e-15
1.848784480995483712e-15
1.880749951531124242e-15
1.892207272106080466e-15
1.896855318346752525e-15
1.898201830152917557e-15
1.911404920925204626e-15
1.918369790506160854e-15
1.953190109122270041e-15
1.961480161749205622e-15
1.961480161749205622e-15
1.973686630026449072e-15
1.981821163874964948e-15
1.981821163874964948e-15
1.981821163874964948e-15
2.009865148326960663e-15
2.009865148326960663e-15
2.010605813935428768e-15
2.028380088590597461e-15
2.051218649711761739e-15
2.057912086408335985e-15
2.078089587646582471e-15
2.089909479498176556e-15
2.099466716942897726e-15
2.100669544903211458e-15
2.127056885846882082e-15
2.127056885846882082e-15
2.127056885846882082e-15
2.127056885846882082e-15
2.127056885846882082e-15
2.180515288023508450e-15
2.195105777588185043e-15
2.198853898379785322e-15
2.201526334385758554e-15
2.204000770558137805e-15
2.204070368431970402e-15
2.204070368431970402e-15
2.204070368431970402e-15
2.204070368431970402e-15
2.207262365036312318e-15
2.220927594631751860e-15
2.220927594631751860e-15
2.230872332003322006e-15
2.249726156031939594e-15
2.262203468976240895e-15
2.262203468976240895e-15
2.277268561689175913e-15
2.277268561689175913e-15
2.278923228787290611e-15
2.319838831784881080e-15
2.321895774829035790e-15
2.352848741001872077e-15
2.352848741001872077e-15
2.360714677173509800e-15
2.362113034454654820e-15
2.362415148754682011e-15
2.379803505787604542e-15
2.414712462872339681e-15
2.414712462872339681e-15
2.421805257957024464e-15
2.424395684703618350e-15
2.429049219011927696e-15
2.502280175974107213e-15
2.505173899337550631e-15
2.505173899337550631e-15
2.505173899337550631e-15
2.505173899337550631e-15
2.505173899337550631e-15
2.506073548324479816e-15
2.528298692890981081e-15
2.536953628488639608e-15
2.536953628488639608e-15
2.536987468631317154e-15
2.539188866086018454e-15
2.561091226395710050e-15
2.562962375115754003e-15
2.651088935850992426e-15
2.724535497991287894e-15
2.749712899427191665e-15
2.755946514876871416e-15
2.768616392526688614e-15
2.768616392526688614e-15
2.768616392526688614e-15
2.768616392526688614e-15
2.785523464262546515e-15
2.809188035443788056e-15
2.809188035443788056e-15
2.816273213114120839e-15
2.837832154503260020e-15
2.837832154503260020e-15
2.852772945131185469e-15
2.890860363939626321e-15
2.912075486420432613e-15
2.912075486420432613e-15
2.912171330551283911e-15
2.962262282660022132e-15
2.985152571612701414e-15
3.047628233612347623e-15
3.052022734657474763e-15
3.072215441313559200e-15
3.110259920257312812e-15
3.110259920257312812e-15
3.110259920257312812e-15
3.121816908375729555e-15
3.125279702589743407e-15
3.125922665300615202e-15
3.125922665300615202e-15
3.130565888159226463e-15
3.130565888159226463e-15
3.165620470206983955e-15
3.176849203647473214e-15
3.176923942540721828e-15
3.195444912031934920e-15
3.212150536980677724e-15
3.220681182257673259e-15
3.268819376374768655e-15
3.310064363427549351e-15
3.311638115350508504e-15
3.313442307292506741e-15
3.313442307292506741e-15
3.357705837424986275e-15
3.358434079883561448e-15
3.364485336198305373e-15
3.373910418856735006e-15
3.379220591928710488e-15
3.379894912505150163e-15
3.408771171531729008e-15
3.418175537175990642e-15
3.418175537175990642e-15
3.428579195821948431e-15
3.428579195821948431e-15
3.437371015473187068e-15
3.437371015473187068e-15
3.437371015473187068e-15
3.437371015473187068e-15
3.437371015473187068e-15
3.437371015473187068e-15
3.474065800355050155e-15
3.474065800355050155e-15
3.504508540938457421e-15
3.515231642766821777e-15
3.515958179395155865e-15
3.517375318455471513e-15
3.517375318455471513e-15
3.520163656803060840e-15
3.602017285642650862e-15
3.648399574577915199e-15
3.650098399150579211e-15
3.657044175197182880e-15
3.661918390999118020e-15
3.699519171732841805e-15
3.700958545408022878e-15
3.756484307957620842e-15
3.801373560151191336e-15
3.812416340448892227e-15
3.812531478107986714e-15
3.820612395947376130e-15
3.827877632822906232e-15
3.827877632822906232e-15
3.863831169761149582e-15
3.865466890379243149e-15
3.927329712277204689e-15
3.965849523758699390e-15
3.978315484108638010e-15
3.981199248952777901e-15
3.982090815833668833e-15
4.020195010600204267e-15
4.020195010600204267e-15
4.020195010600204267e-15
4.020195010600204267e-15
4.030477931758139375e-15
4.030477931758139375e-15
4.136361308858356344e-15
4.151698816778605448e-15
4.192624007718585020e-15
4.278223169193548038e-15
4.320481537052946675e-15
4.320481537052946675e-15
4.339946742404284392e-15
4.339946742404284392e-15
4.388858689354350014e-15
4.411698303384524676e-15
4.451595678664743252e-15
4.451595678664743252e-15
4.451595678664743252e-15
4.451595678664743252e-15
4.478893615319751981e-15
4.481997720491470081e-15
4.494563348384869219e-15
4.521139883548786196e-15
4.527002798558403917e-15
4.555359373460975806e-15
4.555359373460975806e-15
4.555359373460975806e-15
4.564251819449913516e-15
4.570411172462377877e-15
4.570411172462377877e-15
4.578170800116961897e-15
4.578170800116961897e-15
4.581652217291468372e-15
4.592853592744196053e-15
4.644039264351181389e-15
4.644039264351181389e-15
4.671250274249978145e-15
4.673837065813506469e-15
4.693102659615781343e-15
4.693102659615781343e-15
4.693102659615781343e-15
4.783100445539315682e-15
4.783100445539315682e-15
4.783100445539315682e-15
4.784312384985986081e-15
4.795714519011559609e-15
4.859373721325449650e-15
4.885483847208438150e-15
4.928846948966033078e-15
4.971742959110603569e-15
4.990574933806703574e-15
4.990574933806703574e-15
4.996798508386654546e-15
5.021227400336068374e-15
5.066439957358780441e-15
5.138823537266571230e-15
5.147358176539199780e-15
5.210588603716582063e-15
5.250712866183200596e-15
5.345320528925221741e-15
5.345320528925221741e-15
5.345320528925221741e-15
5.414036500287700483e-15
5.414235620675297471e-15
5.431719607139748039e-15
5.455801650861607808e-15
5.531010500341705186e-15
5.537794916611856911e-15
5.537794916611856911e-15
5.544551574906466587e-15
5.569182534212273322e-15
5.570470100760352216e-15
5.570470100760352216e-15
5.590433070317099843e-15
5.675585671904749210e-15
5.699758542263681743e-15
5.725168416009481034e-15
5.745081310625395934e-15
5.755614430022299176e-15
5.795750292134556146e-15
5.802456463736205256e-15
5.828761027796888479e-15
5.829074006470898943e-15
5.829074006470898943e-15
5.829074006470898943e-15
5.830364458224954423e-15
5.830364458224954423e-15
5.830364458224954423e-15
5.869537920326106321e-15
5.883690796788974636e-15
5.883690796788974636e-15
5.920023019217459992e-15
5.967893124465662955e-15
5.967893124465662955e-15
5.992666770588955860e-15
5.995821912436832478e-15
5.996474995426772252e-15
5.997022105183532619e-15
5.997022105183532619e-15
6.050143985287736431e-15
6.073631285413898567e-15
6.090286667779870509e-15
6.100469765516753936e-15
6.107113824310024440e-15
6.110607144062092337e-15
6.198319882145211120e-15
6.244068034570557604e-15
6.257640325828728747e-15
6.297632280572551422e-15
6.369497114562967497e-15
6.388139195060204929e-15
6.447075656356473765e-15
6.534200741803741721e-15
6.577323733249483210e-15
6.614333261457330339e-15
6.707100986290544379e-15
6.738686044918096293e-15
6.803323899687766849e-15
6.827967858596444464e-15
6.827967858596444464e-15
6.887223104271716665e-15
6.959827506845291387e-15
6.989025450162282812e-15
6.994396477257562201e-15
6.997035278996921412e-15
7.052524289728085643e-15
7.066985103842493523e-15
7.096980425741292912e-15
7.185540187948406654e-15
7.213519900834443395e-15
7.236124389694589078e-15
7.255704682706549315e-15
7.270503118859776838e-15
7.270503118859776838e-15
7.290490714134814173e-15
7.309055005831975112e-15
7.393295185293493858e-15
7.451217430514544864e-15
7.469768137332597238e-15
7.527157898820660250e-15
7.527157898820660250e-15
7.595545753736282804e-15
7.596227235858648751e-15
7.629325886482298450e-15
7.629325886482298450e-15
7.680399476219190859e-15
7.721828563530188593e-15
7.742880667461687771e-15
7.749189562964554353e-15
7.760308735046184952e-15
7.765364092373194633e-15
7.770515926164679606e-15
7.850533849319113136e-15
7.914664116654055104e-15
7.968944170200383798e-15
7.993789914121138831e-15
8.000413073552870572e-15
8.086454812683860409e-15
8.137058102082222104e-15
8.176290653554705120e-15
8.259599032070339143e-15
8.292299768379409426e-15
8.302521876689252071e-15
8.302521876689252071e-15
8.384929518015906398e-15
8.416857307349741083e-15
8.518322525304040678e-15
8.595052078327689356e-15
8.638628120638919805e-15
8.751495334387721236e-15
8.771394355898038399e-15
8.788942325701959951e-15
8.854687376059330544e-15
8.916747071354709375e-15
8.916747071354709375e-15
9.051810309971363363e-15
9.131311069513025387e-15
9.173587989746838367e-15
