0.0,-5.0
0.0,-5.0
0.0,-5.0
0.0,-5.0
0.0,-5.0
0.0,-5.0
0.0,-5.0
0.0,-5.0
0.0,-5.0
0.0,-5.0
0.0,-5.0
0.0,-5.0
0.0,-5.0
0.0,-5.0
0.0,-5.0
0.0,-5.0
0.0,-5.0
0.0,-5.0
0.0,-5.0
0.0,-5.0
0.0,-5.0
0.0,-5.0
0.0,-5.0
0.0,-5.0
0.0,-5.0
0.0,-5.0
0.0,-5.0
0.0,-5.0
0.0,-5.0
0.0,-5.0
0.0,-5.0
0.0,-5.0
0.0,-5.0
0.0,-5.0
0.0,-5.0
0.0,-5.0,-5.500000000000001
0.0,-5.0,-5.513888888888889
0.0,-5.0,-5.527777777777779
0.0,-5.0,-5.541666666666668
0.0,-5.0,-5.555555555555557
0.0,-5.0,-5.569444444444446
0.0,-5.0,-5.583333333333336
0.0,-5.0,-5.597222222222225
0.0,-5.0,-5.611111111111114
0.0,-5.0,-5.6250000000000036
0.0,-5.0,-5.638888888888893
0.0,-5.0,-5.652777777777782
0.0,-5.0,-5.666666666666671
0.0,-5.0,-5.680555555555561
0.0,-5.0,-5.69444444444445
0.0,-5.0,-5.708333333333339
0.0,-5.0,-5.7222222222222285
0.0,-5.0,-5.736111111111118
0.0,-5.0,-5.750000000000007
0.0,-5.0,-5.763888888888896
0.0,-5.0,-5.777777777777786
0.0,-5.0,-5.791666666666675
0.0,-5.0,-5.805555555555564
0.0,-5.0,-5.8194444444444535
0.0,-5.0,-5.833333333333343
0.0,-5.0,-5.847222222222232
0.0,-5.0,-5.861111111111121
0.0,-5.0,-5.875000000000011
0.0,-5.0,-5.8888888888889
0.0,-5.0,-5.902777777777789
0.0,-5.0,-5.9166666666666785
0.0,-5.0,-5.930555555555568
0.0,-5.0,-5.944444444444457
0.0,-5.0,-5.958333333333346
0.0,-5.0,-5.972222222222236
0.0,-5.0,-5.986111111111125
0.0,-5.0,-6.0
0.0,-5.0,-6.0
0.0,-5.0,-6.0
0.0,-5.0,-6.0
0.0,-5.0,-6.0
0.0,-5.0,-6.0
0.0,-5.0,-6.0
0.0,-5.0,-6.0
0.0,-5.0,-6.0
0.0,-5.0,-6.0
0.0,-5.0,-6.0
0.0,-5.0,-6.0
0.0,-5.0,-6.0
0.0,-5.0,-6.0
0.0,-5.0,-6.0
0.0,-5.0,-6.0
0.0,-5.0,-6.0
0.0,-5.0,-6.0
0.0,-5.0,-6.0
0.0,-5.0,-6.0
0.0,-5.0,-6.0
0.0,-5.0,-6.0
0.0,-5.0,-6.0
0.0,-5.0,-6.0
0.0,-5.0,-6.0
0.0,-5.0,-6.0
0.0,-5.0,-6.0
0.0,-5.0,-6.0
0.0,-5.0,-6.0
0.0,-5.0,-6.0
0.0,-5.0,-6.0
0.0,-5.0,-6.0
0.0,-5.0,-6.0
0.0,-5.0,-6.0
0.0,-5.0,-6.0
0.0,-5.0,-6.0
0.0,-5.0,-6.0,-6.500000000000012
0.0,-5.0,-6.0,-6.513888888888902
0.0,-5.0,-6.0,-6.527777777777791
0.0,-5.0,-6.0,-6.54166666666668
0.0,-5.0,-6.0,-6.55555555555557
0.0,-5.0,-6.0,-6.569444444444459
0.0,-5.0,-6.0,-6.583333333333348
0.0,-5.0,-6.0,-6.597222222222237
0.0,-5.0,-6.0,-6.611111111111127
0.0,-5.0,-6.0,-6.625000000000016
0.0,-5.0,-6.0,-6.638888888888905
0.0,-5.0,-6.0,-6.6527777777777946
0.0,-5.0,-6.0,-6.666666666666684
0.0,-5.0,-6.0,-6.680555555555573
0.0,-5.0,-6.0,-6.694444444444462
0.0,-5.0,-6.0,-6.708333333333352
0.0,-5.0,-6.0,-6.722222222222241
0.0,-5.0,-6.0,-6.73611111111113
0.0,-5.0,-6.0,-6.7500000000000195
0.0,-5.0,-6.0,-6.763888888888909
0.0,-5.0,-6.0,-6.777777777777798
0.0,-5.0,-6.0,-6.791666666666687
0.0,-5.0,-6.0,-6.805555555555577
0.0,-5.0,-6.0,-6.819444444444466
0.0,-5.0,-6.0,-6.833333333333355
0.0,-5.0,-6.0,-6.8472222222222445
0.0,-5.0,-6.0,-6.861111111111134
0.0,-5.0,-6.0,-6.875000000000023
0.0,-5.0,-6.0,-6.888888888888912
0.0,-5.0,-6.0,-6.902777777777802
0.0,-5.0,-6.0,-6.916666666666691
0.0,-5.0,-6.0,-6.93055555555558
0.0,-5.0,-6.0,-6.9444444444444695
0.0,-5.0,-6.0,-6.958333333333359
0.0,-5.0,-6.0,-6.972222222222248
0.0,-5.0,-6.0,-6.986111111111137
0.0,-5.0,-6.0,-7.0
0.0,-5.0,-6.0,-7.0
0.0,-5.0,-6.0,-7.0
0.0,-5.0,-6.0,-7.0
0.0,-5.0,-6.0,-7.0
0.0,-5.0,-6.0,-7.0
0.0,-5.0,-6.0,-7.0
0.0,-5.0,-6.0,-7.0
0.0,-5.0,-6.0,-7.0
0.0,-5.0,-6.0,-7.0
0.0,-5.0,-6.0,-7.0
0.0,-5.0,-6.0,-7.0
0.0,-5.0,-6.0,-7.0
0.0,-5.0,-6.0,-7.0
0.0,-5.0,-6.0,-7.0
0.0,-5.0,-6.0,-7.0
0.0,-5.0,-6.0,-7.0
0.0,-5.0,-6.0,-7.0
0.0,-5.0,-6.0,-7.0
0.0,-5.0,-6.0,-7.0
0.0,-5.0,-6.0,-7.0
0.0,-5.0,-6.0,-7.0
0.0,-5.0,-6.0,-7.0
0.0,-5.0,-6.0,-7.0
0.0,-5.0,-6.0,-7.0
0.0,-5.0,-6.0,-7.0
0.0,-5.0,-6.0,-7.0
0.0,-5.0,-6.0,-7.0
0.0,-5.0,-6.0,-7.0
0.0,-5.0,-6.0,-7.0
0.0,-5.0,-6.0,-7.0
0.0,-5.0,-6.0,-7.0
0.0,-5.0,-6.0,-7.0
0.0,-5.0,-6.0,-7.0
0.0,-5.0,-6.0,-7.0
0.0,-5.0,-6.0,-7.0
0.0,-5.0,-6.0,-7.0,-7.500000000000025
0.0,-5.0,-6.0,-7.0,-7.513888888888914
0.0,-5.0,-6.0,-7.0,-7.527777777777803
0.0,-5.0,-6.0,-7.0,-7.541666666666693
0.0,-5.0,-6.0,-7.0,-7.555555555555582
0.0,-5.0,-6.0,-7.0,-7.569444444444471
0.0,-5.0,-6.0,-7.0,-7.583333333333361
0.0,-5.0,-6.0,-7.0,-7.59722222222225
0.0,-5.0,-6.0,-7.0,-7.611111111111139
0.0,-5.0,-6.0,-7.0,-7.625000000000028
0.0,-5.0,-6.0,-7.0,-7.638888888888918
0.0,-5.0,-6.0,-7.0,-7.652777777777807
0.0,-5.0,-6.0,-7.0,-7.666666666666696
0.0,-5.0,-6.0,-7.0,-7.680555555555586
0.0,-5.0,-6.0,-7.0,-7.694444444444475
0.0,-5.0,-6.0,-7.0,-7.708333333333364
0.0,-5.0,-6.0,-7.0,-7.722222222222253
0.0,-5.0,-6.0,-7.0,-7.736111111111143
0.0,-5.0,-6.0,-7.0,-7.750000000000032
0.0,-5.0,-6.0,-7.0,-7.763888888888921
0.0,-5.0,-6.0,-7.0,-7.7777777777778105
0.0,-5.0,-6.0,-7.0,-7.7916666666667
0.0,-5.0,-6.0,-7.0,-7.805555555555589
0.0,-5.0,-6.0,-7.0,-7.819444444444478
0.0,-5.0,-6.0,-7.0,-7.833333333333368
0.0,-5.0,-6.0,-7.0,-7.847222222222257
0.0,-5.0,-6.0,-7.0,-7.861111111111146
0.0,-5.0,-6.0,-7.0,-7.8750000000000355
0.0,-5.0,-6.0,-7.0,-7.888888888888925
0.0,-5.0,-6.0,-7.0,-7.902777777777814
0.0,-5.0,-6.0,-7.0,-7.916666666666703
0.0,-5.0,-6.0,-7.0,-7.930555555555593
0.0,-5.0,-6.0,-7.0,-7.944444444444482
0.0,-5.0,-6.0,-7.0,-7.958333333333371
0.0,-5.0,-6.0,-7.0,-7.9722222222222605
0.0,-5.0,-6.0,-7.0,-7.98611111111115
0.0,-5.0,-6.0,-7.0,-8.0
0.0,-5.0,-6.0,-7.0,-8.0
0.0,-5.0,-6.0,-7.0,-8.0
0.0,-5.0,-6.0,-7.0,-8.0
0.0,-5.0,-6.0,-7.0,-8.0
0.0,-5.0,-6.0,-7.0,-8.0
0.0,-5.0,-6.0,-7.0,-8.0
0.0,-5.0,-6.0,-7.0,-8.0
0.0,-5.0,-6.0,-7.0,-8.0
0.0,-5.0,-6.0,-7.0,-8.0
0.0,-5.0,-6.0,-7.0,-8.0
0.0,-5.0,-6.0,-7.0,-8.0
0.0,-5.0,-6.0,-7.0,-8.0
0.0,-5.0,-6.0,-7.0,-8.0
0.0,-5.0,-6.0,-7.0,-8.0
0.0,-5.0,-6.0,-7.0,-8.0
0.0,-5.0,-6.0,-7.0,-8.0
0.0,-5.0,-6.0,-7.0,-8.0
0.0,-5.0,-6.0,-7.0,-8.0
0.0,-5.0,-6.0,-7.0,-8.0
0.0,-5.0,-6.0,-7.0,-8.0
0.0,-5.0,-6.0,-7.0,-8.0
0.0,-5.0,-6.0,-7.0,-8.0
0.0,-5.0,-6.0,-7.0,-8.0
0.0,-5.0,-6.0,-7.0,-8.0
0.0,-5.0,-6.0,-7.0,-8.0
0.0,-5.0,-6.0,-7.0,-8.0
0.0,-5.0,-6.0,-7.0,-8.0
0.0,-5.0,-6.0,-7.0,-8.0
0.0,-5.0,-6.0,-7.0,-8.0
0.0,-5.0,-6.0,-7.0,-8.0
0.0,-5.0,-6.0,-7.0,-8.0
0.0,-5.0,-6.0,-7.0,-8.0
0.0,-5.0,-6.0,-7.0,-8.0
0.0,-5.0,-6.0,-7.0,-8.0
0.0,-5.0,-6.0,-7.0,-8.0
0.0,-5.0,-6.0,-7.0,-8.0,-8.500000000000037
0.0,-5.0,-6.0,-7.0,-8.0,-8.513888888888927
0.0,-5.0,-6.0,-7.0,-8.0,-8.527777777777816
0.0,-5.0,-6.0,-7.0,-8.0,-8.541666666666705
0.0,-5.0,-6.0,-7.0,-8.0,-8.555555555555594
0.0,-5.0,-6.0,-7.0,-8.0,-8.569444444444484
0.0,-5.0,-6.0,-7.0,-8.0,-8.583333333333373
0.0,-5.0,-6.0,-7.0,-8.0,-8.597222222222262
0.0,-5.0,-6.0,-7.0,-8.0,-8.611111111111152
0.0,-5.0,-6.0,-7.0,-8.0,-8.62500000000004
0.0,-5.0,-6.0,-7.0,-8.0,-8.63888888888893
0.0,-5.0,-6.0,-7.0,-8.0,-8.65277777777782
0.0,-5.0,-6.0,-7.0,-8.0,-8.666666666666709
0.0,-5.0,-6.0,-7.0,-8.0,-8.680555555555598
0.0,-5.0,-6.0,-7.0,-8.0,-8.694444444444487
0.0,-5.0,-6.0,-7.0,-8.0,-8.708333333333377
0.0,-5.0,-6.0,-7.0,-8.0,-8.722222222222266
0.0,-5.0,-6.0,-7.0,-8.0,-8.736111111111155
0.0,-5.0,-6.0,-7.0,-8.0,-8.750000000000044
0.0,-5.0,-6.0,-7.0,-8.0,-8.763888888888934
0.0,-5.0,-6.0,-7.0,-8.0,-8.777777777777823
0.0,-5.0,-6.0,-7.0,-8.0,-8.791666666666712
0.0,-5.0,-6.0,-7.0,-8.0,-8.805555555555602
0.0,-5.0,-6.0,-7.0,-8.0,-8.81944444444449
0.0,-5.0,-6.0,-7.0,-8.0,-8.83333333333338
0.0,-5.0,-6.0,-7.0,-8.0,-8.84722222222227
0.0,-5.0,-6.0,-7.0,-8.0,-8.861111111111159
0.0,-5.0,-6.0,-7.0,-8.0,-8.875000000000048
0.0,-5.0,-6.0,-7.0,-8.0,-8.888888888888937
0.0,-5.0,-6.0,-7.0,-8.0,-8.902777777777827
0.0,-5.0,-6.0,-7.0,-8.0,-8.916666666666716
0.0,-5.0,-6.0,-7.0,-8.0,-8.930555555555605
0.0,-5.0,-6.0,-7.0,-8.0,-8.944444444444494
0.0,-5.0,-6.0,-7.0,-8.0,-8.958333333333384
0.0,-5.0,-6.0,-7.0,-8.0,-8.972222222222273
0.0,-5.0,-6.0,-7.0,-8.0,-8.986111111111162
0.0,-5.0,-6.0,-7.0,-8.0,-9.0
0.0,-5.0,-6.0,-7.0,-8.0,-9.0
0.0,-5.0,-6.0,-7.0,-8.0,-9.0
0.0,-5.0,-6.0,-7.0,-8.0,-9.0
0.0,-5.0,-6.0,-7.0,-8.0,-9.0
0.0,-5.0,-6.0,-7.0,-8.0,-9.0
0.0,-5.0,-6.0,-7.0,-8.0,-9.0
0.0,-5.0,-6.0,-7.0,-8.0,-9.0
0.0,-5.0,-6.0,-7.0,-8.0,-9.0
0.0,-5.0,-6.0,-7.0,-8.0,-9.0
0.0,-5.0,-6.0,-7.0,-8.0,-9.0
0.0,-5.0,-6.0,-7.0,-8.0,-9.0
0.0,-5.0,-6.0,-7.0,-8.0,-9.0
0.0,-5.0,-6.0,-7.0,-8.0,-9.0
0.0,-5.0,-6.0,-7.0,-8.0,-9.0
0.0,-5.0,-6.0,-7.0,-8.0,-9.0
0.0,-5.0,-6.0,-7.0,-8.0,-9.0
0.0,-5.0,-6.0,-7.0,-8.0,-9.0
0.0,-5.0,-6.0,-7.0,-8.0,-9.0
0.0,-5.0,-6.0,-7.0,-8.0,-9.0
0.0,-5.0,-6.0,-7.0,-8.0,-9.0
0.0,-5.0,-6.0,-7.0,-8.0,-9.0
0.0,-5.0,-6.0,-7.0,-8.0,-9.0
0.0,-5.0,-6.0,-7.0,-8.0,-9.0
0.0,-5.0,-6.0,-7.0,-8.0,-9.0
0.0,-5.0,-6.0,-7.0,-8.0,-9.0
0.0,-5.0,-6.0,-7.0,-8.0,-9.0
0.0,-5.0,-6.0,-7.0,-8.0,-9.0
0.0,-5.0,-6.0,-7.0,-8.0,-9.0
0.0,-5.0,-6.0,-7.0,-8.0,-9.0
0.0,-5.0,-6.0,-7.0,-8.0,-9.0
0.0,-5.0,-6.0,-7.0,-8.0,-9.0
0.0,-5.0,-6.0,-7.0,-8.0,-9.0
0.0,-5.0,-6.0,-7.0,-8.0,-9.0
0.0,-5.0,-6.0,-7.0,-8.0,-9.0
0.0,-5.0,-6.0,-7.0,-8.0,-9.0
0.0,-5.0,-6.0,-7.0,-8.0,-9.0,-9.500000000000066
0.0,-5.0,-6.0,-7.0,-8.0,-9.0,-9.513888888888955
0.0,-5.0,-6.0,-7.0,-8.0,-9.0,-9.527777777777844
0.0,-5.0,-6.0,-7.0,-8.0,-9.0,-9.541666666666734
0.0,-5.0,-6.0,-7.0,-8.0,-9.0,-9.555555555555623
0.0,-5.0,-6.0,-7.0,-8.0,-9.0,-9.569444444444512
0.0,-5.0,-6.0,-7.0,-8.0,-9.0,-9.583333333333401
0.0,-5.0,-6.0,-7.0,-8.0,-9.0,-9.59722222222229
0.0,-5.0,-6.0,-7.0,-8.0,-9.0,-9.61111111111118
0.0,-5.0,-6.0,-7.0,-8.0,-9.0,-9.62500000000007
0.0,-5.0,-6.0,-7.0,-8.0,-9.0,-9.638888888888959
0.0,-5.0,-6.0,-7.0,-8.0,-9.0,-9.652777777777848
0.0,-5.0,-6.0,-7.0,-8.0,-9.0,-9.666666666666737
0.0,-5.0,-6.0,-7.0,-8.0,-9.0,-9.680555555555626
0.0,-5.0,-6.0,-7.0,-8.0,-9.0,-9.694444444444516
0.0,-5.0,-6.0,-7.0,-8.0,-9.0,-9.708333333333405
0.0,-5.0,-6.0,-7.0,-8.0,-9.0,-9.722222222222294
0.0,-5.0,-6.0,-7.0,-8.0,-9.0,-9.736111111111184
0.0,-5.0,-6.0,-7.0,-8.0,-9.0,-9.750000000000073
0.0,-5.0,-6.0,-7.0,-8.0,-9.0,-9.763888888888962
0.0,-5.0,-6.0,-7.0,-8.0,-9.0,-9.777777777777851
0.0,-5.0,-6.0,-7.0,-8.0,-9.0,-9.79166666666674
0.0,-5.0,-6.0,-7.0,-8.0,-9.0,-9.80555555555563
0.0,-5.0,-6.0,-7.0,-8.0,-9.0,-9.81944444444452
0.0,-5.0,-6.0,-7.0,-8.0,-9.0,-9.833333333333409
0.0,-5.0,-6.0,-7.0,-8.0,-9.0,-9.847222222222298
0.0,-5.0,-6.0,-7.0,-8.0,-9.0,-9.861111111111187
0.0,-5.0,-6.0,-7.0,-8.0,-9.0,-9.875000000000076
0.0,-5.0,-6.0,-7.0,-8.0,-9.0,-9.888888888888966
0.0,-5.0,-6.0,-7.0,-8.0,-9.0,-9.902777777777855
0.0,-5.0,-6.0,-7.0,-8.0,-9.0,-9.916666666666744
0.0,-5.0,-6.0,-7.0,-8.0,-9.0,-9.930555555555634
0.0,-5.0,-6.0,-7.0,-8.0,-9.0,-9.944444444444523
0.0,-5.0,-6.0,-7.0,-8.0,-9.0,-9.958333333333412
0.0,-5.0,-6.0,-7.0,-8.0,-9.0,-9.972222222222301
0.0,-5.0,-6.0,-7.0,-8.0,-9.0,-9.98611111111119
0.0,-5.0,-6.0,-7.0,-8.0,-9.0,-10.0
0.0,-5.0,-6.0,-7.0,-8.0,-9.0,-10.0
0.0,-5.0,-6.0,-7.0,-8.0,-9.0,-10.0
0.0,-5.0,-6.0,-7.0,-8.0,-9.0,-10.0
0.0,-5.0,-6.0,-7.0,-8.0,-9.0,-10.0
0.0,-5.0,-6.0,-7.0,-8.0,-9.0,-10.0
0.0,-5.0,-6.0,-7.0,-8.0,-9.0,-10.0
0.0,-5.0,-6.0,-7.0,-8.0,-9.0,-10.0
0.0,-5.0,-6.0,-7.0,-8.0,-9.0,-10.0
0.0,-5.0,-6.0,-7.0,-8.0,-9.0,-10.0
0.0,-5.0,-6.0,-7.0,-8.0,-9.0,-10.0
0.0,-5.0,-6.0,-7.0,-8.0,-9.0,-10.0
0.0,-5.0,-6.0,-7.0,-8.0,-9.0,-10.0
0.0,-5.0,-6.0,-7.0,-8.0,-9.0,-10.0
0.0,-5.0,-6.0,-7.0,-8.0,-9.0,-10.0
0.0,-5.0,-6.0,-7.0,-8.0,-9.0,-10.0
0.0,-5.0,-6.0,-7.0,-8.0,-9.0,-10.0
0.0,-5.0,-6.0,-7.0,-8.0,-9.0,-10.0
0.0,-5.0,-6.0,-7.0,-8.0,-9.0,-10.0
0.0,-5.0,-6.0,-7.0,-8.0,-9.0,-10.0
0.0,-5.0,-6.0,-7.0,-8.0,-9.0,-10.0
0.0,-5.0,-6.0,-7.0,-8.0,-9.0,-10.0
0.0,-5.0,-6.0,-7.0,-8.0,-9.0,-10.0
0.0,-5.0,-6.0,-7.0,-8.0,-9.0,-10.0
0.0,-5.0,-6.0,-7.0,-8.0,-9.0,-10.0
0.0,-5.0,-6.0,-7.0,-8.0,-9.0,-10.0
0.0,-5.0,-6.0,-7.0,-8.0,-9.0,-10.0
0.0,-5.0,-6.0,-7.0,-8.0,-9.0,-10.0
0.0,-5.0,-6.0,-7.0,-8.0,-9.0,-10.0
0.0,-5.0,-6.0,-7.0,-8.0,-9.0,-10.0
0.0,-5.0,-6.0,-7.0,-8.0,-9.0,-10.0
0.0,-5.0,-6.0,-7.0,-8.0,-9.0,-10.0
0.0,-5.0,-6.0,-7.0,-8.0,-9.0,-10.0
0.0,-5.0,-6.0,-7.0,-8.0,-9.0,-10.0
0.0,-5.0,-6.0,-7.0,-8.0,-9.0,-10.0
0.0,-5.0,-6.0,-7.0,-8.0,-9.0,-10.0
0.0,-5.0,-6.0,-7.0,-8.0,-9.0,-10.0,-10.500000000000094
0.0,-5.0,-6.0,-7.0,-8.0,-9.0,-10.0,-10.513888888888983
0.0,-5.0,-6.0,-7.0,-8.0,-9.0,-10.0,-10.527777777777873
0.0,-5.0,-6.0,-7.0,-8.0,-9.0,-10.0,-10.541666666666762
0.0,-5.0,-6.0,-7.0,-8.0,-9.0,-10.0,-10.555555555555651
0.0,-5.0,-6.0,-7.0,-8.0,-9.0,-10.0,-10.56944444444454
0.0,-5.0,-6.0,-7.0,-8.0,-9.0,-10.0,-10.58333333333343
0.0,-5.0,-6.0,-7.0,-8.0,-9.0,-10.0,-10.59722222222232
0.0,-5.0,-6.0,-7.0,-8.0,-9.0,-10.0,-10.611111111111208
0.0,-5.0,-6.0,-7.0,-8.0,-9.0,-10.0,-10.625000000000098
0.0,-5.0,-6.0,-7.0,-8.0,-9.0,-10.0,-10.638888888888987
0.0,-5.0,-6.0,-7.0,-8.0,-9.0,-10.0,-10.652777777777876
0.0,-5.0,-6.0,-7.0,-8.0,-9.0,-10.0,-10.666666666666766
0.0,-5.0,-6.0,-7.0,-8.0,-9.0,-10.0,-10.680555555555655
0.0,-5.0,-6.0,-7.0,-8.0,-9.0,-10.0,-10.694444444444544
0.0,-5.0,-6.0,-7.0,-8.0,-9.0,-10.0,-10.708333333333433
0.0,-5.0,-6.0,-7.0,-8.0,-9.0,-10.0,-10.722222222222323
0.0,-5.0,-6.0,-7.0,-8.0,-9.0,-10.0,-10.736111111111212
0.0,-5.0,-6.0,-7.0,-8.0,-9.0,-10.0,-10.750000000000101
0.0,-5.0,-6.0,-7.0,-8.0,-9.0,-10.0,-10.76388888888899
0.0,-5.0,-6.0,-7.0,-8.0,-9.0,-10.0,-10.77777777777788
0.0,-5.0,-6.0,-7.0,-8.0,-9.0,-10.0,-10.791666666666769
0.0,-5.0,-6.0,-7.0,-8.0,-9.0,-10.0,-10.805555555555658
0.0,-5.0,-6.0,-7.0,-8.0,-9.0,-10.0,-10.819444444444548
0.0,-5.0,-6.0,-7.0,-8.0,-9.0,-10.0,-10.833333333333437
0.0,-5.0,-6.0,-7.0,-8.0,-9.0,-10.0,-10.847222222222326
0.0,-5.0,-6.0,-7.0,-8.0,-9.0,-10.0,-10.861111111111216
0.0,-5.0,-6.0,-7.0,-8.0,-9.0,-10.0,-10.875000000000105
0.0,-5.0,-6.0,-7.0,-8.0,-9.0,-10.0,-10.888888888888994
0.0,-5.0,-6.0,-7.0,-8.0,-9.0,-10.0,-10.902777777777883
0.0,-5.0,-6.0,-7.0,-8.0,-9.0,-10.0,-10.916666666666773
0.0,-5.0,-6.0,-7.0,-8.0,-9.0,-10.0,-10.930555555555662
0.0,-5.0,-6.0,-7.0,-8.0,-9.0,-10.0,-10.944444444444551
0.0,-5.0,-6.0,-7.0,-8.0,-9.0,-10.0,-10.95833333333344
0.0,-5.0,-6.0,-7.0,-8.0,-9.0,-10.0,-10.97222222222233
0.0,-5.0,-6.0,-7.0,-8.0,-9.0,-10.0,-10.986111111111219
0.0,-5.0,-6.0,-7.0,-8.0,-9.0,-10.0,-11.0
0.0,-5.0,-6.0,-7.0,-8.0,-9.0,-10.0,-11.0
0.0,-5.0,-6.0,-7.0,-8.0,-9.0,-10.0,-11.0
0.0,-5.0,-6.0,-7.0,-8.0,-9.0,-10.0,-11.0
0.0,-5.0,-6.0,-7.0,-8.0,-9.0,-10.0,-11.0
0.0,-5.0,-6.0,-7.0,-8.0,-9.0,-10.0,-11.0
0.0,-5.0,-6.0,-7.0,-8.0,-9.0,-10.0,-11.0
0.0,-5.0,-6.0,-7.0,-8.0,-9.0,-10.0,-11.0
0.0,-5.0,-6.0,-7.0,-8.0,-9.0,-10.0,-11.0
0.0,-5.0,-6.0,-7.0,-8.0,-9.0,-10.0,-11.0
0.0,-5.0,-6.0,-7.0,-8.0,-9.0,-10.0,-11.0
0.0,-5.0,-6.0,-7.0,-8.0,-9.0,-10.0,-11.0
0.0,-5.0,-6.0,-7.0,-8.0,-9.0,-10.0,-11.0
0.0,-5.0,-6.0,-7.0,-8.0,-9.0,-10.0,-11.0
0.0,-5.0,-6.0,-7.0,-8.0,-9.0,-10.0,-11.0
0.0,-5.0,-6.0,-7.0,-8.0,-9.0,-10.0,-11.0
0.0,-5.0,-6.0,-7.0,-8.0,-9.0,-10.0,-11.0
0.0,-5.0,-6.0,-7.0,-8.0,-9.0,-10.0,-11.0
0.0,-5.0,-6.0,-7.0,-8.0,-9.0,-10.0,-11.0
0.0,-5.0,-6.0,-7.0,-8.0,-9.0,-10.0,-11.0
0.0,-5.0,-6.0,-7.0,-8.0,-9.0,-10.0,-11.0
0.0,-5.0,-6.0,-7.0,-8.0,-9.0,-10.0,-11.0
0.0,-5.0,-6.0,-7.0,-8.0,-9.0,-10.0,-11.0
0.0,-5.0,-6.0,-7.0,-8.0,-9.0,-10.0,-11.0
0.0,-5.0,-6.0,-7.0,-8.0,-9.0,-10.0,-11.0
0.0,-5.0,-6.0,-7.0,-8.0,-9.0,-10.0,-11.0
0.0,-5.0,-6.0,-7.0,-8.0,-9.0,-10.0,-11.0
0.0,-5.0,-6.0,-7.0,-8.0,-9.0,-10.0,-11.0
0.0,-5.0,-6.0,-7.0,-8.0,-9.0,-10.0,-11.0
0.0,-5.0,-6.0,-7.0,-8.0,-9.0,-10.0,-11.0
0.0,-5.0,-6.0,-7.0,-8.0,-9.0,-10.0,-11.0
0.0,-5.0,-6.0,-7.0,-8.0,-9.0,-10.0,-11.0
0.0,-5.0,-6.0,-7.0,-8.0,-9.0,-10.0,-11.0
0.0,-5.0,-6.0,-7.0,-8.0,-9.0,-10.0,-11.0
0.0,-5.0,-6.0,-7.0,-8.0,-9.0,-10.0,-11.0
0.0,-5.0,-6.0,-7.0,-8.0,-9.0,-10.0,-11.0
0.0,-5.0,-6.0,-7.0,-8.0,-9.0,-10.0,-11.0,-11.500000000000123
0.0,-5.0,-6.0,-7.0,-8.0,-9.0,-10.0,-11.0,-11.513888888889012
0.0,-5.0,-6.0,-7.0,-8.0,-9.0,-10.0,-11.0,-11.527777777777901
0.0,-5.0,-6.0,-7.0,-8.0,-9.0,-10.0,-11.0,-11.54166666666679
0.0,-5.0,-6.0,-7.0,-8.0,-9.0,-10.0,-11.0,-11.55555555555568
0.0,-5.0,-6.0,-7.0,-8.0,-9.0,-10.0,-11.0,-11.569444444444569
0.0,-5.0,-6.0,-7.0,-8.0,-9.0,-10.0,-11.0,-11.583333333333458
0.0,-5.0,-6.0,-7.0,-8.0,-9.0,-10.0,-11.0,-11.597222222222348
0.0,-5.0,-6.0,-7.0,-8.0,-9.0,-10.0,-11.0,-11.611111111111237
0.0,-5.0,-6.0,-7.0,-8.0,-9.0,-10.0,-11.0,-11.625000000000126
0.0,-5.0,-6.0,-7.0,-8.0,-9.0,-10.0,-11.0,-11.638888888889015
0.0,-5.0,-6.0,-7.0,-8.0,-9.0,-10.0,-11.0,-11.652777777777905
0.0,-5.0,-6.0,-7.0,-8.0,-9.0,-10.0,-11.0,-11.666666666666794
0.0,-5.0,-6.0,-7.0,-8.0,-9.0,-10.0,-11.0,-11.680555555555683
0.0,-5.0,-6.0,-7.0,-8.0,-9.0,-10.0,-11.0,-11.694444444444573
0.0,-5.0,-6.0,-7.0,-8.0,-9.0,-10.0,-11.0,-11.708333333333462
0.0,-5.0,-6.0,-7.0,-8.0,-9.0,-10.0,-11.0,-11.722222222222351
0.0,-5.0,-6.0,-7.0,-8.0,-9.0,-10.0,-11.0,-11.73611111111124
0.0,-5.0,-6.0,-7.0,-8.0,-9.0,-10.0,-11.0,-11.75000000000013
0.0,-5.0,-6.0,-7.0,-8.0,-9.0,-10.0,-11.0,-11.763888888889019
0.0,-5.0,-6.0,-7.0,-8.0,-9.0,-10.0,-11.0,-11.777777777777908
0.0,-5.0,-6.0,-7.0,-8.0,-9.0,-10.0,-11.0,-11.791666666666798
0.0,-5.0,-6.0,-7.0,-8.0,-9.0,-10.0,-11.0,-11.805555555555687
0.0,-5.0,-6.0,-7.0,-8.0,-9.0,-10.0,-11.0,-11.819444444444576
0.0,-5.0,-6.0,-7.0,-8.0,-9.0,-10.0,-11.0,-11.833333333333465
0.0,-5.0,-6.0,-7.0,-8.0,-9.0,-10.0,-11.0,-11.847222222222355
0.0,-5.0,-6.0,-7.0,-8.0,-9.0,-10.0,-11.0,-11.861111111111244
0.0,-5.0,-6.0,-7.0,-8.0,-9.0,-10.0,-11.0,-11.875000000000133
0.0,-5.0,-6.0,-7.0,-8.0,-9.0,-10.0,-11.0,-11.888888888889023
0.0,-5.0,-6.0,-7.0,-8.0,-9.0,-10.0,-11.0,-11.902777777777912
0.0,-5.0,-6.0,-7.0,-8.0,-9.0,-10.0,-11.0,-11.916666666666801
0.0,-5.0,-6.0,-7.0,-8.0,-9.0,-10.0,-11.0,-11.93055555555569
0.0,-5.0,-6.0,-7.0,-8.0,-9.0,-10.0,-11.0,-11.94444444444458
0.0,-5.0,-6.0,-7.0,-8.0,-9.0,-10.0,-11.0,-11.958333333333469
0.0,-5.0,-6.0,-7.0,-8.0,-9.0,-10.0,-11.0,-11.972222222222358
0.0,-5.0,-6.0,-7.0,-8.0,-9.0,-10.0,-11.0,-11.986111111111247
0.0,-5.0,-6.0,-7.0,-8.0,-9.0,-10.0,-11.0,-12.0
0.0,-5.0,-6.0,-7.0,-8.0,-9.0,-10.0,-11.0,-12.0
0.0,-5.0,-6.0,-7.0,-8.0,-9.0,-10.0,-11.0,-12.0
0.0,-5.0,-6.0,-7.0,-8.0,-9.0,-10.0,-11.0,-12.0
0.0,-5.0,-6.0,-7.0,-8.0,-9.0,-10.0,-11.0,-12.0
0.0,-5.0,-6.0,-7.0,-8.0,-9.0,-10.0,-11.0,-12.0
0.0,-5.0,-6.0,-7.0,-8.0,-9.0,-10.0,-11.0,-12.0
0.0,-5.0,-6.0,-7.0,-8.0,-9.0,-10.0,-11.0,-12.0
0.0,-5.0,-6.0,-7.0,-8.0,-9.0,-10.0,-11.0,-12.0
0.0,-5.0,-6.0,-7.0,-8.0,-9.0,-10.0,-11.0,-12.0
0.0,-5.0,-6.0,-7.0,-8.0,-9.0,-10.0,-11.0,-12.0
0.0,-5.0,-6.0,-7.0,-8.0,-9.0,-10.0,-11.0,-12.0
0.0,-5.0,-6.0,-7.0,-8.0,-9.0,-10.0,-11.0,-12.0
0.0,-5.0,-6.0,-7.0,-8.0,-9.0,-10.0,-11.0,-12.0
0.0,-5.0,-6.0,-7.0,-8.0,-9.0,-10.0,-11.0,-12.0
0.0,-5.0,-6.0,-7.0,-8.0,-9.0,-10.0,-11.0,-12.0
0.0,-5.0,-6.0,-7.0,-8.0,-9.0,-10.0,-11.0,-12.0
0.0,-5.0,-6.0,-7.0,-8.0,-9.0,-10.0,-11.0,-12.0
0.0,-5.0,-6.0,-7.0,-8.0,-9.0,-10.0,-11.0,-12.0
0.0,-5.0,-6.0,-7.0,-8.0,-9.0,-10.0,-11.0,-12.0
0.0,-5.0,-6.0,-7.0,-8.0,-9.0,-10.0,-11.0,-12.0
0.0,-5.0,-6.0,-7.0,-8.0,-9.0,-10.0,-11.0,-12.0
0.0,-5.0,-6.0,-7.0,-8.0,-9.0,-10.0,-11.0,-12.0
0.0,-5.0,-6.0,-7.0,-8.0,-9.0,-10.0,-11.0,-12.0
0.0,-5.0,-6.0,-7.0,-8.0,-9.0,-10.0,-11.0,-12.0
0.0,-5.0,-6.0,-7.0,-8.0,-9.0,-10.0,-11.0,-12.0
0.0,-5.0,-6.0,-7.0,-8.0,-9.0,-10.0,-11.0,-12.0
0.0,-5.0,-6.0,-7.0,-8.0,-9.0,-10.0,-11.0,-12.0
0.0,-5.0,-6.0,-7.0,-8.0,-9.0,-10.0,-11.0,-12.0
0.0,-5.0,-6.0,-7.0,-8.0,-9.0,-10.0,-11.0,-12.0
0.0,-5.0,-6.0,-7.0,-8.0,-9.0,-10.0,-11.0,-12.0
0.0,-5.0,-6.0,-7.0,-8.0,-9.0,-10.0,-11.0,-12.0
0.0,-5.0,-6.0,-7.0,-8.0,-9.0,-10.0,-11.0,-12.0
0.0,-5.0,-6.0,-7.0,-8.0,-9.0,-10.0,-11.0,-12.0
0.0,-5.0,-6.0,-7.0,-8.0,-9.0,-10.0,-11.0,-12.0
0.0,-5.0,-6.0,-7.0,-8.0,-9.0,-10.0,-11.0,-12.0
0.0,-5.0,-6.0,-7.0,-8.0,-9.0,-10.0,-11.0,-12.0,-12.500000000000151
0.0,-5.0,-6.0,-7.0,-8.0,-9.0,-10.0,-11.0,-12.0,-12.51388888888904
0.0,-5.0,-6.0,-7.0,-8.0,-9.0,-10.0,-11.0,-12.0,-12.52777777777793
0.0,-5.0,-6.0,-7.0,-8.0,-9.0,-10.0,-11.0,-12.0,-12.541666666666819
0.0,-5.0,-6.0,-7.0,-8.0,-9.0,-10.0,-11.0,-12.0,-12.555555555555708
0.0,-5.0,-6.0,-7.0,-8.0,-9.0,-10.0,-11.0,-12.0,-12.569444444444597
0.0,-5.0,-6.0,-7.0,-8.0,-9.0,-10.0,-11.0,-12.0,-12.583333333333487
0.0,-5.0,-6.0,-7.0,-8.0,-9.0,-10.0,-11.0,-12.0,-12.597222222222376
0.0,-5.0,-6.0,-7.0,-8.0,-9.0,-10.0,-11.0,-12.0,-12.611111111111265
0.0,-5.0,-6.0,-7.0,-8.0,-9.0,-10.0,-11.0,-12.0,-12.625000000000155
0.0,-5.0,-6.0,-7.0,-8.0,-9.0,-10.0,-11.0,-12.0,-12.638888888889044
0.0,-5.0,-6.0,-7.0,-8.0,-9.0,-10.0,-11.0,-12.0,-12.652777777777933
0.0,-5.0,-6.0,-7.0,-8.0,-9.0,-10.0,-11.0,-12.0,-12.666666666666822
0.0,-5.0,-6.0,-7.0,-8.0,-9.0,-10.0,-11.0,-12.0,-12.680555555555712
0.0,-5.0,-6.0,-7.0,-8.0,-9.0,-10.0,-11.0,-12.0,-12.694444444444601
0.0,-5.0,-6.0,-7.0,-8.0,-9.0,-10.0,-11.0,-12.0,-12.70833333333349
0.0,-5.0,-6.0,-7.0,-8.0,-9.0,-10.0,-11.0,-12.0,-12.72222222222238
0.0,-5.0,-6.0,-7.0,-8.0,-9.0,-10.0,-11.0,-12.0,-12.736111111111269
0.0,-5.0,-6.0,-7.0,-8.0,-9.0,-10.0,-11.0,-12.0,-12.750000000000158
0.0,-5.0,-6.0,-7.0,-8.0,-9.0,-10.0,-11.0,-12.0,-12.763888888889047
0.0,-5.0,-6.0,-7.0,-8.0,-9.0,-10.0,-11.0,-12.0,-12.777777777777937
0.0,-5.0,-6.0,-7.0,-8.0,-9.0,-10.0,-11.0,-12.0,-12.791666666666826
0.0,-5.0,-6.0,-7.0,-8.0,-9.0,-10.0,-11.0,-12.0,-12.805555555555715
0.0,-5.0,-6.0,-7.0,-8.0,-9.0,-10.0,-11.0,-12.0,-12.819444444444605
0.0,-5.0,-6.0,-7.0,-8.0,-9.0,-10.0,-11.0,-12.0,-12.833333333333494
0.0,-5.0,-6.0,-7.0,-8.0,-9.0,-10.0,-11.0,-12.0,-12.847222222222383
0.0,-5.0,-6.0,-7.0,-8.0,-9.0,-10.0,-11.0,-12.0,-12.861111111111272
0.0,-5.0,-6.0,-7.0,-8.0,-9.0,-10.0,-11.0,-12.0,-12.875000000000162
0.0,-5.0,-6.0,-7.0,-8.0,-9.0,-10.0,-11.0,-12.0,-12.888888888889051
0.0,-5.0,-6.0,-7.0,-8.0,-9.0,-10.0,-11.0,-12.0,-12.90277777777794
0.0,-5.0,-6.0,-7.0,-8.0,-9.0,-10.0,-11.0,-12.0,-12.91666666666683
0.0,-5.0,-6.0,-7.0,-8.0,-9.0,-10.0,-11.0,-12.0,-12.930555555555719
0.0,-5.0,-6.0,-7.0,-8.0,-9.0,-10.0,-11.0,-12.0,-12.944444444444608
0.0,-5.0,-6.0,-7.0,-8.0,-9.0,-10.0,-11.0,-12.0,-12.958333333333497
0.0,-5.0,-6.0,-7.0,-8.0,-9.0,-10.0,-11.0,-12.0,-12.972222222222387
0.0,-5.0,-6.0,-7.0,-8.0,-9.0,-10.0,-11.0,-12.0,-12.986111111111276
0.0,-5.0,-6.0,-7.0,-8.0,-9.0,-10.0,-11.0,-12.0,-13.0
0.0,-5.0,-6.0,-7.0,-8.0,-9.0,-10.0,-11.0,-12.0,-13.0
0.0,-5.0,-6.0,-7.0,-8.0,-9.0,-10.0,-11.0,-12.0,-13.0
0.0,-5.0,-6.0,-7.0,-8.0,-9.0,-10.0,-11.0,-12.0,-13.0
0.0,-5.0,-6.0,-7.0,-8.0,-9.0,-10.0,-11.0,-12.0,-13.0
0.0,-5.0,-6.0,-7.0,-8.0,-9.0,-10.0,-11.0,-12.0,-13.0
0.0,-5.0,-6.0,-7.0,-8.0,-9.0,-10.0,-11.0,-12.0,-13.0
0.0,-5.0,-6.0,-7.0,-8.0,-9.0,-10.0,-11.0,-12.0,-13.0
0.0,-5.0,-6.0,-7.0,-8.0,-9.0,-10.0,-11.0,-12.0,-13.0
0.0,-5.0,-6.0,-7.0,-8.0,-9.0,-10.0,-11.0,-12.0,-13.0
0.0,-5.0,-6.0,-7.0,-8.0,-9.0,-10.0,-11.0,-12.0,-13.0
0.0,-5.0,-6.0,-7.0,-8.0,-9.0,-10.0,-11.0,-12.0,-13.0
0.0,-5.0,-6.0,-7.0,-8.0,-9.0,-10.0,-11.0,-12.0,-13.0
0.0,-5.0,-6.0,-7.0,-8.0,-9.0,-10.0,-11.0,-12.0,-13.0
0.0,-5.0,-6.0,-7.0,-8.0,-9.0,-10.0,-11.0,-12.0,-13.0
0.0,-5.0,-6.0,-7.0,-8.0,-9.0,-10.0,-11.0,-12.0,-13.0
0.0,-5.0,-6.0,-7.0,-8.0,-9.0,-10.0,-11.0,-12.0,-13.0
0.0,-5.0,-6.0,-7.0,-8.0,-9.0,-10.0,-11.0,-12.0,-13.0
0.0,-5.0,-6.0,-7.0,-8.0,-9.0,-10.0,-11.0,-12.0,-13.0
0.0,-5.0,-6.0,-7.0,-8.0,-9.0,-10.0,-11.0,-12.0,-13.0
0.0,-5.0,-6.0,-7.0,-8.0,-9.0,-10.0,-11.0,-12.0,-13.0
0.0,-5.0,-6.0,-7.0,-8.0,-9.0,-10.0,-11.0,-12.0,-13.0
0.0,-5.0,-6.0,-7.0,-8.0,-9.0,-10.0,-11.0,-12.0,-13.0
0.0,-5.0,-6.0,-7.0,-8.0,-9.0,-10.0,-11.0,-12.0,-13.0
0.0,-5.0,-6.0,-7.0,-8.0,-9.0,-10.0,-11.0,-12.0,-13.0
0.0,-5.0,-6.0,-7.0,-8.0,-9.0,-10.0,-11.0,-12.0,-13.0
0.0,-5.0,-6.0,-7.0,-8.0,-9.0,-10.0,-11.0,-12.0,-13.0
0.0,-5.0,-6.0,-7.0,-8.0,-9.0,-10.0,-11.0,-12.0,-13.0
0.0,-5.0,-6.0,-7.0,-8.0,-9.0,-10.0,-11.0,-12.0,-13.0
0.0,-5.0,-6.0,-7.0,-8.0,-9.0,-10.0,-11.0,-12.0,-13.0
0.0,-5.0,-6.0,-7.0,-8.0,-9.0,-10.0,-11.0,-12.0,-13.0
0.0,-5.0,-6.0,-7.0,-8.0,-9.0,-10.0,-11.0,-12.0,-13.0
0.0,-5.0,-6.0,-7.0,-8.0,-9.0,-10.0,-11.0,-12.0,-13.0
0.0,-5.0,-6.0,-7.0,-8.0,-9.0,-10.0,-11.0,-12.0,-13.0
0.0,-5.0,-6.0,-7.0,-8.0,-9.0,-10.0,-11.0,-12.0,-13.0
0.0,-5.0,-6.0,-7.0,-8.0,-9.0,-10.0,-11.0,-12.0,-13.0
0.0,-5.0,-6.0,-7.0,-8.0,-9.0,-10.0,-11.0,-12.0,-13.0,-13.50000000000018
0.0,-5.0,-6.0,-7.0,-8.0,-9.0,-10.0,-11.0,-12.0,-13.0,-13.513888888889069
0.0,-5.0,-6.0,-7.0,-8.0,-9.0,-10.0,-11.0,-12.0,-13.0,-13.527777777777958
0.0,-5.0,-6.0,-7.0,-8.0,-9.0,-10.0,-11.0,-12.0,-13.0,-13.541666666666847
0.0,-5.0,-6.0,-7.0,-8.0,-9.0,-10.0,-11.0,-12.0,-13.0,-13.555555555555737
0.0,-5.0,-6.0,-7.0,-8.0,-9.0,-10.0,-11.0,-12.0,-13.0,-13.569444444444626
0.0,-5.0,-6.0,-7.0,-8.0,-9.0,-10.0,-11.0,-12.0,-13.0,-13.583333333333515
0.0,-5.0,-6.0,-7.0,-8.0,-9.0,-10.0,-11.0,-12.0,-13.0,-13.597222222222404
0.0,-5.0,-6.0,-7.0,-8.0,-9.0,-10.0,-11.0,-12.0,-13.0,-13.611111111111294
0.0,-5.0,-6.0,-7.0,-8.0,-9.0,-10.0,-11.0,-12.0,-13.0,-13.625000000000183
0.0,-5.0,-6.0,-7.0,-8.0,-9.0,-10.0,-11.0,-12.0,-13.0,-13.638888888889072
0.0,-5.0,-6.0,-7.0,-8.0,-9.0,-10.0,-11.0,-12.0,-13.0,-13.652777777777962
0.0,-5.0,-6.0,-7.0,-8.0,-9.0,-10.0,-11.0,-12.0,-13.0,-13.66666666666685
0.0,-5.0,-6.0,-7.0,-8.0,-9.0,-10.0,-11.0,-12.0,-13.0,-13.68055555555574
0.0,-5.0,-6.0,-7.0,-8.0,-9.0,-10.0,-11.0,-12.0,-13.0,-13.69444444444463
0.0,-5.0,-6.0,-7.0,-8.0,-9.0,-10.0,-11.0,-12.0,-13.0,-13.708333333333519
0.0,-5.0,-6.0,-7.0,-8.0,-9.0,-10.0,-11.0,-12.0,-13.0,-13.722222222222408
0.0,-5.0,-6.0,-7.0,-8.0,-9.0,-10.0,-11.0,-12.0,-13.0,-13.736111111111297
0.0,-5.0,-6.0,-7.0,-8.0,-9.0,-10.0,-11.0,-12.0,-13.0,-13.750000000000187
0.0,-5.0,-6.0,-7.0,-8.0,-9.0,-10.0,-11.0,-12.0,-13.0,-13.763888888889076
0.0,-5.0,-6.0,-7.0,-8.0,-9.0,-10.0,-11.0,-12.0,-13.0,-13.777777777777965
0.0,-5.0,-6.0,-7.0,-8.0,-9.0,-10.0,-11.0,-12.0,-13.0,-13.791666666666854
0.0,-5.0,-6.0,-7.0,-8.0,-9.0,-10.0,-11.0,-12.0,-13.0,-13.805555555555744
0.0,-5.0,-6.0,-7.0,-8.0,-9.0,-10.0,-11.0,-12.0,-13.0,-13.819444444444633
0.0,-5.0,-6.0,-7.0,-8.0,-9.0,-10.0,-11.0,-12.0,-13.0,-13.833333333333522
0.0,-5.0,-6.0,-7.0,-8.0,-9.0,-10.0,-11.0,-12.0,-13.0,-13.847222222222412
0.0,-5.0,-6.0,-7.0,-8.0,-9.0,-10.0,-11.0,-12.0,-13.0,-13.8611111111113
0.0,-5.0,-6.0,-7.0,-8.0,-9.0,-10.0,-11.0,-12.0,-13.0,-13.87500000000019
0.0,-5.0,-6.0,-7.0,-8.0,-9.0,-10.0,-11.0,-12.0,-13.0,-13.88888888888908
0.0,-5.0,-6.0,-7.0,-8.0,-9.0,-10.0,-11.0,-12.0,-13.0,-13.902777777777969
0.0,-5.0,-6.0,-7.0,-8.0,-9.0,-10.0,-11.0,-12.0,-13.0,-13.916666666666858
0.0,-5.0,-6.0,-7.0,-8.0,-9.0,-10.0,-11.0,-12.0,-13.0,-13.930555555555747
0.0,-5.0,-6.0,-7.0,-8.0,-9.0,-10.0,-11.0,-12.0,-13.0,-13.944444444444636
0.0,-5.0,-6.0,-7.0,-8.0,-9.0,-10.0,-11.0,-12.0,-13.0,-13.958333333333526
0.0,-5.0,-6.0,-7.0,-8.0,-9.0,-10.0,-11.0,-12.0,-13.0,-13.972222222222415
0.0,-5.0,-6.0,-7.0,-8.0,-9.0,-10.0,-11.0,-12.0,-13.0,-13.986111111111304
0.0,-5.0,-6.0,-7.0,-8.0,-9.0,-10.0,-11.0,-12.0,-13.0,-14.0
0.0,-5.0,-6.0,-7.0,-8.0,-9.0,-10.0,-11.0,-12.0,-13.0,-14.0
0.0,-5.0,-6.0,-7.0,-8.0,-9.0,-10.0,-11.0,-12.0,-13.0,-14.0
0.0,-5.0,-6.0,-7.0,-8.0,-9.0,-10.0,-11.0,-12.0,-13.0,-14.0
0.0,-5.0,-6.0,-7.0,-8.0,-9.0,-10.0,-11.0,-12.0,-13.0,-14.0
0.0,-5.0,-6.0,-7.0,-8.0,-9.0,-10.0,-11.0,-12.0,-13.0,-14.0
0.0,-5.0,-6.0,-7.0,-8.0,-9.0,-10.0,-11.0,-12.0,-13.0,-14.0
0.0,-5.0,-6.0,-7.0,-8.0,-9.0,-10.0,-11.0,-12.0,-13.0,-14.0
0.0,-5.0,-6.0,-7.0,-8.0,-9.0,-10.0,-11.0,-12.0,-13.0,-14.0
0.0,-5.0,-6.0,-7.0,-8.0,-9.0,-10.0,-11.0,-12.0,-13.0,-14.0
0.0,-5.0,-6.0,-7.0,-8.0,-9.0,-10.0,-11.0,-12.0,-13.0,-14.0
0.0,-5.0,-6.0,-7.0,-8.0,-9.0,-10.0,-11.0,-12.0,-13.0,-14.0
0.0,-5.0,-6.0,-7.0,-8.0,-9.0,-10.0,-11.0,-12.0,-13.0,-14.0
0.0,-5.0,-6.0,-7.0,-8.0,-9.0,-10.0,-11.0,-12.0,-13.0,-14.0
0.0,-5.0,-6.0,-7.0,-8.0,-9.0,-10.0,-11.0,-12.0,-13.0,-14.0
0.0,-5.0,-6.0,-7.0,-8.0,-9.0,-10.0,-11.0,-12.0,-13.0,-14.0
0.0,-5.0,-6.0,-7.0,-8.0,-9.0,-10.0,-11.0,-12.0,-13.0,-14.0
0.0,-5.0,-6.0,-7.0,-8.0,-9.0,-10.0,-11.0,-12.0,-13.0,-14.0
0.0,-5.0,-6.0,-7.0,-8.0,-9.0,-10.0,-11.0,-12.0,-13.0,-14.0
0.0,-5.0,-6.0,-7.0,-8.0,-9.0,-10.0,-11.0,-12.0,-13.0,-14.0
0.0,-5.0,-6.0,-7.0,-8.0,-9.0,-10.0,-11.0,-12.0,-13.0,-14.0
0.0,-5.0,-6.0,-7.0,-8.0,-9.0,-10.0,-11.0,-12.0,-13.0,-14.0
0.0,-5.0,-6.0,-7.0,-8.0,-9.0,-10.0,-11.0,-12.0,-13.0,-14.0
0.0,-5.0,-6.0,-7.0,-8.0,-9.0,-10.0,-11.0,-12.0,-13.0,-14.0
0.0,-5.0,-6.0,-7.0,-8.0,-9.0,-10.0,-11.0,-12.0,-13.0,-14.0
0.0,-5.0,-6.0,-7.0,-8.0,-9.0,-10.0,-11.0,-12.0,-13.0,-14.0
0.0,-5.0,-6.0,-7.0,-8.0,-9.0,-10.0,-11.0,-12.0,-13.0,-14.0
0.0,-5.0,-6.0,-7.0,-8.0,-9.0,-10.0,-11.0,-12.0,-13.0,-14.0
0.0,-5.0,-6.0,-7.0,-8.0,-9.0,-10.0,-11.0,-12.0,-13.0,-14.0
0.0,-5.0,-6.0,-7.0,-8.0,-9.0,-10.0,-11.0,-12.0,-13.0,-14.0
0.0,-5.0,-6.0,-7.0,-8.0,-9.0,-10.0,-11.0,-12.0,-13.0,-14.0
0.0,-5.0,-6.0,-7.0,-8.0,-9.0,-10.0,-11.0,-12.0,-13.0,-14.0
0.0,-5.0,-6.0,-7.0,-8.0,-9.0,-10.0,-11.0,-12.0,-13.0,-14.0
0.0,-5.0,-6.0,-7.0,-8.0,-9.0,-10.0,-11.0,-12.0,-13.0,-14.0
0.0,-5.0,-6.0,-7.0,-8.0,-9.0,-10.0,-11.0,-12.0,-13.0,-14.0
0.0,-5.0,-6.0,-7.0,-8.0,-9.0,-10.0,-11.0,-12.0,-13.0,-14.0
0.0,-5.0,-6.0,-7.0,-8.0,-9.0,-10.0,-11.0,-12.0,-13.0,-14.0,-14.500000000000208
0.0,-5.0,-6.0,-7.0,-8.0,-9.0,-10.0,-11.0,-12.0,-13.0,-14.0,-14.513888888889097
0.0,-5.0,-6.0,-7.0,-8.0,-9.0,-10.0,-11.0,-12.0,-13.0,-14.0,-14.527777777777986
0.0,-5.0,-6.0,-7.0,-8.0,-9.0,-10.0,-11.0,-12.0,-13.0,-14.0,-14.541666666666876
0.0,-5.0,-6.0,-7.0,-8.0,-9.0,-10.0,-11.0,-12.0,-13.0,-14.0,-14.555555555555765
0.0,-5.0,-6.0,-7.0,-8.0,-9.0,-10.0,-11.0,-12.0,-13.0,-14.0,-14.569444444444654
0.0,-5.0,-6.0,-7.0,-8.0,-9.0,-10.0,-11.0,-12.0,-13.0,-14.0,-14.583333333333544
0.0,-5.0,-6.0,-7.0,-8.0,-9.0,-10.0,-11.0,-12.0,-13.0,-14.0,-14.597222222222433
0.0,-5.0,-6.0,-7.0,-8.0,-9.0,-10.0,-11.0,-12.0,-13.0,-14.0,-14.611111111111322
0.0,-5.0,-6.0,-7.0,-8.0,-9.0,-10.0,-11.0,-12.0,-13.0,-14.0,-14.625000000000211
0.0,-5.0,-6.0,-7.0,-8.0,-9.0,-10.0,-11.0,-12.0,-13.0,-14.0,-14.6388888888891
0.0,-5.0,-6.0,-7.0,-8.0,-9.0,-10.0,-11.0,-12.0,-13.0,-14.0,-14.65277777777799
0.0,-5.0,-6.0,-7.0,-8.0,-9.0,-10.0,-11.0,-12.0,-13.0,-14.0,-14.66666666666688
0.0,-5.0,-6.0,-7.0,-8.0,-9.0,-10.0,-11.0,-12.0,-13.0,-14.0,-14.680555555555769
0.0,-5.0,-6.0,-7.0,-8.0,-9.0,-10.0,-11.0,-12.0,-13.0,-14.0,-14.694444444444658
0.0,-5.0,-6.0,-7.0,-8.0,-9.0,-10.0,-11.0,-12.0,-13.0,-14.0,-14.708333333333547
0.0,-5.0,-6.0,-7.0,-8.0,-9.0,-10.0,-11.0,-12.0,-13.0,-14.0,-14.722222222222436
0.0,-5.0,-6.0,-7.0,-8.0,-9.0,-10.0,-11.0,-12.0,-13.0,-14.0,-14.736111111111326
0.0,-5.0,-6.0,-7.0,-8.0,-9.0,-10.0,-11.0,-12.0,-13.0,-14.0,-14.750000000000215
0.0,-5.0,-6.0,-7.0,-8.0,-9.0,-10.0,-11.0,-12.0,-13.0,-14.0,-14.763888888889104
0.0,-5.0,-6.0,-7.0,-8.0,-9.0,-10.0,-11.0,-12.0,-13.0,-14.0,-14.777777777777994
0.0,-5.0,-6.0,-7.0,-8.0,-9.0,-10.0,-11.0,-12.0,-13.0,-14.0,-14.791666666666883
0.0,-5.0,-6.0,-7.0,-8.0,-9.0,-10.0,-11.0,-12.0,-13.0,-14.0,-14.805555555555772
0.0,-5.0,-6.0,-7.0,-8.0,-9.0,-10.0,-11.0,-12.0,-13.0,-14.0,-14.819444444444661
0.0,-5.0,-6.0,-7.0,-8.0,-9.0,-10.0,-11.0,-12.0,-13.0,-14.0,-14.83333333333355
0.0,-5.0,-6.0,-7.0,-8.0,-9.0,-10.0,-11.0,-12.0,-13.0,-14.0,-14.84722222222244
0.0,-5.0,-6.0,-7.0,-8.0,-9.0,-10.0,-11.0,-12.0,-13.0,-14.0,-14.86111111111133
0.0,-5.0,-6.0,-7.0,-8.0,-9.0,-10.0,-11.0,-12.0,-13.0,-14.0,-14.875000000000218
0.0,-5.0,-6.0,-7.0,-8.0,-9.0,-10.0,-11.0,-12.0,-13.0,-14.0,-14.888888888889108
0.0,-5.0,-6.0,-7.0,-8.0,-9.0,-10.0,-11.0,-12.0,-13.0,-14.0,-14.902777777777997
0.0,-5.0,-6.0,-7.0,-8.0,-9.0,-10.0,-11.0,-12.0,-13.0,-14.0,-14.916666666666886
0.0,-5.0,-6.0,-7.0,-8.0,-9.0,-10.0,-11.0,-12.0,-13.0,-14.0,-14.930555555555776
0.0,-5.0,-6.0,-7.0,-8.0,-9.0,-10.0,-11.0,-12.0,-13.0,-14.0,-14.944444444444665
0.0,-5.0,-6.0,-7.0,-8.0,-9.0,-10.0,-11.0,-12.0,-13.0,-14.0,-14.958333333333554
0.0,-5.0,-6.0,-7.0,-8.0,-9.0,-10.0,-11.0,-12.0,-13.0,-14.0,-14.972222222222443
0.0,-5.0,-6.0,-7.0,-8.0,-9.0,-10.0,-11.0,-12.0,-13.0,-14.0,-14.986111111111333
0.0,-5.0,-6.0,-7.0,-8.0,-9.0,-10.0,-11.0,-12.0,-13.0,-14.0,-15.0
0.0,-5.0,-6.0,-7.0,-8.0,-9.0,-10.0,-11.0,-12.0,-13.0,-14.0,-15.0
0.0,-5.0,-6.0,-7.0,-8.0,-9.0,-10.0,-11.0,-12.0,-13.0,-14.0,-15.0
0.0,-5.0,-6.0,-7.0,-8.0,-9.0,-10.0,-11.0,-12.0,-13.0,-14.0,-15.0
0.0,-5.0,-6.0,-7.0,-8.0,-9.0,-10.0,-11.0,-12.0,-13.0,-14.0,-15.0
0.0,-5.0,-6.0,-7.0,-8.0,-9.0,-10.0,-11.0,-12.0,-13.0,-14.0,-15.0
0.0,-5.0,-6.0,-7.0,-8.0,-9.0,-10.0,-11.0,-12.0,-13.0,-14.0,-15.0
0.0,-5.0,-6.0,-7.0,-8.0,-9.0,-10.0,-11.0,-12.0,-13.0,-14.0,-15.0
0.0,-5.0,-6.0,-7.0,-8.0,-9.0,-10.0,-11.0,-12.0,-13.0,-14.0,-15.0
0.0,-5.0,-6.0,-7.0,-8.0,-9.0,-10.0,-11.0,-12.0,-13.0,-14.0,-15.0
0.0,-5.0,-6.0,-7.0,-8.0,-9.0,-10.0,-11.0,-12.0,-13.0,-14.0,-15.0
0.0,-5.0,-6.0,-7.0,-8.0,-9.0,-10.0,-11.0,-12.0,-13.0,-14.0,-15.0
0.0,-5.0,-6.0,-7.0,-8.0,-9.0,-10.0,-11.0,-12.0,-13.0,-14.0,-15.0
0.0,-5.0,-6.0,-7.0,-8.0,-9.0,-10.0,-11.0,-12.0,-13.0,-14.0,-15.0
0.0,-5.0,-6.0,-7.0,-8.0,-9.0,-10.0,-11.0,-12.0,-13.0,-14.0,-15.0
0.0,-5.0,-6.0,-7.0,-8.0,-9.0,-10.0,-11.0,-12.0,-13.0,-14.0,-15.0
0.0,-5.0,-6.0,-7.0,-8.0,-9.0,-10.0,-11.0,-12.0,-13.0,-14.0,-15.0
0.0,-5.0,-6.0,-7.0,-8.0,-9.0,-10.0,-11.0,-12.0,-13.0,-14.0,-15.0
0.0,-5.0,-6.0,-7.0,-8.0,-9.0,-10.0,-11.0,-12.0,-13.0,-14.0,-15.0
0.0,-5.0,-6.0,-7.0,-8.0,-9.0,-10.0,-11.0,-12.0,-13.0,-14.0,-15.0
0.0,-5.0,-6.0,-7.0,-8.0,-9.0,-10.0,-11.0,-12.0,-13.0,-14.0,-15.0
0.0,-5.0,-6.0,-7.0,-8.0,-9.0,-10.0,-11.0,-12.0,-13.0,-14.0,-15.0
0.0,-5.0,-6.0,-7.0,-8.0,-9.0,-10.0,-11.0,-12.0,-13.0,-14.0,-15.0
0.0,-5.0,-6.0,-7.0,-8.0,-9.0,-10.0,-11.0,-12.0,-13.0,-14.0,-15.0
0.0,-5.0,-6.0,-7.0,-8.0,-9.0,-10.0,-11.0,-12.0,-13.0,-14.0,-15.0
0.0,-5.0,-6.0,-7.0,-8.0,-9.0,-10.0,-11.0,-12.0,-13.0,-14.0,-15.0
0.0,-5.0,-6.0,-7.0,-8.0,-9.0,-10.0,-11.0,-12.0,-13.0,-14.0,-15.0
0.0,-5.0,-6.0,-7.0,-8.0,-9.0,-10.0,-11.0,-12.0,-13.0,-14.0,-15.0
0.0,-5.0,-6.0,-7.0,-8.0,-9.0,-10.0,-11.0,-12.0,-13.0,-14.0,-15.0
0.0,-5.0,-6.0,-7.0,-8.0,-9.0,-10.0,-11.0,-12.0,-13.0,-14.0,-15.0
0.0,-5.0,-6.0,-7.0,-8.0,-9.0,-10.0,-11.0,-12.0,-13.0,-14.0,-15.0
0.0,-5.0,-6.0,-7.0,-8.0,-9.0,-10.0,-11.0,-12.0,-13.0,-14.0,-15.0
0.0,-5.0,-6.0,-7.0,-8.0,-9.0,-10.0,-11.0,-12.0,-13.0,-14.0,-15.0
0.0,-5.0,-6.0,-7.0,-8.0,-9.0,-10.0,-11.0,-12.0,-13.0,-14.0,-15.0
0.0,-5.0,-6.0,-7.0,-8.0,-9.0,-10.0,-11.0,-12.0,-13.0,-14.0,-15.0
0.0,-5.0,-6.0,-7.0,-8.0,-9.0,-10.0,-11.0,-12.0,-13.0,-14.0,-15.0
0.0,-5.0,-6.0,-7.0,-8.0,-9.0,-10.0,-11.0,-12.0,-13.0,-14.0,-15.0
0.0,-5.0,-6.0,-7.0,-8.0,-9.0,-10.0,-11.0,-12.0,-13.0,-14.0,-15.0
0.0,-5.0,-6.0,-7.0,-8.0,-9.0,-10.0,-11.0,-12.0,-13.0,-14.0,-15.0
0.0,-5.0,-6.0,-7.0,-8.0,-9.0,-10.0,-11.0,-12.0,-13.0,-14.0,-15.0
0.0,-5.0,-6.0,-7.0,-8.0,-9.0,-10.0,-11.0,-12.0,-13.0,-14.0,-15.0
0.0,-5.0,-6.0,-7.0,-8.0,-9.0,-10.0,-11.0,-12.0,-13.0,-14.0,-15.0
0.0,-5.0,-6.0,-7.0,-8.0,-9.0,-10.0,-11.0,-12.0,-13.0,-14.0,-15.0
0.0,-5.0,-6.0,-7.0,-8.0,-9.0,-10.0,-11.0,-12.0,-13.0,-14.0,-15.0
0.0,-5.0,-6.0,-7.0,-8.0,-9.0,-10.0,-11.0,-12.0,-13.0,-14.0,-15.0
0.0,-5.0,-6.0,-7.0,-8.0,-9.0,-10.0,-11.0,-12.0,-13.0,-14.0,-15.0
0.0,-5.0,-6.0,-7.0,-8.0,-9.0,-10.0,-11.0,-12.0,-13.0,-14.0,-15.0
0.0,-5.0,-6.0,-7.0,-8.0,-9.0,-10.0,-11.0,-12.0,-13.0,-14.0,-15.0
0.0,-5.0,-6.0,-7.0,-8.0,-9.0,-10.0,-11.0,-12.0,-13.0,-14.0,-15.0
0.0,-5.0,-6.0,-7.0,-8.0,-9.0,-10.0,-11.0,-12.0,-13.0,-14.0,-15.0
0.0,-5.0,-6.0,-7.0,-8.0,-9.0,-10.0,-11.0,-12.0,-13.0,-14.0,-15.0
0.0,-5.0,-6.0,-7.0,-8.0,-9.0,-10.0,-11.0,-12.0,-13.0,-14.0,-15.0
0.0,-5.0,-6.0,-7.0,-8.0,-9.0,-10.0,-11.0,-12.0,-13.0,-14.0,-15.0
0.0,-5.0,-6.0,-7.0,-8.0,-9.0,-10.0,-11.0,-12.0,-13.0,-14.0,-15.0
0.0,-5.0,-6.0,-7.0,-8.0,-9.0,-10.0,-11.0,-12.0,-13.0,-14.0,-15.0
0.0,-5.0,-6.0,-7.0,-8.0,-9.0,-10.0,-11.0,-12.0,-13.0,-14.0,-15.0
0.0,-5.0,-6.0,-7.0,-8.0,-9.0,-10.0,-11.0,-12.0,-13.0,-14.0,-15.0
0.0,-5.0,-6.0,-7.0,-8.0,-9.0,-10.0,-11.0,-12.0,-13.0,-14.0,-15.0
0.0,-5.0,-6.0,-7.0,-8.0,-9.0,-10.0,-11.0,-12.0,-13.0,-14.0,-15.0
0.0,-5.0,-6.0,-7.0,-8.0,-9.0,-10.0,-11.0,-12.0,-13.0,-14.0,-15.0
0.0,-5.0,-6.0,-7.0,-8.0,-9.0,-10.0,-11.0,-12.0,-13.0,-14.0,-15.0
0.0,-5.0,-6.0,-7.0,-8.0,-9.0,-10.0,-11.0,-12.0,-13.0,-14.0,-15.0
0.0,-5.0,-6.0,-7.0,-8.0,-9.0,-10.0,-11.0,-12.0,-13.0,-14.0,-15.0
0.0,-5.0,-6.0,-7.0,-8.0,-9.0,-10.0,-11.0,-12.0,-13.0,-14.0,-15.0
0.0,-5.0,-6.0,-7.0,-8.0,-9.0,-10.0,-11.0,-12.0,-13.0,-14.0,-15.0
0.0,-5.0,-6.0,-7.0,-8.0,-9.0,-10.0,-11.0,-12.0,-13.0,-14.0,-15.0
0.0,-5.0,-6.0,-7.0,-8.0,-9.0,-10.0,-11.0,-12.0,-13.0,-14.0,-15.0
0.0,-5.0,-6.0,-7.0,-8.0,-9.0,-10.0,-11.0,-12.0,-13.0,-14.0,-15.0
0.0,-5.0,-6.0,-7.0,-8.0,-9.0,-10.0,-11.0,-12.0,-13.0,-14.0,-15.0
0.0,-5.0,-6.0,-7.0,-8.0,-9.0,-10.0,-11.0,-12.0,-13.0,-14.0,-15.0
0.0,-5.0,-6.0,-7.0,-8.0,-9.0,-10.0,-11.0,-12.0,-13.0,-14.0,-15.0
0.0,-5.0,-6.0,-7.0,-8.0,-9.0,-10.0,-11.0,-12.0,-13.0,-14.0,-15.0
0.0,-5.0,-6.0,-7.0,-8.0,-9.0,-10.0,-11.0,-12.0,-13.0,-14.0,-15.0
0.0,-5.0,-6.0,-7.0,-8.0,-9.0,-10.0,-11.0,-12.0,-13.0,-14.0,-15.0
0.0,-5.0,-6.0,-7.0,-8.0,-9.0,-10.0,-11.0,-12.0,-13.0,-14.0,-15.0
0.0,-5.0,-6.0,-7.0,-8.0,-9.0,-10.0,-11.0,-12.0,-13.0,-14.0,-15.0
0.0,-5.0,-6.0,-7.0,-8.0,-9.0,-10.0,-11.0,-12.0,-13.0,-14.0,-15.0
0.0,-5.0,-6.0,-7.0,-8.0,-9.0,-10.0,-11.0,-12.0,-13.0,-14.0,-15.0
0.0,-5.0,-6.0,-7.0,-8.0,-9.0,-10.0,-11.0,-12.0,-13.0,-14.0,-15.0
0.0,-5.0,-6.0,-7.0,-8.0,-9.0,-10.0,-11.0,-12.0,-13.0,-14.0,-15.0
0.0,-5.0,-6.0,-7.0,-8.0,-9.0,-10.0,-11.0,-12.0,-13.0,-14.0,-15.0
0.0,-5.0,-6.0,-7.0,-8.0,-9.0,-10.0,-11.0,-12.0,-13.0,-14.0,-15.0
0.0,-5.0,-6.0,-7.0,-8.0,-9.0,-10.0,-11.0,-12.0,-13.0,-14.0,-15.0
0.0,-5.0,-6.0,-7.0,-8.0,-9.0,-10.0,-11.0,-12.0,-13.0,-14.0,-15.0
0.0,-5.0,-6.0,-7.0,-8.0,-9.0,-10.0,-11.0,-12.0,-13.0,-14.0,-15.0
0.0,-5.0,-6.0,-7.0,-8.0,-9.0,-10.0,-11.0,-12.0,-13.0,-14.0,-15.0
0.0,-5.0,-6.0,-7.0,-8.0,-9.0,-10.0,-11.0,-12.0,-13.0,-14.0,-15.0
0.0,-5.0,-6.0,-7.0,-8.0,-9.0,-10.0,-11.0,-12.0,-13.0,-14.0,-15.0
0.0,-5.0,-6.0,-7.0,-8.0,-9.0,-10.0,-11.0,-12.0,-13.0,-14.0,-15.0
0.0,-5.0,-6.0,-7.0,-8.0,-9.0,-10.0,-11.0,-12.0,-13.0,-14.0,-15.0
0.0,-5.0,-6.0,-7.0,-8.0,-9.0,-10.0,-11.0,-12.0,-13.0,-14.0,-15.0
0.0,-5.0,-6.0,-7.0,-8.0,-9.0,-10.0,-11.0,-12.0,-13.0,-14.0,-15.0
0.0,-5.0,-6.0,-7.0,-8.0,-9.0,-10.0,-11.0,-12.0,-13.0,-14.0,-15.0
0.0,-5.0,-6.0,-7.0,-8.0,-9.0,-10.0,-11.0,-12.0,-13.0,-14.0,-15.0
0.0,-5.0,-6.0,-7.0,-8.0,-9.0,-10.0,-11.0,-12.0,-13.0,-14.0,-15.0
0.0,-5.0,-6.0,-7.0,-8.0,-9.0,-10.0,-11.0,-12.0,-13.0,-14.0,-15.0
0.0,-5.0,-6.0,-7.0,-8.0,-9.0,-10.0,-11.0,-12.0,-13.0,-14.0,-15.0
0.0,-5.0,-6.0,-7.0,-8.0,-9.0,-10.0,-11.0,-12.0,-13.0,-14.0,-15.0
0.0,-5.0,-6.0,-7.0,-8.0,-9.0,-10.0,-11.0,-12.0,-13.0,-14.0,-15.0
0.0,-5.0,-6.0,-7.0,-8.0,-9.0,-10.0,-11.0,-12.0,-13.0,-14.0,-15.0
0.0,-5.0,-6.0,-7.0,-8.0,-9.0,-10.0,-11.0,-12.0,-13.0,-14.0,-15.0
0.0,-5.0,-6.0,-7.0,-8.0,-9.0,-10.0,-11.0,-12.0,-13.0,-14.0,-15.0
0.0,-5.0,-6.0,-7.0,-8.0,-9.0,-10.0,-11.0,-12.0,-13.0,-14.0,-15.0
0.0,-5.0,-6.0,-7.0,-8.0,-9.0,-10.0,-11.0,-12.0,-13.0,-14.0,-15.0
0.0,-5.0,-6.0,-7.0,-8.0,-9.0,-10.0,-11.0,-12.0,-13.0,-14.0,-15.0
0.0,-5.0,-6.0,-7.0,-8.0,-9.0,-10.0,-11.0,-12.0,-13.0,-14.0,-15.0
0.0,-5.0,-6.0,-7.0,-8.0,-9.0,-10.0,-11.0,-12.0,-13.0,-14.0,-15.0
0.0,-5.0,-6.0,-7.0,-8.0,-9.0,-10.0,-11.0,-12.0,-13.0,-14.0,-15.0
0.0,-5.0,-6.0,-7.0,-8.0,-9.0,-10.0,-11.0,-12.0,-13.0,-14.0,-15.0
0.0,-5.0,-6.0,-7.0,-8.0,-9.0,-10.0,-11.0,-12.0,-13.0,-14.0,-15.0
0.0,-5.0,-6.0,-7.0,-8.0,-9.0,-10.0,-11.0,-12.0,-13.0,-14.0,-15.0
0.0,-5.0,-6.0,-7.0,-8.0,-9.0,-10.0,-11.0,-12.0,-13.0,-14.0,-15.0
0.0,-5.0,-6.0,-7.0,-8.0,-9.0,-10.0,-11.0,-12.0,-13.0,-14.0,-15.0
0.0,-5.0,-6.0,-7.0,-8.0,-9.0,-10.0,-11.0,-12.0,-13.0,-14.0,-15.0
0.0,-5.0,-6.0,-7.0,-8.0,-9.0,-10.0,-11.0,-12.0,-13.0,-14.0,-15.0
0.0,-5.0,-6.0,-7.0,-8.0,-9.0,-10.0,-11.0,-12.0,-13.0,-14.0,-15.0
0.0,-5.0,-6.0,-7.0,-8.0,-9.0,-10.0,-11.0,-12.0,-13.0,-14.0,-15.0
0.0,-5.0,-6.0,-7.0,-8.0,-9.0,-10.0,-11.0,-12.0,-13.0,-14.0,-15.0
0.0,-5.0,-6.0,-7.0,-8.0,-9.0,-10.0,-11.0,-12.0,-13.0,-14.0,-15.0
0.0,-5.0,-6.0,-7.0,-8.0,-9.0,-10.0,-11.0,-12.0,-13.0,-14.0,-15.0
0.0,-5.0,-6.0,-7.0,-8.0,-9.0,-10.0,-11.0,-12.0,-13.0,-14.0,-15.0
0.0,-5.0,-6.0,-7.0,-8.0,-9.0,-10.0,-11.0,-12.0,-13.0,-14.0,-15.0
0.0,-5.0,-6.0,-7.0,-8.0,-9.0,-10.0,-11.0,-12.0,-13.0,-14.0,-15.0
0.0,-5.0,-6.0,-7.0,-8.0,-9.0,-10.0,-11.0,-12.0,-13.0,-14.0,-15.0
0.0,-5.0,-6.0,-7.0,-8.0,-9.0,-10.0,-11.0,-12.0,-13.0,-14.0,-15.0
0.0,-5.0,-6.0,-7.0,-8.0,-9.0,-10.0,-11.0,-12.0,-13.0,-14.0,-15.0
0.0,-5.0,-6.0,-7.0,-8.0,-9.0,-10.0,-11.0,-12.0,-13.0,-14.0,-15.0
0.0,-5.0,-6.0,-7.0,-8.0,-9.0,-10.0,-11.0,-12.0,-13.0,-14.0,-15.0
0.0,-5.0,-6.0,-7.0,-8.0,-9.0,-10.0,-11.0,-12.0,-13.0,-14.0,-15.0
0.0,-5.0,-6.0,-7.0,-8.0,-9.0,-10.0,-11.0,-12.0,-13.0,-14.0,-15.0
0.0,-5.0,-6.0,-7.0,-8.0,-9.0,-10.0,-11.0,-12.0,-13.0,-14.0,-15.0
0.0,-5.0,-6.0,-7.0,-8.0,-9.0,-10.0,-11.0,-12.0,-13.0,-14.0,-15.0
0.0,-5.0,-6.0,-7.0,-8.0,-9.0,-10.0,-11.0,-12.0,-13.0,-14.0,-15.0
0.0,-5.0,-6.0,-7.0,-8.0,-9.0,-10.0,-11.0,-12.0,-13.0,-14.0,-15.0
0.0,-5.0,-6.0,-7.0,-8.0,-9.0,-10.0,-11.0,-12.0,-13.0,-14.0,-15.0
0.0,-5.0,-6.0,-7.0,-8.0,-9.0,-10.0,-11.0,-12.0,-13.0,-14.0,-15.0
0.0,-5.0,-6.0,-7.0,-8.0,-9.0,-10.0,-11.0,-12.0,-13.0,-14.0,-15.0
0.0,-5.0,-6.0,-7.0,-8.0,-9.0,-10.0,-11.0,-12.0,-13.0,-14.0,-15.0
0.0,-5.0,-6.0,-7.0,-8.0,-9.0,-10.0,-11.0,-12.0,-13.0,-14.0,-15.0
0.0,-5.0,-6.0,-7.0,-8.0,-9.0,-10.0,-11.0,-12.0,-13.0,-14.0,-15.0
0.0,-5.0,-6.0,-7.0,-8.0,-9.0,-10.0,-11.0,-12.0,-13.0,-14.0,-15.0
0.0,-5.0,-6.0,-7.0,-8.0,-9.0,-10.0,-11.0,-12.0,-13.0,-14.0,-15.0
0.0,-5.0,-6.0,-7.0,-8.0,-9.0,-10.0,-11.0,-12.0,-13.0,-14.0,-15.0
0.0,-5.0,-6.0,-7.0,-8.0,-9.0,-10.0,-11.0,-12.0,-13.0,-14.0,-15.0
0.0,-5.0,-6.0,-7.0,-8.0,-9.0,-10.0,-11.0,-12.0,-13.0,-14.0,-15.0
0.0,-5.0,-6.0,-7.0,-8.0,-9.0,-10.0,-11.0,-12.0,-13.0,-14.0,-15.0
0.0,-5.0,-6.0,-7.0,-8.0,-9.0,-10.0,-11.0,-12.0,-13.0,-14.0,-15.0
0.0,-5.0,-6.0,-7.0,-8.0,-9.0,-10.0,-11.0,-12.0,-13.0,-14.0,-15.0
0.0,-5.0,-6.0,-7.0,-8.0,-9.0,-10.0,-11.0,-12.0,-13.0,-14.0,-15.0
0.0,-5.0,-6.0,-7.0,-8.0,-9.0,-10.0,-11.0,-12.0,-13.0,-14.0,-15.0
0.0,-5.0,-6.0,-7.0,-8.0,-9.0,-10.0,-11.0,-12.0,-13.0,-14.0,-15.0
0.0,-5.0,-6.0,-7.0,-8.0,-9.0,-10.0,-11.0,-12.0,-13.0,-14.0,-15.0
0.0,-5.0,-6.0,-7.0,-8.0,-9.0,-10.0,-11.0,-12.0,-13.0,-14.0,-15.0
0.0,-5.0,-6.0,-7.0,-8.0,-9.0,-10.0,-11.0,-12.0,-13.0,-14.0,-15.0
0.0,-5.0,-6.0,-7.0,-8.0,-9.0,-10.0,-11.0,-12.0,-13.0,-14.0,-15.0
0.0,-5.0,-6.0,-7.0,-8.0,-9.0,-10.0,-11.0,-12.0,-13.0,-14.0,-15.0
0.0,-5.0,-6.0,-7.0,-8.0,-9.0,-10.0,-11.0,-12.0,-13.0,-14.0,-15.0
0.0,-5.0,-6.0,-7.0,-8.0,-9.0,-10.0,-11.0,-12.0,-13.0,-14.0,-15.0
0.0,-5.0,-6.0,-7.0,-8.0,-9.0,-10.0,-11.0,-12.0,-13.0,-14.0,-15.0
0.0,-5.0,-6.0,-7.0,-8.0,-9.0,-10.0,-11.0,-12.0,-13.0,-14.0,-15.0
0.0,-5.0,-6.0,-7.0,-8.0,-9.0,-10.0,-11.0,-12.0,-13.0,-14.0,-15.0
0.0,-5.0,-6.0,-7.0,-8.0,-9.0,-10.0,-11.0,-12.0,-13.0,-14.0,-15.0
0.0,-5.0,-6.0,-7.0,-8.0,-9.0,-10.0,-11.0,-12.0,-13.0,-14.0,-15.0
0.0,-5.0,-6.0,-7.0,-8.0,-9.0,-10.0,-11.0,-12.0,-13.0,-14.0,-15.0
0.0,-5.0,-6.0,-7.0,-8.0,-9.0,-10.0,-11.0,-12.0,-13.0,-14.0,-15.0
0.0,-5.0,-6.0,-7.0,-8.0,-9.0,-10.0,-11.0,-12.0,-13.0,-14.0,-15.0
0.0,-5.0,-6.0,-7.0,-8.0,-9.0,-10.0,-11.0,-12.0,-13.0,-14.0,-15.0
0.0,-5.0,-6.0,-7.0,-8.0,-9.0,-10.0,-11.0,-12.0,-13.0,-14.0,-15.0
0.0,-5.0,-6.0,-7.0,-8.0,-9.0,-10.0,-11.0,-12.0,-13.0,-14.0,-15.0
0.0,-5.0,-6.0,-7.0,-8.0,-9.0,-10.0,-11.0,-12.0,-13.0,-14.0,-15.0
0.0,-5.0,-6.0,-7.0,-8.0,-9.0,-10.0,-11.0,-12.0,-13.0,-14.0,-15.0
0.0,-5.0,-6.0,-7.0,-8.0,-9.0,-10.0,-11.0,-12.0,-13.0,-14.0,-15.0
0.0,-5.0,-6.0,-7.0,-8.0,-9.0,-10.0,-11.0,-12.0,-13.0,-14.0,-15.0
0.0,-5.0,-6.0,-7.0,-8.0,-9.0,-10.0,-11.0,-12.0,-13.0,-14.0,-15.0
0.0,-5.0,-6.0,-7.0,-8.0,-9.0,-10.0,-11.0,-12.0,-13.0,-14.0,-15.0
0.0,-5.0,-6.0,-7.0,-8.0,-9.0,-10.0,-11.0,-12.0,-13.0,-14.0,-15.0
0.0,-5.0,-6.0,-7.0,-8.0,-9.0,-10.0,-11.0,-12.0,-13.0,-14.0,-15.0
0.0,-5.0,-6.0,-7.0,-8.0,-9.0,-10.0,-11.0,-12.0,-13.0,-14.0,-15.0
0.0,-5.0,-6.0,-7.0,-8.0,-9.0,-10.0,-11.0,-12.0,-13.0,-14.0,-15.0
0.0,-5.0,-6.0,-7.0,-8.0,-9.0,-10.0,-11.0,-12.0,-13.0,-14.0,-15.0
0.0,-5.0,-6.0,-7.0,-8.0,-9.0,-10.0,-11.0,-12.0,-13.0,-14.0,-15.0
0.0,-5.0,-6.0,-7.0,-8.0,-9.0,-10.0,-11.0,-12.0,-13.0,-14.0,-15.0
0.0,-5.0,-6.0,-7.0,-8.0,-9.0,-10.0,-11.0,-12.0,-13.0,-14.0,-15.0
0.0,-5.0,-6.0,-7.0,-8.0,-9.0,-10.0,-11.0,-12.0,-13.0,-14.0,-15.0
0.0,-5.0,-6.0,-7.0,-8.0,-9.0,-10.0,-11.0,-12.0,-13.0,-14.0,-15.0
0.0,-5.0,-6.0,-7.0,-8.0,-9.0,-10.0,-11.0,-12.0,-13.0,-14.0,-15.0
0.0,-5.0,-6.0,-7.0,-8.0,-9.0,-10.0,-11.0,-12.0,-13.0,-14.0,-15.0
0.0,-5.0,-6.0,-7.0,-8.0,-9.0,-10.0,-11.0,-12.0,-13.0,-14.0,-15.0
0.0,-5.0,-6.0,-7.0,-8.0,-9.0,-10.0,-11.0,-12.0,-13.0,-14.0,-15.0
0.0,-5.0,-6.0,-7.0,-8.0,-9.0,-10.0,-11.0,-12.0,-13.0,-14.0,-15.0
0.0,-5.0,-6.0,-7.0,-8.0,-9.0,-10.0,-11.0,-12.0,-13.0,-14.0,-15.0
0.0,-5.0,-6.0,-7.0,-8.0,-9.0,-10.0,-11.0,-12.0,-13.0,-14.0,-15.0
0.0,-5.0,-6.0,-7.0,-8.0,-9.0,-10.0,-11.0,-12.0,-13.0,-14.0,-15.0
0.0,-5.0,-6.0,-7.0,-8.0,-9.0,-10.0,-11.0,-12.0,-13.0,-14.0,-15.0
0.0,-5.0,-6.0,-7.0,-8.0,-9.0,-10.0,-11.0,-12.0,-13.0,-14.0,-15.0
0.0,-5.0,-6.0,-7.0,-8.0,-9.0,-10.0,-11.0,-12.0,-13.0,-14.0,-15.0
0.0,-5.0,-6.0,-7.0,-8.0,-9.0,-10.0,-11.0,-12.0,-13.0,-14.0,-15.0
0.0,-5.0,-6.0,-7.0,-8.0,-9.0,-10.0,-11.0,-12.0,-13.0,-14.0,-15.0
0.0,-5.0,-6.0,-7.0,-8.0,-9.0,-10.0,-11.0,-12.0,-13.0,-14.0,-15.0
0.0,-5.0,-6.0,-7.0,-8.0,-9.0,-10.0,-11.0,-12.0,-13.0,-14.0,-15.0
0.0,-5.0,-6.0,-7.0,-8.0,-9.0,-10.0,-11.0,-12.0,-13.0,-14.0,-15.0
0.0,-5.0,-6.0,-7.0,-8.0,-9.0,-10.0,-11.0,-12.0,-13.0,-14.0,-15.0
0.0,-5.0,-6.0,-7.0,-8.0,-9.0,-10.0,-11.0,-12.0,-13.0,-14.0,-15.0
0.0,-5.0,-6.0,-7.0,-8.0,-9.0,-10.0,-11.0,-12.0,-13.0,-14.0,-15.0
0.0,-5.0,-6.0,-7.0,-8.0,-9.0,-10.0,-11.0,-12.0,-13.0,-14.0,-15.0
0.0,-5.0,-6.0,-7.0,-8.0,-9.0,-10.0,-11.0,-12.0,-13.0,-14.0,-15.0
0.0,-5.0,-6.0,-7.0,-8.0,-9.0,-10.0,-11.0,-12.0,-13.0,-14.0,-15.0
0.0,-5.0,-6.0,-7.0,-8.0,-9.0,-10.0,-11.0,-12.0,-13.0,-14.0,-15.0
0.0,-5.0,-6.0,-7.0,-8.0,-9.0,-10.0,-11.0,-12.0,-13.0,-14.0,-15.0
0.0,-5.0,-6.0,-7.0,-8.0,-9.0,-10.0,-11.0,-12.0,-13.0,-14.0,-15.0
0.0,-5.0,-6.0,-7.0,-8.0,-9.0,-10.0,-11.0,-12.0,-13.0,-14.0,-15.0
0.0,-5.0,-6.0,-7.0,-8.0,-9.0,-10.0,-11.0,-12.0,-13.0,-14.0,-15.0
0.0,-5.0,-6.0,-7.0,-8.0,-9.0,-10.0,-11.0,-12.0,-13.0,-14.0,-15.0
0.0,-5.0,-6.0,-7.0,-8.0,-9.0,-10.0,-11.0,-12.0,-13.0,-14.0,-15.0
0.0,-5.0,-6.0,-7.0,-8.0,-9.0,-10.0,-11.0,-12.0,-13.0,-14.0,-15.0
0.0,-5.0,-6.0,-7.0,-8.0,-9.0,-10.0,-11.0,-12.0,-13.0,-14.0,-15.0
0.0,-5.0,-6.0,-7.0,-8.0,-9.0,-10.0,-11.0,-12.0,-13.0,-14.0,-15.0
0.0,-5.0,-6.0,-7.0,-8.0,-9.0,-10.0,-11.0,-12.0,-13.0,-14.0,-15.0
0.0,-5.0,-6.0,-7.0,-8.0,-9.0,-10.0,-11.0,-12.0,-13.0,-14.0,-15.0
0.0,-5.0,-6.0,-7.0,-8.0,-9.0,-10.0,-11.0,-12.0,-13.0,-14.0,-15.0
0.0,-5.0,-6.0,-7.0,-8.0,-9.0,-10.0,-11.0,-12.0,-13.0,-14.0,-15.0
0.0,-5.0,-6.0,-7.0,-8.0,-9.0,-10.0,-11.0,-12.0,-13.0,-14.0,-15.0
0.0,-5.0,-6.0,-7.0,-8.0,-9.0,-10.0,-11.0,-12.0,-13.0,-14.0,-15.0
0.0,-5.0,-6.0,-7.0,-8.0,-9.0,-10.0,-11.0,-12.0,-13.0,-14.0,-15.0
0.0,-5.0,-6.0,-7.0,-8.0,-9.0,-10.0,-11.0,-12.0,-13.0,-14.0,-15.0
0.0,-5.0,-6.0,-7.0,-8.0,-9.0,-10.0,-11.0,-12.0,-13.0,-14.0,-15.0
0.0,-5.0,-6.0,-7.0,-8.0,-9.0,-10.0,-11.0,-12.0,-13.0,-14.0,-15.0
0.0,-5.0,-6.0,-7.0,-8.0,-9.0,-10.0,-11.0,-12.0,-13.0,-14.0,-15.0
0.0,-5.0,-6.0,-7.0,-8.0,-9.0,-10.0,-11.0,-12.0,-13.0,-14.0,-15.0
0.0,-5.0,-6.0,-7.0,-8.0,-9.0,-10.0,-11.0,-12.0,-13.0,-14.0,-15.0
0.0,-5.0,-6.0,-7.0,-8.0,-9.0,-10.0,-11.0,-12.0,-13.0,-14.0,-15.0
0.0,-5.0,-6.0,-7.0,-8.0,-9.0,-10.0,-11.0,-12.0,-13.0,-14.0,-15.0
0.0,-5.0,-6.0,-7.0,-8.0,-9.0,-10.0,-11.0,-12.0,-13.0,-14.0,-15.0
0.0,-5.0,-6.0,-7.0,-8.0,-9.0,-10.0,-11.0,-12.0,-13.0,-14.0,-15.0
0.0,-5.0,-6.0,-7.0,-8.0,-9.0,-10.0,-11.0,-12.0,-13.0,-14.0,-15.0
0.0,-5.0,-6.0,-7.0,-8.0,-9.0,-10.0,-11.0,-12.0,-13.0,-14.0,-15.0
0.0,-5.0,-6.0,-7.0,-8.0,-9.0,-10.0,-11.0,-12.0,-13.0,-14.0,-15.0
0.0,-5.0,-6.0,-7.0,-8.0,-9.0,-10.0,-11.0,-12.0,-13.0,-14.0,-15.0
0.0,-5.0,-6.0,-7.0,-8.0,-9.0,-10.0,-11.0,-12.0,-13.0,-14.0,-15.0
0.0,-5.0,-6.0,-7.0,-8.0,-9.0,-10.0,-11.0,-12.0,-13.0,-14.0,-15.0
0.0,-5.0,-6.0,-7.0,-8.0,-9.0,-10.0,-11.0,-12.0,-13.0,-14.0,-15.0
0.0,-5.0,-6.0,-7.0,-8.0,-9.0,-10.0,-11.0,-12.0,-13.0,-14.0,-15.0
0.0,-5.0,-6.0,-7.0,-8.0,-9.0,-10.0,-11.0,-12.0,-13.0,-14.0,-15.0
0.0,-5.0,-6.0,-7.0,-8.0,-9.0,-10.0,-11.0,-12.0,-13.0,-14.0,-15.0
0.0,-5.0,-6.0,-7.0,-8.0,-9.0,-10.0,-11.0,-12.0,-13.0,-14.0,-15.0
0.0,-5.0,-6.0,-7.0,-8.0,-9.0,-10.0,-11.0,-12.0,-13.0,-14.0,-15.0
0.0,-5.0,-6.0,-7.0,-8.0,-9.0,-10.0,-11.0,-12.0,-13.0,-14.0,-15.0
0.0,-5.0,-6.0,-7.0,-8.0,-9.0,-10.0,-11.0,-12.0,-13.0,-14.0,-15.0
0.0,-5.0,-6.0,-7.0,-8.0,-9.0,-10.0,-11.0,-12.0,-13.0,-14.0,-15.0
0.0,-5.0,-6.0,-7.0,-8.0,-9.0,-10.0,-11.0,-12.0,-13.0,-14.0,-15.0
0.0,-5.0,-6.0,-7.0,-8.0,-9.0,-10.0,-11.0,-12.0,-13.0,-14.0,-15.0
0.0,-5.0,-6.0,-7.0,-8.0,-9.0,-10.0,-11.0,-12.0,-13.0,-14.0,-15.0
0.0,-5.0,-6.0,-7.0,-8.0,-9.0,-10.0,-11.0,-12.0,-13.0,-14.0,-15.0
0.0,-5.0,-6.0,-7.0,-8.0,-9.0,-10.0,-11.0,-12.0,-13.0,-14.0,-15.0
0.0,-5.0,-6.0,-7.0,-8.0,-9.0,-10.0,-11.0,-12.0,-13.0,-14.0,-15.0
0.0,-5.0,-6.0,-7.0,-8.0,-9.0,-10.0,-11.0,-12.0,-13.0,-14.0,-15.0
0.0,-5.0,-6.0,-7.0,-8.0,-9.0,-10.0,-11.0,-12.0,-13.0,-14.0,-15.0
0.0,-5.0,-6.0,-7.0,-8.0,-9.0,-10.0,-11.0,-12.0,-13.0,-14.0,-15.0
0.0,-5.0,-6.0,-7.0,-8.0,-9.0,-10.0,-11.0,-12.0,-13.0,-14.0,-15.0
0.0,-5.0,-6.0,-7.0,-8.0,-9.0,-10.0,-11.0,-12.0,-13.0,-14.0,-15.0
0.0,-5.0,-6.0,-7.0,-8.0,-9.0,-10.0,-11.0,-12.0,-13.0,-14.0,-15.0
0.0,-5.0,-6.0,-7.0,-8.0,-9.0,-10.0,-11.0,-12.0,-13.0,-14.0,-15.0
0.0,-5.0,-6.0,-7.0,-8.0,-9.0,-10.0,-11.0,-12.0,-13.0,-14.0,-15.0
0.0,-5.0,-6.0,-7.0,-8.0,-9.0,-10.0,-11.0,-12.0,-13.0,-14.0,-15.0
0.0,-5.0,-6.0,-7.0,-8.0,-9.0,-10.0,-11.0,-12.0,-13.0,-14.0,-15.0
0.0,-5.0,-6.0,-7.0,-8.0,-9.0,-10.0,-11.0,-12.0,-13.0,-14.0,-15.0
0.0,-5.0,-6.0,-7.0,-8.0,-9.0,-10.0,-11.0,-12.0,-13.0,-14.0,-15.0
0.0,-5.0,-6.0,-7.0,-8.0,-9.0,-10.0,-11.0,-12.0,-13.0,-14.0,-15.0
0.0,-5.0,-6.0,-7.0,-8.0,-9.0,-10.0,-11.0,-12.0,-13.0,-14.0,-15.0
0.0,-5.0,-6.0,-7.0,-8.0,-9.0,-10.0,-11.0,-12.0,-13.0,-14.0,-15.0
0.0,-5.0,-6.0,-7.0,-8.0,-9.0,-10.0,-11.0,-12.0,-13.0,-14.0,-15.0
0.0,-5.0,-6.0,-7.0,-8.0,-9.0,-10.0,-11.0,-12.0,-13.0,-14.0,-15.0
0.0,-5.0,-6.0,-7.0,-8.0,-9.0,-10.0,-11.0,-12.0,-13.0,-14.0,-15.0
0.0,-5.0,-6.0,-7.0,-8.0,-9.0,-10.0,-11.0,-12.0,-13.0,-14.0,-15.0
0.0,-5.0,-6.0,-7.0,-8.0,-9.0,-10.0,-11.0,-12.0,-13.0,-14.0,-15.0
0.0,-5.0,-6.0,-7.0,-8.0,-9.0,-10.0,-11.0,-12.0,-13.0,-14.0,-15.0
0.0,-5.0,-6.0,-7.0,-8.0,-9.0,-10.0,-11.0,-12.0,-13.0,-14.0,-15.0
0.0,-5.0,-6.0,-7.0,-8.0,-9.0,-10.0,-11.0,-12.0,-13.0,-14.0,-15.0
0.0,-5.0,-6.0,-7.0,-8.0,-9.0,-10.0,-11.0,-12.0,-13.0,-14.0,-15.0
0.0,-5.0,-6.0,-7.0,-8.0,-9.0,-10.0,-11.0,-12.0,-13.0,-14.0,-15.0
0.0,-5.0,-6.0,-7.0,-8.0,-9.0,-10.0,-11.0,-12.0,-13.0,-14.0,-15.0
0.0,-5.0,-6.0,-7.0,-8.0,-9.0,-10.0,-11.0,-12.0,-13.0,-14.0,-15.0
0.0,-5.0,-6.0,-7.0,-8.0,-9.0,-10.0,-11.0,-12.0,-13.0,-14.0,-15.0
0.0,-5.0,-6.0,-7.0,-8.0,-9.0,-10.0,-11.0,-12.0,-13.0,-14.0,-15.0
0.0,-5.0,-6.0,-7.0,-8.0,-9.0,-10.0,-11.0,-12.0,-13.0,-14.0,-15.0
0.0,-5.0,-6.0,-7.0,-8.0,-9.0,-10.0,-11.0,-12.0,-13.0,-14.0,-15.0
0.0,-5.0,-6.0,-7.0,-8.0,-9.0,-10.0,-11.0,-12.0,-13.0,-14.0,-15.0
0.0,-5.0,-6.0,-7.0,-8.0,-9.0,-10.0,-11.0,-12.0,-13.0,-14.0,-15.0
0.0,-5.0,-6.0,-7.0,-8.0,-9.0,-10.0,-11.0,-12.0,-13.0,-14.0,-15.0
0.0,-5.0,-6.0,-7.0,-8.0,-9.0,-10.0,-11.0,-12.0,-13.0,-14.0,-15.0
0.0,-5.0,-6.0,-7.0,-8.0,-9.0,-10.0,-11.0,-12.0,-13.0,-14.0,-15.0
0.0,-5.0,-6.0,-7.0,-8.0,-9.0,-10.0,-11.0,-12.0,-13.0,-14.0,-15.0
0.0,-5.0,-6.0,-7.0,-8.0,-9.0,-10.0,-11.0,-12.0,-13.0,-14.0,-15.0
0.0,-5.0,-6.0,-7.0,-8.0,-9.0,-10.0,-11.0,-12.0,-13.0,-14.0,-15.0
0.0,-5.0,-6.0,-7.0,-8.0,-9.0,-10.0,-11.0,-12.0,-13.0,-14.0,-15.0
0.0,-5.0,-6.0,-7.0,-8.0,-9.0,-10.0,-11.0,-12.0,-13.0,-14.0,-15.0
0.0,-5.0,-6.0,-7.0,-8.0,-9.0,-10.0,-11.0,-12.0,-13.0,-14.0,-15.0
0.0,-5.0,-6.0,-7.0,-8.0,-9.0,-10.0,-11.0,-12.0,-13.0,-14.0,-15.0
0.0,-5.0,-6.0,-7.0,-8.0,-9.0,-10.0,-11.0,-12.0,-13.0,-14.0,-15.0
0.0,-5.0,-6.0,-7.0,-8.0,-9.0,-10.0,-11.0,-12.0,-13.0,-14.0,-15.0
0.0,-5.0,-6.0,-7.0,-8.0,-9.0,-10.0,-11.0,-12.0,-13.0,-14.0,-15.0
0.0,-5.0,-6.0,-7.0,-8.0,-9.0,-10.0,-11.0,-12.0,-13.0,-14.0,-15.0
0.0,-5.0,-6.0,-7.0,-8.0,-9.0,-10.0,-11.0,-12.0,-13.0,-14.0,-15.0
0.0,-5.0,-6.0,-7.0,-8.0,-9.0,-10.0,-11.0,-12.0,-13.0,-14.0,-15.0
0.0,-5.0,-6.0,-7.0,-8.0,-9.0,-10.0,-11.0,-12.0,-13.0,-14.0,-15.0
0.0,-5.0,-6.0,-7.0,-8.0,-9.0,-10.0,-11.0,-12.0,-13.0,-14.0,-15.0
0.0,-5.0,-6.0,-7.0,-8.0,-9.0,-10.0,-11.0,-12.0,-13.0,-14.0,-15.0
0.0,-5.0,-6.0,-7.0,-8.0,-9.0,-10.0,-11.0,-12.0,-13.0,-14.0,-15.0
0.0,-5.0,-6.0,-7.0,-8.0,-9.0,-10.0,-11.0,-12.0,-13.0,-14.0,-15.0
0.0,-5.0,-6.0,-7.0,-8.0,-9.0,-10.0,-11.0,-12.0,-13.0,-14.0,-15.0
0.0,-5.0,-6.0,-7.0,-8.0,-9.0,-10.0,-11.0,-12.0,-13.0,-14.0,-15.0
0.0,-5.0,-6.0,-7.0,-8.0,-9.0,-10.0,-11.0,-12.0,-13.0,-14.0,-15.0
0.0,-5.0,-6.0,-7.0,-8.0,-9.0,-10.0,-11.0,-12.0,-13.0,-14.0,-15.0
0.0,-5.0,-6.0,-7.0,-8.0,-9.0,-10.0,-11.0,-12.0,-13.0,-14.0,-15.0
0.0,-5.0,-6.0,-7.0,-8.0,-9.0,-10.0,-11.0,-12.0,-13.0,-14.0,-15.0
0.0,-5.0,-6.0,-7.0,-8.0,-9.0,-10.0,-11.0,-12.0,-13.0,-14.0,-15.0
0.0,-5.0,-6.0,-7.0,-8.0,-9.0,-10.0,-11.0,-12.0,-13.0,-14.0,-15.0
0.0,-5.0,-6.0,-7.0,-8.0,-9.0,-10.0,-11.0,-12.0,-13.0,-14.0,-15.0
0.0,-5.0,-6.0,-7.0,-8.0,-9.0,-10.0,-11.0,-12.0,-13.0,-14.0,-15.0
0.0,-5.0,-6.0,-7.0,-8.0,-9.0,-10.0,-11.0,-12.0,-13.0,-14.0,-15.0
0.0,-5.0,-6.0,-7.0,-8.0,-9.0,-10.0,-11.0,-12.0,-13.0,-14.0,-15.0
0.0,-5.0,-6.0,-7.0,-8.0,-9.0,-10.0,-11.0,-12.0,-13.0,-14.0,-15.0
0.0,-5.0,-6.0,-7.0,-8.0,-9.0,-10.0,-11.0,-12.0,-13.0,-14.0,-15.0
0.0,-5.0,-6.0,-7.0,-8.0,-9.0,-10.0,-11.0,-12.0,-13.0,-14.0,-15.0
0.0,-5.0,-6.0,-7.0,-8.0,-9.0,-10.0,-11.0,-12.0,-13.0,-14.0,-15.0
0.0,-5.0,-6.0,-7.0,-8.0,-9.0,-10.0,-11.0,-12.0,-13.0,-14.0,-15.0
0.0,-5.0,-6.0,-7.0,-8.0,-9.0,-10.0,-11.0,-12.0,-13.0,-14.0,-15.0
0.0,-5.0,-6.0,-7.0,-8.0,-9.0,-10.0,-11.0,-12.0,-13.0,-14.0,-15.0
0.0,-5.0,-6.0,-7.0,-8.0,-9.0,-10.0,-11.0,-12.0,-13.0,-14.0,-15.0
0.0,-5.0,-6.0,-7.0,-8.0,-9.0,-10.0,-11.0,-12.0,-13.0,-14.0,-15.0
0.0,-5.0,-6.0,-7.0,-8.0,-9.0,-10.0,-11.0,-12.0,-13.0,-14.0,-15.0
0.0,-5.0,-6.0,-7.0,-8.0,-9.0,-10.0,-11.0,-12.0,-13.0,-14.0,-15.0
0.0,-5.0,-6.0,-7.0,-8.0,-9.0,-10.0,-11.0,-12.0,-13.0,-14.0,-15.0
0.0,-5.0,-6.0,-7.0,-8.0,-9.0,-10.0,-11.0,-12.0,-13.0,-14.0,-15.0
0.0,-5.0,-6.0,-7.0,-8.0,-9.0,-10.0,-11.0,-12.0,-13.0,-14.0,-15.0
0.0,-5.0,-6.0,-7.0,-8.0,-9.0,-10.0,-11.0,-12.0,-13.0,-14.0,-15.0
0.0,-5.0,-6.0,-7.0,-8.0,-9.0,-10.0,-11.0,-12.0,-13.0,-14.0,-15.0
0.0,-5.0,-6.0,-7.0,-8.0,-9.0,-10.0,-11.0,-12.0,-13.0,-14.0,-15.0
0.0,-5.0,-6.0,-7.0,-8.0,-9.0,-10.0,-11.0,-12.0,-13.0,-14.0,-15.0
0.0,-5.0,-6.0,-7.0,-8.0,-9.0,-10.0,-11.0,-12.0,-13.0,-14.0,-15.0
0.0,-5.0,-6.0,-7.0,-8.0,-9.0,-10.0,-11.0,-12.0,-13.0,-14.0,-15.0
0.0,-5.0,-6.0,-7.0,-8.0,-9.0,-10.0,-11.0,-12.0,-13.0,-14.0,-15.0
0.0,-5.0,-6.0,-7.0,-8.0,-9.0,-10.0,-11.0,-12.0,-13.0,-14.0,-15.0
0.0,-5.0,-6.0,-7.0,-8.0,-9.0,-10.0,-11.0,-12.0,-13.0,-14.0,-15.0
0.0,-5.0,-6.0,-7.0,-8.0,-9.0,-10.0,-11.0,-12.0,-13.0,-14.0,-15.0
0.0,-5.0,-6.0,-7.0,-8.0,-9.0,-10.0,-11.0,-12.0,-13.0,-14.0,-15.0
0.0,-5.0,-6.0,-7.0,-8.0,-9.0,-10.0,-11.0,-12.0,-13.0,-14.0,-15.0
0.0,-5.0,-6.0,-7.0,-8.0,-9.0,-10.0,-11.0,-12.0,-13.0,-14.0,-15.0
0.0,-5.0,-6.0,-7.0,-8.0,-9.0,-10.0,-11.0,-12.0,-13.0,-14.0,-15.0
0.0,-5.0,-6.0,-7.0,-8.0,-9.0,-10.0,-11.0,-12.0,-13.0,-14.0,-15.0
0.0,-5.0,-6.0,-7.0,-8.0,-9.0,-10.0,-11.0,-12.0,-13.0,-14.0,-15.0
0.0,-5.0,-6.0,-7.0,-8.0,-9.0,-10.0,-11.0,-12.0,-13.0,-14.0,-15.0
0.0,-5.0,-6.0,-7.0,-8.0,-9.0,-10.0,-11.0,-12.0,-13.0,-14.0,-15.0
0.0,-5.0,-6.0,-7.0,-8.0,-9.0,-10.0,-11.0,-12.0,-13.0,-14.0,-15.0
0.0,-5.0,-6.0,-7.0,-8.0,-9.0,-10.0,-11.0,-12.0,-13.0,-14.0,-15.0
0.0,-5.0,-6.0,-7.0,-8.0,-9.0,-10.0,-11.0,-12.0,-13.0,-14.0,-15.0
0.0,-5.0,-6.0,-7.0,-8.0,-9.0,-10.0,-11.0,-12.0,-13.0,-14.0,-15.0
0.0,-5.0,-6.0,-7.0,-8.0,-9.0,-10.0,-11.0,-12.0,-13.0,-14.0,-15.0
0.0,-5.0,-6.0,-7.0,-8.0,-9.0,-10.0,-11.0,-12.0,-13.0,-14.0,-15.0
0.0,-5.0,-6.0,-7.0,-8.0,-9.0,-10.0,-11.0,-12.0,-13.0,-14.0,-15.0
0.0,-5.0,-6.0,-7.0,-8.0,-9.0,-10.0,-11.0,-12.0,-13.0,-14.0,-15.0
