8.910223810388787892e-20
2.228281253367714058e-19
2.674274967473378688e-19
2.674274967473378688e-19
5.799580520917131295e-19
6.693000492070807639e-19
6.693000492070807639e-19
9.376095871619277297e-19
9.376095871619277297e-19
9.823747120282189117e-19
1.161528370742367816e-18
1.161528370742367816e-18
1.251197787439481538e-18
1.385770927568572278e-18
1.699935300035105511e-18
1.924452513569174982e-18
2.014304849871223621e-18
2.283997659078408369e-18
2.508854376161309875e-18
2.598841964865088135e-18
2.643858119755777190e-18
2.643858119755777190e-18
2.733979333670853131e-18
3.139723629747158239e-18
3.139723629747158239e-18
3.320230112094839937e-18
3.410527012206935709e-18
3.862228940791573141e-18
3.862228940791573141e-18
3.952655781837249199e-18
3.997890688241684814e-18
4.314684841852469318e-18
4.586350590564768705e-18
4.858143740247181858e-18
4.994103766154313230e-18
6.218442834024445712e-18
6.769861282686995233e-18
8.766788513224966940e-18
8.766788513224966940e-18
9.441873772186644310e-18
1.050282959600861337e-17
1.050932351527089583e-17
1.184951786737103360e-17
1.223416494019640327e-17
1.260083609158559800e-17
1.271913835988544810e-17
1.271913835988544810e-17
1.271913835988544810e-17
1.344852784224331800e-17
1.344852784224331800e-17
1.508038387251468550e-17
1.555359294571408898e-17
1.566954234471601235e-17
1.590482927450887321e-17
1.616646834043853624e-17
1.657078540059458791e-17
1.678668468737251872e-17
1.798175406117642073e-17
1.798175406117642073e-17
1.798175406117642073e-17
1.947384965515082866e-17
1.975412344592008630e-17
2.046977217157805431e-17
2.046977217157805431e-17
2.051504137687020149e-17
2.191462215005005606e-17
2.191462215005005606e-17
2.191462215005005606e-17
2.192403362724176914e-17
2.209635777462206137e-17
2.385884510831442574e-17
2.445901500883005542e-17
2.448301427566892623e-17
2.589925336347811640e-17
2.597332168897690979e-17
2.597332168897690979e-17
2.609247099022401574e-17
2.665433617856936727e-17
2.665433617856936727e-17
2.665433617856936727e-17
2.670995800877240068e-17
2.670995800877240068e-17
2.676529749465968061e-17
2.712114544727840253e-17
2.806323431416901605e-17
2.806323431416901605e-17
2.810182137065504461e-17
2.810182137065504461e-17
2.906470960213935254e-17
2.906470960213935254e-17
2.946686202254131365e-17
2.991738943570868566e-17
3.007126708779321483e-17
3.192523397978904673e-17
3.288896924422060896e-17
3.300849500455538109e-17
3.365845161941518293e-17
3.475978268038960492e-17
3.687472983491167710e-17
3.728507024047042772e-17
3.753306266447210617e-17
3.758087296860601625e-17
3.759009621625389778e-17
3.842291783294870657e-17
3.846319895532924372e-17
3.860587694955563544e-17
3.885556343945182249e-17
3.912209647352117361e-17
4.254533307246347054e-17
4.254533307246347054e-17
4.438424160095255658e-17
4.438424160095255658e-17
4.442744028126252589e-17
4.453369585875698270e-17
4.454978948475481441e-17
4.546486741210521226e-17
4.546486741210521226e-17
4.865055832672863583e-17
4.865055832672863583e-17
4.974765422296678632e-17
5.054885327629743867e-17
5.121198595922564006e-17
5.124530258848431126e-17
5.124530258848431126e-17
5.124530258848431126e-17
5.168877139375789538e-17
5.168877139375789538e-17
5.169705349368660683e-17
5.169705349368660683e-17
5.191605856793780135e-17
5.323959460540860352e-17
5.479013547274355818e-17
5.479013547274355818e-17
5.479013547274355818e-17
5.479013547274355818e-17
5.625220845447639634e-17
5.702324372340760525e-17
5.773451611217142193e-17
5.773451611217142193e-17
5.773451611217142193e-17
5.894116160292113682e-17
5.894116160292113682e-17
5.972010251269338175e-17
6.087719657602872007e-17
6.090317225307785605e-17
6.141360371857048778e-17
6.239399729763137637e-17
6.303576592733438871e-17
6.303576592733438871e-17
6.303576592733438871e-17
6.303576592733438871e-17
6.350379868807835369e-17
6.421544753592984580e-17
6.421544753592984580e-17
6.465317534011648753e-17
6.657034030145468057e-17
6.697710434568057629e-17
6.697710434568057629e-17
6.766964789483288259e-17
6.766964789483288259e-17
6.831809867334201355e-17
6.831809867334201355e-17
6.831809867334201355e-17
7.084644496351013601e-17
7.084644496351013601e-17
7.136567616017702212e-17
7.158722233326998571e-17
7.221680310000972646e-17
7.442770026450133017e-17
7.497530706490123534e-17
7.718432193395448657e-17
7.839181445765145576e-17
7.839181445765145576e-17
7.839181445765145576e-17
7.867199413364879762e-17
7.890897512933617016e-17
7.890897512933617016e-17
7.966706961712876897e-17
7.976184319244933483e-17
7.986654587620715670e-17
8.050055003722700050e-17
8.365720654471398226e-17
8.714571173798081821e-17
8.750631248658135455e-17
8.756739297355557995e-17
8.848218855659022432e-17
8.891610471251422169e-17
8.903995975235718109e-17
9.280558589153405308e-17
9.598012420568529092e-17
9.865594834344758974e-17
9.868084170061967583e-17
1.002880867180347107e-16
1.017019258791600178e-16
1.039260932264919307e-16
1.056316411231744285e-16
1.056316411231744285e-16
1.061024502696899396e-16
1.088863181656131135e-16
1.088863181656131135e-16
1.101549382336702598e-16
1.101549382336702598e-16
1.108660223928902449e-16
1.108660223928902449e-16
1.123709175958453893e-16
1.127298242785514170e-16
1.130711314989089360e-16
1.138019327028455657e-16
1.139204702580752037e-16
1.160807336752753686e-16
1.161725426352805321e-16
1.161725426352805321e-16
1.195030761838844410e-16
1.203036164338116829e-16
1.207097216746341559e-16
1.207097216746341559e-16
1.214684749658301774e-16
1.216698335203469053e-16
1.239559754449862619e-16
1.245458397779769540e-16
1.245458397779769540e-16
1.263041860617049534e-16
1.263041860617049534e-16
1.267594662708541398e-16
1.280524150074518653e-16
1.290257029212330204e-16
1.302443009880161989e-16
1.302443009880161989e-16
1.320538927650530835e-16
1.334217098027109111e-16
1.334217098027109111e-16
1.355250337829012063e-16
1.356743939259337228e-16
1.356743939259337228e-16
1.364792163979831756e-16
1.364792163979831756e-16
1.364792163979831756e-16
1.364792163979831756e-16
1.364792163979831756e-16
1.365367205236245400e-16
1.365367205236245400e-16
1.368401936056713751e-16
1.370855508160593625e-16
1.372693099082275816e-16
1.372693099082275816e-16
1.374918442864256670e-16
1.375857708287989663e-16
1.382216572852571502e-16
1.391608756516043018e-16
1.391608756516043018e-16
1.391608756516043018e-16
1.413190685438222950e-16
1.424147527184816966e-16
1.424147527184816966e-16
1.431117667193000576e-16
1.462247069152315395e-16
1.482466216177135184e-16
1.484293925047766158e-16
1.484293925047766158e-16
1.495195709652788643e-16
1.495195709652788643e-16
1.495195709652788643e-16
1.496694016821709474e-16
1.496694016821709474e-16
1.496694016821709474e-16
1.502811476996323838e-16
1.507950143542999845e-16
1.533214312916438027e-16
1.536308806617073820e-16
1.537911581182822763e-16
1.538976019253205585e-16
1.589845524048281873e-16
1.598827367306194447e-16
1.598827367306194447e-16
1.602140207277678042e-16
1.602140207277678042e-16
1.604608837745064687e-16
1.608716006391528763e-16
1.609928204653821693e-16
1.617779729501009417e-16
1.617779729501009417e-16
1.627825069681585779e-16
1.637563125131852636e-16
1.638089226706869583e-16
1.639617415315874134e-16
1.642389801209623473e-16
1.645012074042164993e-16
1.645012074042164993e-16
1.645012074042164993e-16
1.645597703210419315e-16
1.647345414524920770e-16
1.656069853881640064e-16
1.656483017730356356e-16
1.660850649008101128e-16
1.667652323574553160e-16
1.667652323574553160e-16
1.667652323574553160e-16
1.667652323574553160e-16
1.676306647426194154e-16
1.697387650474845194e-16
1.701184005087052955e-16
1.711778740248695757e-16
1.725394794875808635e-16
1.727328618151776216e-16
1.727328618151776216e-16
1.727328618151776216e-16
1.733037855503200020e-16
1.752231857374912286e-16
1.752231857374912286e-16
1.752231857374912286e-16
1.752231857374912286e-16
1.769569445370558959e-16
1.800413679570964666e-16
1.830701460182410310e-16
1.839013676838132593e-16
1.839013676838132593e-16
1.840729389130182192e-16
1.844122461944725125e-16
1.849240423241579415e-16
1.851339653229191405e-16
1.861414404275991846e-16
1.866124848610445037e-16
1.877885430509211357e-16
1.899907816563963525e-16
1.947620241335078982e-16
1.947620241335078982e-16
1.955972927342725665e-16
1.955972927342725665e-16
1.955972927342725665e-16
1.955972927342725665e-16
1.963870097854293340e-16
1.971167757268748778e-16
1.979295508971513431e-16
2.025135049781477849e-16
2.025135049781477849e-16
2.025135049781477849e-16
2.046906149395211324e-16
2.050977083854487518e-16
2.084033015194946229e-16
2.090163180863769408e-16
2.094289172464617132e-16
2.095353139961140560e-16
2.096286758498558605e-16
2.101791060934132883e-16
2.104389099212905629e-16
2.104389099212905629e-16
2.107399360192675385e-16
2.114736077237476301e-16
2.119936859533617705e-16
2.120649308357030599e-16
2.120649308357030599e-16
2.120649308357030599e-16
2.155370600586563045e-16
2.155370600586563045e-16
2.164525615024803356e-16
2.204087465260964308e-16
2.214744080885142688e-16
2.224096265770549444e-16
2.224096265770549444e-16
2.243164624421752240e-16
2.245573021435111803e-16
2.245573021435111803e-16
2.261623825211721154e-16
2.261623825211721154e-16
2.302254113396071379e-16
2.302254113396071379e-16
2.319474293213751305e-16
2.341667027005673615e-16
2.382128614461362687e-16
2.382128614461362687e-16
2.383251403690334275e-16
2.392811111647818336e-16
2.392811111647818336e-16
2.392811111647818336e-16
2.394047309176949974e-16
2.394047309176949974e-16
2.411145139791137667e-16
2.428582489445016294e-16
2.428582489445016294e-16
2.428582489445016294e-16
2.428582489445016294e-16
2.485556043059708670e-16
2.498614702950142205e-16
2.503964421872842326e-16
2.503964421872842326e-16
2.521224600468587258e-16
2.575164717340925171e-16
2.575164717340925171e-16
2.582047095324295935e-16
2.582047095324295935e-16
2.582047095324295935e-16
2.588207613007062475e-16
2.594262133927957440e-16
2.594262133927957440e-16
2.595389393608594874e-16
2.611643955866404897e-16
2.631148771772373725e-16
2.631148771772373725e-16
2.669414426312306024e-16
2.673093843320406678e-16
2.673093843320406678e-16
2.690202026559504982e-16
2.718519279133935524e-16
2.725206133678648584e-16
2.725919053075921118e-16
2.740716718664453745e-16
2.760504820033893123e-16
2.766302289983989168e-16
2.784721962569753210e-16
2.784989248521997955e-16
2.871289670926861985e-16
2.878755795783049002e-16
2.878755795783049002e-16
2.881689588510636298e-16
2.888175743304236103e-16
2.888941837547641604e-16
2.892527610357684645e-16
2.892527610357684645e-16
2.895473873292550689e-16
2.895473873292550689e-16
2.940824723149335143e-16
2.963195804434040496e-16
2.963195804434040496e-16
2.963195804434040496e-16
2.989356417009989562e-16
2.993837927161754025e-16
3.026813860946083218e-16
3.033529420496230898e-16
3.049573518595340988e-16
3.085103609646036258e-16
3.123681254654873726e-16
3.123681254654873726e-16
3.148078038761630498e-16
3.151360056145311339e-16
3.151360056145311339e-16
3.151360056145311339e-16
3.151360056145311339e-16
3.151360056145311339e-16
3.166218190474800621e-16
3.185229256758598965e-16
3.208200437357740737e-16
3.245258834660905591e-16
3.290594979084578375e-16
3.315409750422112384e-16
3.317518038956521098e-16
3.384524697831440662e-16
3.388046237309650416e-16
3.403551998913394877e-16
3.437306614791873600e-16
3.437306614791873600e-16
3.454232215373453082e-16
3.454232215373453082e-16
3.454550440945997872e-16
3.454550440945997872e-16
3.479469444393430174e-16
3.500997492608687431e-16
3.525137461031575351e-16
3.525137461031575351e-16
3.525137461031575351e-16
3.525137461031575351e-16
3.530872579945276178e-16
3.530872579945276178e-16
3.571725449565210724e-16
3.591350261805373582e-16
3.601021731054509196e-16
3.636074424924655134e-16
3.636074424924655134e-16
3.672323670476262557e-16
3.719292588549232792e-16
3.728832532404613923e-16
3.773680103518571776e-16
3.773680103518571776e-16
3.773680103518571776e-16
3.773680103518571776e-16
3.778398077034778229e-16
3.778398077034778229e-16
3.778398077034778229e-16
3.778398077034778229e-16
3.778398077034778229e-16
3.778398077034778229e-16
3.779046057239427769e-16
3.781215167445187992e-16
3.781215167445187992e-16
3.781215167445187992e-16
3.816352211679664506e-16
3.816352211679664506e-16
3.850987153605963273e-16
3.851576782652024293e-16
3.857186964206005111e-16
3.857186964206005111e-16
3.879872388828913836e-16
3.884425661494265341e-16
3.922685904434812514e-16
3.985450575252496528e-16
4.060757686436648595e-16
4.060757686436648595e-16
4.074621733487762930e-16
4.101961368868903968e-16
4.108018830876421071e-16
4.148397009115498355e-16
4.148397009115498355e-16
4.176784847768866590e-16
4.177259303862793785e-16
4.177259303862793785e-16
4.203063692027036404e-16
4.203063692027036404e-16
4.204263773012444948e-16
4.249634504614797118e-16
4.249634504614797118e-16
4.303555210315426956e-16
4.303555210315426956e-16
4.348856061699630647e-16
4.469552727440518039e-16
4.469552727440518039e-16
4.517981247982457740e-16
4.578266229847055284e-16
4.680772510115261722e-16
4.730264645223330491e-16
4.732800450109173053e-16
4.789828002074252891e-16
4.855544229782723289e-16
4.898530328351624537e-16
4.933749605368063984e-16
5.008316386227622539e-16
5.009371177533883717e-16
5.117342584963854168e-16
5.149199494110088404e-16
5.161674877701565819e-16
5.161674877701565819e-16
5.190945983489376730e-16
5.190945983489376730e-16
5.190945983489376730e-16
5.213199891883044909e-16
5.224017208480272032e-16
5.334741708275748533e-16
5.334741708275748533e-16
5.334741708275748533e-16
5.334741708275748533e-16
5.439549918221584305e-16
5.460417516024913275e-16
5.466847907816151843e-16
5.475594464144271775e-16
5.575087895276481174e-16
5.599127160893417365e-16
5.692225493273856797e-16
5.742271964388517985e-16
5.855578150021147313e-16
5.855578150021147313e-16
5.861697963065059632e-16
5.866868158060327855e-16
5.866868158060327855e-16
5.909658850834036680e-16
5.922061060190348625e-16
5.934619264781112908e-16
6.025948004162580559e-16
6.049527283831772145e-16
6.049527283831772145e-16
6.053938443191528488e-16
6.053938443191528488e-16
6.059899672844760200e-16
6.059899672844760200e-16
6.059899672844760200e-16
6.059899672844760200e-16
6.153440579940140003e-16
6.203956919053596768e-16
6.227114329257670192e-16
6.227114329257670192e-16
6.361929740151173622e-16
6.361929740151173622e-16
6.361929740151173622e-16
6.361929740151173622e-16
6.361929740151173622e-16
6.393095846871536456e-16
6.447562771179681024e-16
6.461809982995963142e-16
6.461809982995963142e-16
6.461809982995963142e-16
6.485145152475494196e-16
6.485145152475494196e-16
6.609043367470073763e-16
6.742008364304220908e-16
6.783907437257479794e-16
6.797566431749280308e-16
6.888835290607115237e-16
6.888835290607115237e-16
6.971144893752297378e-16
7.128188625585853686e-16
7.155978835437547999e-16
7.172287572510943157e-16
7.200868287625008926e-16
7.200868287625008926e-16
7.357641321845838218e-16
7.528125348969952136e-16
7.528125348969952136e-16
7.548278556832697750e-16
7.548278556832697750e-16
7.567754785376696745e-16
7.582528569341854958e-16
7.582528569341854958e-16
7.690683030003204365e-16
7.702378202135488543e-16
7.814528481903777225e-16
7.875919429981865565e-16
7.982372589675615569e-16
8.037260383479427117e-16
8.084337239431439389e-16
8.108413033344225922e-16
8.347223737841129584e-16
8.407153907015598616e-16
8.465547064321196440e-16
8.571666645970232177e-16
8.581101181281066654e-16
8.581101181281066654e-16
8.581101181281066654e-16
8.581101181281066654e-16
8.747451864087777260e-16
8.747451864087777260e-16
8.874243284814554197e-16
9.023452373638136459e-16
9.204184264167645670e-16
9.204184264167645670e-16
9.281886831584018912e-16
9.335148733881228464e-16
9.335148733881228464e-16
9.335703305174750457e-16
9.371626207754734908e-16
9.667460934912771845e-16
9.667460934912771845e-16
9.675597392231938121e-16
9.675597392231938121e-16
9.706686324839327800e-16
9.758789909581167097e-16
9.999576436071006202e-16
1.002993056759665278e-15
1.007533600402114912e-15
1.011435222386712076e-15
1.013052372983871434e-15
1.016910066898676160e-15
1.016910066898676160e-15
1.030208578285340505e-15
1.031368731078763211e-15
1.032996763696425511e-15
1.035782925639914210e-15
1.035782925639914210e-15
1.043952123135361733e-15
1.043952123135361733e-15
1.043952123135361733e-15
1.043952123135361733e-15
1.050423837193645588e-15
1.077821970787706476e-15
1.084383352694934303e-15
1.097745626839572689e-15
1.114281415800217717e-15
1.116491342406123856e-15
1.116491342406123856e-15
1.119270957490791003e-15
1.122815549205947190e-15
1.122815549205947190e-15
1.125734901198218340e-15
1.130512672887631670e-15
1.130951335957364280e-15
1.135438487113270647e-15
1.135438487113270647e-15
1.135438487113270647e-15
1.137563028092355000e-15
1.139173790649370416e-15
1.139173790649370416e-15
1.154438065512721756e-15
1.162469484864255999e-15
1.191571954627310945e-15
1.221200796545351947e-15
1.221207708098914634e-15
1.228605511512863126e-15
1.231309358323963837e-15
1.253898497653027771e-15
1.260426798217926766e-15
1.281442767959182983e-15
1.301694502223779007e-15
1.316496097104039263e-15
1.318877294948314957e-15
1.353278085204256916e-15
1.364865484158349168e-15
1.364865484158349168e-15
1.364865484158349168e-15
1.366897516198812234e-15
1.402904322097960973e-15
1.412342669057057700e-15
1.415622615915756122e-15
1.441851508758730989e-15
1.452707600641987559e-15
1.452958981197778230e-15
1.458050402128951999e-15
1.458050402128951999e-15
1.459068347502007812e-15
1.462904889121824336e-15
1.466907331555837719e-15
1.466907331555837719e-15
1.466907331555837719e-15
1.481934896003471016e-15
1.489315564646757277e-15
1.491417547491447695e-15
1.491417547491447695e-15
1.533637551816943541e-15
1.549475632680327177e-15
1.560214363443003111e-15
1.564017047273622420e-15
1.566116489019471076e-15
1.568963460869964609e-15
1.570440874559519965e-15
1.577308923568866475e-15
1.579224394464310246e-15
1.593614731319985384e-15
1.593614731319985384e-15
1.593614731319985384e-15
1.617358617725259989e-15
1.621128055512699567e-15
1.654039132454831315e-15
1.654039132454831315e-15
1.666221172066589239e-15
1.666221172066589239e-15
1.666221172066589239e-15
1.684946800011509363e-15
1.684946800011509363e-15
1.718827623799128877e-15
1.718827623799128877e-15
1.752726441154704256e-15
1.758422725960642849e-15
1.786597077018263564e-15
1.795534880445092401e-15
1.798911200830233957e-15
1.805506940511384787e-15
1.809141105960713313e-15
1.811600236718309495e-15
1.811600236718309495e-15
1.820726593208500954e-15
1.824837055871982414e-15
1.824837055871982414e-15
1.864460668927214058e-15
1.877514234855617589e-15
1.877755015735221201e-15
1.893841712532970552e-15
1.895330125886493833e-15
1.900153537358113581e-15
1.946201760028284637e-15
1.947793293760962841e-15
1.948447132610164092e-15
1.968975605479409213e-15
1.971731115418119147e-15
1.971731115418119147e-15
1.971731115418119147e-15
1.995439314678317574e-15
1.998015588916084683e-15
1.999662220965547043e-15
2.019371848261727223e-15
2.052900194581997056e-15
2.066841627504320569e-15
2.069654023940480998e-15
2.090680063962332239e-15
2.097422063881215469e-15
2.097477432777968930e-15
2.129244997594787703e-15
2.129244997594787703e-15
2.129244997594787703e-15
2.131236895567201308e-15
2.131236895567201308e-15
2.174841722293205774e-15
2.189817570673670447e-15
2.192164775438764471e-15
2.193804084182536897e-15
2.196299843232928538e-15
2.200047922849316191e-15
2.200047922849316191e-15
2.200047922849316191e-15
2.201588828716876085e-15
2.212638479392926840e-15
2.226761753818940722e-15
2.226761753818940722e-15
2.247439622124257820e-15
2.275644766358815242e-15
2.286930080423746351e-15
2.286930080423746351e-15
2.296448936688045060e-15
2.296448936688045060e-15
2.297261100112304190e-15
2.338522869005352362e-15
2.344949507970060975e-15
2.375997012431287946e-15
2.375997012431287946e-15
2.392258468596140988e-15
2.396104298167510866e-15
2.397466538904932595e-15
2.405774185112043569e-15
2.454653574233199104e-15
2.454653574233199104e-15
2.468448452809127757e-15
2.468448452809127757e-15
2.478641106136447396e-15
2.550186361654472449e-15
2.555725763017798626e-15
2.555725763017798626e-15
2.555725763017798626e-15
2.555725763017798626e-15
2.555725763017798626e-15
2.562661915828973855e-15
2.566019554431889902e-15
2.580367621990627971e-15
2.580367621990627971e-15
2.582313997824299947e-15
2.582313997824299947e-15
2.602175361661503236e-15
2.602175361661503236e-15
2.671950806540146210e-15
2.737957354791288413e-15
2.774052252116951796e-15
2.777058042645055511e-15
2.792970068308299710e-15
2.792970068308299710e-15
2.792970068308299710e-15
2.792970068308299710e-15
2.818604067560159464e-15
2.857329631579584602e-15
2.857329631579584602e-15
2.864621291177330092e-15
2.891116240598341744e-15
2.891116240598341744e-15
2.894314489952842949e-15
2.937142028659757139e-15
2.951324218932991110e-15
2.951324218932991110e-15
2.952702612118143162e-15
3.012293785766340498e-15
3.020375727103874250e-15
3.055064885020970187e-15
3.057181355658362666e-15
3.093163503487269004e-15
3.120701373988933696e-15
3.120701373988933696e-15
3.120701373988933696e-15
3.127367435051226499e-15
3.132734647557156796e-15
3.132734647557156796e-15
3.141990111867898755e-15
3.148942487712882983e-15
3.150155850645478191e-15
3.168914959920507619e-15
3.191307275850626624e-15
3.192340526638465309e-15
3.198010865178220950e-15
3.209100402871045015e-15
3.218720326636036291e-15
3.279718322012677508e-15
3.318747970860166939e-15
3.323179188430688474e-15
3.323179188430688474e-15
3.324330517964243882e-15
3.355609180069646025e-15
3.360498360120316253e-15
3.363618082461998959e-15
3.378680110562673469e-15
3.400289473940867435e-15
3.400289473940867435e-15
3.430366366877139913e-15
3.456318721109356117e-15
3.456894691749142464e-15
3.468197964088990101e-15
3.468197964088990101e-15
3.477683068443209805e-15
3.477683068443209805e-15
3.480634466515318873e-15
3.480634466515318873e-15
3.480634466515318873e-15
3.480634466515318873e-15
3.510288695893084350e-15
3.513836769854801581e-15
3.544035570831572898e-15
3.559709533179252724e-15
3.560416335116350129e-15
3.561478379142222566e-15
3.561478379142222566e-15
3.561478379142222566e-15
3.639198416613132928e-15
3.682896040504247654e-15
3.683735085460235136e-15
3.688625971341146450e-15
3.706842373666088734e-15
3.749334093220283037e-15
3.749334093220283037e-15
3.824082686172666109e-15
3.860356589794516033e-15
3.870611523572152018e-15
3.870611523572152018e-15
3.871185500155208107e-15
3.872310801072154917e-15
3.872310801072154917e-15
3.914497841698787111e-15
3.921965625327829398e-15
3.981204309744330278e-15
4.013941056718005446e-15
4.040947449338307403e-15
4.045852717132802569e-15
4.045852717132802569e-15
4.072892132273700865e-15
4.072892132273700865e-15
4.072892132273700865e-15
4.072892132273700865e-15
4.073956776220147163e-15
4.073956776220147163e-15
4.189629148390930787e-15
4.204629437201227957e-15
4.236415966144587728e-15
4.328384691857264417e-15
4.369557798752993482e-15
4.378122066532256460e-15
4.389172005434796386e-15
4.389172005434796386e-15
4.417951590944096546e-15
4.419949059334572690e-15
4.469593495672296729e-15
4.470256704823477374e-15
4.470256704823477374e-15
4.470256704823477374e-15
4.502386176231356730e-15
4.508426032894352454e-15
4.511306650775806191e-15
4.543801169855258995e-15
4.543801169855258995e-15
4.595671479370555774e-15
4.595815257331179297e-15
4.595815257331179297e-15
4.595949441467240429e-15
4.617015139101108301e-15
4.617015139101108301e-15
4.636341825154703891e-15
4.636341825154703891e-15
4.640063934976215832e-15
4.657039839903384722e-15
4.720888412902718985e-15
4.723619758873739412e-15
4.751988880451842504e-15
4.763011231961863780e-15
4.783307970733955780e-15
4.783307970733955780e-15
4.783307970733955780e-15
4.862085575896899445e-15
4.862085575896899445e-15
4.862085575896899445e-15
4.877724462845520576e-15
4.885380417196664879e-15
4.958569428381435442e-15
4.990828701706308625e-15
5.079184667198095219e-15
5.107915668897479687e-15
5.120746673977905309e-15
5.120746673977905309e-15
5.132579388967173193e-15
5.154492440126737033e-15
5.217825478875288517e-15
5.316938795149157221e-15
5.318673598034472833e-15
5.376544612467647190e-15
5.388449378196990893e-15
5.488931996757262084e-15
5.488931996757262084e-15
5.491035382500271195e-15
5.540588018701249313e-15
5.543552281086244412e-15
5.556345696138549177e-15
5.584509479871935330e-15
5.663228216245044820e-15
5.694172865024913281e-15
5.698378689481039525e-15
5.703196218779414407e-15
5.754036983276016738e-15
5.762833073385031378e-15
5.762833073385031378e-15
5.790564582088829454e-15
5.870720489263239394e-15
5.901298740412773930e-15
5.950319422276356876e-15
6.000348435100826732e-15
6.007395322764422437e-15
6.076161145545151305e-15
6.099242202199419621e-15
6.131155680205749130e-15
6.131155680205749130e-15
6.131155680205749130e-15
6.142061035289930905e-15
6.145841510975464588e-15
6.148604655975045994e-15
6.148604655975045994e-15
6.171285742495186093e-15
6.171285742495186093e-15
6.171285742495186093e-15
6.215479471818855953e-15
6.257080583286397879e-15
6.257693238099625731e-15
6.277493997905887712e-15
6.284898330532138284e-15
6.289617177551071593e-15
6.290749545899172056e-15
6.290749545899172056e-15
6.310471146358991939e-15
6.310471146358991939e-15
6.335918060149713346e-15
6.353859079710939706e-15
6.369175611801397690e-15
6.378217067944059929e-15
6.448381953866722933e-15
6.458166575541482415e-15
6.469932316106184322e-15
6.489084613369591039e-15
6.565048569193472471e-15
6.589995398261439149e-15
6.661030525245893458e-15
6.756848945117762268e-15
6.782383309178114787e-15
6.813096676788169408e-15
6.896814625144666145e-15
6.944284360270960418e-15
7.024658787240328943e-15
7.041752253281969099e-15
7.041752253281969099e-15
7.089819681913842582e-15
7.158363640884122920e-15
7.167586379724017052e-15
7.172738848790212465e-15
7.172738848790212465e-15
7.217165965101716933e-15
7.224537234032158539e-15
7.256579878680771434e-15
7.341884910905886844e-15
7.356334337132893099e-15
7.363483748135059070e-15
7.382220940432578293e-15
7.391111671768014788e-15
7.391111671768014788e-15
7.407939598862863615e-15
7.422011798378593194e-15
7.498279583156002244e-15
7.586617187444004602e-15
7.593522614723235944e-15
7.674673176805739637e-15
7.680460905876941962e-15
7.740852752123963661e-15
7.752698287309818896e-15
7.764945751393492086e-15
7.769490386087432814e-15
7.810726246948424608e-15
7.887621427265213997e-15
7.928664682245476478e-15
7.940384944787736224e-15
7.950504073890582479e-15
7.969085803290328042e-15
7.973789359599910911e-15
8.049006447063637311e-15
8.118550701946153011e-15
8.164889574560696882e-15
8.203283319305208831e-15
8.215430262930302142e-15
8.292022846608857826e-15
8.344415919565854305e-15
8.384835914174528784e-15
8.460714799067856809e-15
8.522552818782330771e-15
8.534493862815161823e-15
8.534493862815161823e-15
8.613581973198265627e-15
8.664529413847749244e-15
8.744556524956791010e-15
8.817699872830662988e-15
8.857882351165884994e-15
8.977659059716715510e-15
8.997354287452792762e-15
9.012353914518599889e-15
9.068524392666697042e-15
9.103191021860265093e-15
9.110245673992543436e-15
9.258722226371081564e-15
9.360340960223810082e-15
9.391267591907029128e-15
