[Problem]
Name = anagallis_roots_grow

[TimeLoop]
TEnd = 864000 # 7 days [s]
DtInitial = 7200 # [s]
PeriodicCheckTimes = 86400
MaxTimeStepSize = 3600 

[RootSystem.Grid]
File =  grids/anagallis15.dgf
InitialT = 1 # days

[RootSystem.Conductivity]
Kx0 = 0.0006736268	0.0006736268 0.074759246 0.08296797 0.09207803 0.102188394 0.113408897 0.125861436 0.13968129 0.155018593 0.172039965 0.190930319 0.211894875 0.235161384 0.260982605 0.289639051 0.321442035 0.356737056  4.3	4.3    # axial conductivity (cm^3 / day) # setting overrides kr, kx from grid data, age is calculated from grid data   
KxAge0 = -154	0	2	4	6	8	10	12	14	16	18	20	22	24	26	28	30	32	60	1e20	# days

Kr0 = 	0	0 0.00109 0.00103 0.000983 0.000935 0.00089 0.000847 0.000806 0.000767 0.00073 0.000695 0.000662 0.00063 0.000599 0.00057 0.000543 0.000517 0.0008 0.0008  
KrAge0 = -154	0	2	4	6	8	10	12	14	16	18	20	22	24	26	28	30	32 	60	1e20	# days

Kx1 = 0.0006736268	0.0006736268 0.074759246 0.08296797 0.09207803 0.102188394 0.113408897 0.125861436 0.13968129 0.155018593 0.172039965 0.190930319 0.211894875 0.235161384 0.260982605 0.289639051 0.321442035 0.356737056 	4.3	4.3  
KxAge1 = -154	0	2	4	6	8	10	12	14	16	18	20	22	24	26	28	30	32	60	1e20 # days

Kr1 = 	0	0 0.00109 0.00103 0.000983 0.000935 0.00089 0.000847 0.000806 0.000767 0.00073 0.000695 0.000662 0.00063 0.000599 0.00057 0.000543 0.000517  0.0008 0.0008  
KrAge1 = -154	0	2	4	6	8	10	12	14	16	18	20	22	24	26	28	30	32	60	1e20 # days

Kx2 = 0.000407	0.000407 0.0005 0.000615 0.000756 0.00093 0.00114 0.00141 0.00173 0.00212 0.00261 0.00321 0.00395 0.00486 0.00597 0.00734 0.00903 0.0111 0.0136	0.43	0.43   
KxAge2 = -154	0 1 2 3 4  5  6  7  8  9 10 11  12  13  14 15 16 17 60	1e20# days

Kr2 =  0	0 0.00389 0.00367 0.00347 0.00328 0.0031 0.00293 0.00277 0.00262 0.00248 0.00234 0.00221 0.00209 0.00198 0.00187 0.00177 0.00167 0.00158	0.0018 0.0018
KrAge2 = -154	0 1 2 3 4  5  6  7  8  9 10 11  12  13  14 15 16 17	60	1e20 # days

Kx3 = 0.000407	0.000407 0.0005 0.000615 0.000756 0.00093 0.00114 0.00141 0.00173 0.00212 0.00261 0.00321 0.00395 0.00486 0.00597 0.00734 0.00903 0.0111 0.0136 0.43	0.43  
KxAge3 = -154	0 1 2 3 4  5  6  7  8  9 10 11  12  13  14 15 16 17 	60	1e20	# days

Kr3 =  0	0 0.00389 0.00367 0.00347 0.00328 0.0031 0.00293 0.00277 0.00262 0.00248 0.00234 0.00221 0.00209 0.00198 0.00187 0.00177 0.00167 0.00158	0.0018	0.0018
KrAge3 = -154	0 1 2 3 4  5  6  7  8  9 10 11  12  13  14 15 16 17 60	1e20	# days

[RootSystem.Collar]
Transpiration = 2e-2 # 2.36478e-07 # kg/day 
Sinusoidal = True

[Soil.IC]
P = -400

[Component]
liquidDiffCoeff = 1.2e-9

[Control]
cD = 0 # 0 -> interaction between pressure and chemical regulation
CritCollarP = -10000
CritCollarPAlpha = -1000
CritTipP = 0
ProductionRate = 3.26e-16 #  [mol kg-1 Pa-1 s-1] 
ProductionAge = 5
ProductionGrowth = "true"

[Vtk]
AddProcessRank = "false"
AddVelocity = "true"

