[Problem]
Name = soybean_2008

[TimeLoop]
TEnd = 604800 # 7 days [s]
DtInitial = 360 # [s]
PeriodicCheckTimes = 7200
MaxTimeStepSize = 3600 

[RootSystem.Grid]
File =  ../../../grids/Glycine_max_Moraes2020_opt2_154days.dgf
InitialT = 1 # days
orderIdx = 0 # Parameter positions in Magdalena's DGF
radiusIdx = 4		
ctIdx = 7
krIdx = 6
kxIdx = 5
Grow = true

[RootSystem.Conductivity]
# artificial shoot
ShootKx = 0.356832
ShootKr = 0
ShootRadius = 0.2

# tap root
Kx0 =	1.e-5	1.e-2	0.067392	0.074736	0.082944	0.092448	0.101952	0.113184	0.126144	0.139968	0.154656	0.171936	0.190944	0.21168	0.235008	0.260928	0.28944	0.321408	0.356832	0.356832   
KxAge0 = -154	0	0	2	4	6	8	10	12	14	16	18	20	22	24	26	28	30	32	1e20

Kr0 =	0	0	1.14048e-3	1.08864e-3	1.0368e-3	9.8486e-4	9.3312e-4	8.8992e-4	8.47584e-4	8.06112e-4	7.67232e-4	7.3008e-4	6.9552e-4	6.61824e-4	6.29856e-4	5.99616e-4	5.7024e-4	5.42592e-4	5.16672e-4	5.16672e-4
KrAge0 = -1e20	0	0	2	4	6	8	10	12	14	16	18	20	22	24	26	28	30	32	1e20

# 1st order laterals
Kx1 =	1.e-5	1.e-5	4.06944e-4	5.00256e-4	6.15168e-4	7.56e-4	9.3312e-4	1.14048e-3	1.40832e-3	1.728e-3	2.12544e-3	2.60928e-3	3.21408e-3	3.94848e-3	4.85568e-3	5.97024e-3	7.344e-3	8.9856e-3	0.110592	0.0136512	0.0136512
KxAge1 = -154	0	0	1	2	3	4	5	6	7	8	9	10	11	12	13	14	15	16	17	1e20

Kr1 =	0	0	4.11264e-3	3.888e-3	3.672e-3	3.47328e-3	3.2832e-3	3.10176e-3	2.92896e-3	2.77344e-3	2.61792e-3	2.47968e-3	2.34144e-3	2.21184e-3	2.09952e-3	1.97856e-3	1.86634e-3	1.76256e-3	1.66752e-3	1.58112e-3	1.58112e-3  
KrAge1 = -1e20	0	0	1	2	3	4	5	6	7	8	9	10	11	12	13	14	15	16	17	1e20

# 2nd order laterals
Kx2 =	1.e-5	1.e-5	4.06944e-4	5.00256e-4	6.15168e-4	7.56e-4	9.3312e-4	1.14048e-3	1.40832e-3	1.728e-3	2.12544e-3	2.60928e-3	3.21408e-3	3.94848e-3	4.85568e-3	5.97024e-3	7.344e-3	8.9856e-3	0.110592	0.0136512	0.0136512
KxAge2 = -154	0	0	1	2	3	4	5	6	7	8	9	10	11	12	13	14	15	16	17	1e20

Kr2 =	0	0	4.11264e-3	3.888e-3	3.672e-3	3.47328e-3	3.2832e-3	3.10176e-3	2.92896e-3	2.77344e-3	2.61792e-3	2.47968e-3	2.34144e-3	2.21184e-3	2.09952e-3	1.97856e-3	1.86634e-3	1.76256e-3	1.66752e-3	1.58112e-3	1.58112e-3  
KrAge2 = -1e20	0	0	1	2	3	4	5	6	7	8	9	10	11	12	13	14	15	16	17	1e20 

# basal roots
Kx3 =	1.e-5	1.e-5	0.067392	0.074736	0.082944	0.092448	0.101952	0.113184	0.126144	0.139968	0.154656	0.171936	0.190944	0.21168	0.235008	0.260928	0.28944	0.321408	0.356832	0.356832   
KxAge3 = -154	0	0	2	4	6	8	10	12	14	16	18	20	22	24	26	28	30	32	1e20

Kr3 =	0	0	1.14048e-3	1.08864e-3	1.0368e-3	9.8486e-4	9.3312e-4	8.8992e-4	8.47584e-4	8.06112e-4	7.67232e-4	7.3008e-4	6.9552e-4	6.61824e-4	6.29856e-4	5.99616e-4	5.7024e-4	5.42592e-4	5.16672e-4	5.16672e-4
KrAge3 = -1e20	0	0	2	4	6	8	10	12	14	16	18	20	22	24	26	28	30	32	1e20

# shoot borne root
Kx4 =	1.e-5	1.e-5	0.067392	0.074736	0.082944	0.092448	0.101952	0.113184	0.126144	0.139968	0.154656	0.171936	0.190944	0.21168	0.235008	0.260928	0.28944	0.321408	0.356832	0.356832   
KxAge4 = -154	0	0	2	4	6	8	10	12	14	16	18	20	22	24	26	28	30	32	1e20

Kr4 =	0	0	1.14048e-3	1.08864e-3	1.0368e-3	9.8486e-4	9.3312e-4	8.8992e-4	8.47584e-4	8.06112e-4	7.67232e-4	7.3008e-4	6.9552e-4	6.61824e-4	6.29856e-4	5.99616e-4	5.7024e-4	5.42592e-4	5.16672e-4	5.16672e-4
KrAge4 = -1e20	0	0	2	4	6	8	10	12	14	16	18	20	22	24	26	28	30	32	1e20

[RootSystem.Collar]
CSVFile = input/soybean_transpiration_2008.csv # kg/day 
Sinusoidal = True

#[Soil.IC]
#P = -5000

[Component]
liquidDiffCoeff = 1.2e-9
MolarMass = 0.26432 			# Molar mass of ABA is 264.321 g/mol

[Control]
cD = 0 # 0 -> interaction between pressure and chemical regulation
CritCollarP = -100000 # pressure, when to switch to dirichlet
CritCollarPAlpha = -5500 # for alpha
CritTipP = -4500 # when production starts
ProductionRate = 3.26e-16 # [mol kg-1 Pa-1 s-1]
ProductionAge = 5 # [day]
ProductionGrowth = "true"
Decay = 0.693 # [day-1]
b = 1.e8 # [cm] pressure head
c = 200 # [1] 

[Vtk]
AddProcessRank = "false"
AddVelocity = "true"
