1.336533571558318184e-19
3.119545401330098783e-19
4.457526543647093155e-19
5.349993477324644460e-19
6.242937921165717046e-19
6.242937921165717046e-19
6.689884685147471366e-19
6.689884685147471366e-19
7.584719464103182345e-19
8.927673210091918768e-19
1.251074638437489684e-18
1.251074638437489684e-18
1.251074638437489684e-18
1.251074638437489684e-18
1.430597136989794416e-18
1.700017793230678090e-18
1.744943961381702217e-18
1.834841564450763928e-18
1.969755594700504754e-18
2.059743183404283014e-18
2.329840112748416577e-18
2.374878538327188870e-18
2.600181573114878913e-18
2.960843169627149864e-18
3.141261985351156958e-18
3.321768467698838657e-18
3.502362267923030200e-18
3.592702653639957841e-18
3.592702653639957841e-18
3.818769756254146829e-18
3.909239569063018829e-18
4.090264799697752832e-18
4.361930548410052218e-18
4.679022556372867821e-18
4.860302590915709136e-18
6.012267399181557597e-18
6.127746224323893620e-18
8.564377669258764519e-18
8.564377669258764519e-18
8.609740989322827475e-18
9.222145810187686620e-18
9.390046563287872718e-18
1.027359604204602529e-17
1.105568979667749645e-17
1.105841912506309398e-17
1.109945316561896966e-17
1.137690351323071091e-17
1.137690351323071091e-17
1.212229250681449521e-17
1.212229250681449521e-17
1.325091685164489252e-17
1.386868621450902941e-17
1.386868621450902941e-17
1.408420904219928942e-17
1.458122915269372909e-17
1.560755074045019069e-17
1.572133549969801735e-17
1.692534577683404739e-17
1.692534577683404739e-17
1.692534577683404739e-17
1.846835746241563220e-17
1.893949601063285782e-17
1.942145775762055472e-17
1.942145775762055472e-17
1.969457882572410869e-17
2.046180244639267016e-17
2.046180244639267016e-17
2.046180244639267016e-17
2.046180244639267016e-17
2.092155310720792062e-17
2.213845710809659980e-17
2.254051541372664205e-17
2.254051541372664205e-17
2.416465403270080506e-17
2.458506471885468844e-17
2.484463325980217361e-17
2.495597103498015621e-17
2.551256579609814731e-17
2.551256579609814731e-17
2.551256579609814731e-17
2.577533423929081505e-17
2.577533423929081505e-17
2.617927484035920053e-17
2.667140098271394903e-17
2.788388158932252208e-17
2.797018483517054494e-17
2.808707538189163838e-17
2.824603523165969336e-17
2.916497186465869345e-17
2.936496575498262411e-17
2.985953888140721973e-17
3.061217471242862347e-17
3.061217471242862347e-17
3.192027592730501668e-17
3.226708886181969478e-17
3.239988480499478839e-17
3.288542291331533403e-17
3.390816813973894380e-17
3.569747818342769538e-17
3.636221081747848960e-17
3.670676499746715829e-17
3.670676499746715829e-17
3.678958599675424817e-17
3.725413651093727402e-17
3.725413651093727402e-17
3.734749836467907860e-17
3.771802822171687712e-17
3.820130757551141335e-17
4.129871883407655814e-17
4.129871883407655814e-17
4.288314101930168481e-17
4.288314101930168481e-17
4.299259649904132110e-17
4.310186374923712585e-17
4.317273217249073359e-17
4.393572062842302664e-17
4.393572062842302664e-17
4.640453932535355864e-17
4.640453932535355864e-17
4.750784679653824272e-17
4.787809430926028774e-17
4.808147633137323560e-17
4.808147633137323560e-17
4.808147633137323560e-17
4.808147633137323560e-17
4.870893951574484060e-17
4.870893951574484060e-17
4.873039768374195160e-17
4.873039768374195160e-17
4.881538332278313512e-17
5.010635564917060461e-17
5.216982202345399601e-17
5.216982202345399601e-17
5.216982202345399601e-17
5.216982202345399601e-17
5.344893588857990530e-17
5.408642229616068208e-17
5.416627868013238191e-17
5.416627868013238191e-17
5.416627868013238191e-17
5.577088848393373813e-17
5.577088848393373813e-17
5.626164996209568940e-17
5.709743619410588824e-17
5.743926104570896247e-17
5.783797827693594233e-17
5.848492321909439624e-17
5.881060738731367472e-17
5.884081822909908221e-17
5.884081822909908221e-17
5.884081822909908221e-17
5.903045949451212971e-17
5.903045949451212971e-17
5.903045949451212971e-17
5.938517806986785000e-17
6.137909362770447300e-17
6.199013378437653492e-17
6.199013378437653492e-17
6.226019612239277690e-17
6.226019612239277690e-17
6.298229170992706794e-17
6.298229170992706794e-17
6.298229170992706794e-17
6.521055304983738481e-17
6.521055304983738481e-17
6.567858581058134980e-17
6.578912361019803599e-17
6.733919390367340561e-17
6.905438856447739975e-17
6.965648781781732746e-17
7.138236450523392846e-17
7.231843002672184610e-17
7.231843002672184610e-17
7.231843002672184610e-17
7.231843002672184610e-17
7.272858220273675902e-17
7.272858220273675902e-17
7.308090085140858391e-17
7.308090085140858391e-17
7.317821552557091267e-17
7.334376340937316434e-17
7.557362470040607403e-17
8.007748711050102048e-17
8.065370480156374032e-17
8.163875706183452756e-17
8.269246604821887718e-17
8.302836166919117132e-17
8.302836166919117132e-17
8.592248502041528403e-17
8.925715961898354869e-17
9.039044264502383849e-17
9.039044264502383849e-17
9.242440403831120920e-17
9.300692741909237224e-17
9.420006744007197004e-17
9.468089980979666531e-17
9.474080386212192503e-17
9.499938419796428223e-17
9.948160021051829230e-17
9.948160021051829230e-17
1.013982475406109424e-16
1.013982475406109424e-16
1.029243185672474443e-16
1.032705197557446575e-16
1.043228170205502459e-16
1.044422486661131022e-16
1.045206933285060408e-16
1.049219987159607476e-16
1.049219987159607476e-16
1.070767093616178078e-16
1.075012140403500921e-16
1.075012140403500921e-16
1.110538113932924953e-16
1.121374959345324444e-16
1.125687298194568114e-16
1.125687298194568114e-16
1.133804697272421908e-16
1.133804697272421908e-16
1.156140014943798527e-16
1.171648247060305485e-16
1.171648247060305485e-16
1.190098977520802102e-16
1.192397730824878247e-16
1.201452042457167077e-16
1.208713467684434387e-16
1.221518723551481093e-16
1.232481212184390054e-16
1.232481212184390054e-16
1.237372827454783639e-16
1.243165591666283772e-16
1.243165591666283772e-16
1.276793270246139136e-16
1.285943578945783536e-16
1.285963813621745612e-16
1.293916982422603852e-16
1.293916982422603852e-16
1.293916982422603852e-16
1.293916982422603852e-16
1.293983333336805521e-16
1.293983333336805521e-16
1.293983333336805521e-16
1.298128147892036646e-16
1.300534192036098500e-16
1.311067987882925005e-16
1.311286334153772808e-16
1.313028398581959070e-16
1.313028398581959070e-16
1.319215503687792094e-16
1.331266900231782472e-16
1.331266900231782472e-16
1.331266900231782472e-16
1.370427586252646733e-16
1.376175645947486441e-16
1.376175645947486441e-16
1.382639919056615428e-16
1.418432237390565170e-16
1.436980847213855672e-16
1.444776844345612226e-16
1.445195184506783824e-16
1.476650223576931907e-16
1.491495887699142196e-16
1.491495887699142196e-16
1.491495887699142196e-16
1.492913256164214474e-16
1.492913256164214474e-16
1.497621818203229103e-16
1.513200636398674001e-16
1.533276258396320200e-16
1.533276258396320200e-16
1.533276258396320200e-16
1.533276258396320200e-16
1.583070501922242921e-16
1.593778410097115952e-16
1.593778410097115952e-16
1.600522204078838858e-16
1.600522204078838858e-16
1.601723108568501649e-16
1.608625015367045521e-16
1.608625015367045521e-16
1.616930173414873936e-16
1.618874114028822556e-16
1.624882871641872535e-16
1.630405055884110933e-16
1.631130680775592035e-16
1.632687339103101632e-16
1.635159263587505514e-16
1.635159263587505514e-16
1.635159263587505514e-16
1.635159263587505514e-16
1.635636425481125519e-16
1.643403011746657992e-16
1.662596778331440438e-16
1.664218375851572782e-16
1.671471566036297370e-16
1.677156568833952400e-16
1.679116979532986465e-16
1.679116979532986465e-16
1.679116979532986465e-16
1.698993313501098083e-16
1.721334042771860075e-16
1.743774533700854267e-16
1.748036285860192252e-16
1.756346620220476220e-16
1.758476672795890965e-16
1.758476672795890965e-16
1.758476672795890965e-16
1.764139793909075423e-16
1.779191569381784340e-16
1.779191569381784340e-16
1.779191569381784340e-16
1.779191569381784340e-16
1.796273400484745982e-16
1.819605393590725325e-16
1.855395359055377111e-16
1.883059219825772740e-16
1.885937484837928865e-16
1.889666547388215923e-16
1.898262990655127790e-16
1.899456601249966893e-16
1.899456601249966893e-16
1.909403356206960155e-16
1.909403356206960155e-16
1.919558810670679576e-16
1.951510305162690459e-16
1.998831683056490263e-16
2.002190639266213205e-16
2.022563663943117443e-16
2.022563663943117443e-16
2.022563663943117443e-16
2.022563663943117443e-16
2.027945146601339847e-16
2.037624850893018184e-16
2.041988952866816147e-16
2.076506016041288526e-16
2.076506016041288526e-16
2.079453220123873851e-16
2.084993286172776615e-16
2.084993286172776615e-16
2.131334929290919027e-16
2.138762937664479601e-16
2.143186802518445005e-16
2.148085005822872817e-16
2.148085005822872817e-16
2.156875796093793779e-16
2.164480740238558721e-16
2.164480740238558721e-16
2.176837068643560648e-16
2.178135852496017324e-16
2.181103291254564971e-16
2.181103291254564971e-16
2.181103291254564971e-16
2.181103291254564971e-16
2.214933316594042086e-16
2.214933316594042086e-16
2.227448228389724127e-16
2.261818237233075859e-16
2.268768613139157034e-16
2.278673957596506862e-16
2.278673957596506862e-16
2.298403237233498079e-16
2.303414613551156120e-16
2.303414613551156120e-16
2.319389419649442651e-16
2.319389419649442651e-16
2.355632312453945667e-16
2.355632312453945667e-16
2.374914546924330174e-16
2.403292738813577011e-16
2.440749712175811027e-16
2.444954054324279774e-16
2.444954054324279774e-16
2.447813025808192611e-16
2.447813025808192611e-16
2.447813025808192611e-16
2.447813025808192611e-16
2.447813025808192611e-16
2.475409359229737716e-16
2.484962243866257729e-16
2.485691162774756067e-16
2.485691162774756067e-16
2.493103406924020410e-16
2.532562907345721631e-16
2.536523727521854766e-16
2.541116293104481570e-16
2.541116293104481570e-16
2.548245722364135002e-16
2.599141814582277774e-16
2.599141814582277774e-16
2.613762779686535852e-16
2.613762779686535852e-16
2.613762779686535852e-16
2.629613707216286442e-16
2.629613707216286442e-16
2.629613707216286442e-16
2.629613707216286442e-16
2.644790184761785794e-16
2.673983645862764896e-16
2.677954818663808643e-16
2.696615425065680520e-16
2.700212491648353946e-16
2.700212491648353946e-16
2.710977339260236823e-16
2.750668362020854056e-16
2.755441863252491678e-16
2.755441863252491678e-16
2.766209063733672757e-16
2.798541252478088682e-16
2.805858205420786916e-16
2.817551024683772891e-16
2.817551024683772891e-16
2.916070838500499485e-16
2.921393970000133122e-16
2.921393970000133122e-16
2.921393970000133122e-16
2.929421960044665328e-16
2.929421960044665328e-16
2.929421960044665328e-16
2.929421960044665328e-16
2.949895687527521048e-16
2.949895687527521048e-16
2.971039276899496880e-16
3.003052651854043587e-16
3.003052651854043587e-16
3.003052651854043587e-16
3.015658149117696071e-16
3.018515238306170840e-16
3.064181372648877947e-16
3.074100599035085445e-16
3.082845390711231602e-16
3.132829275502567505e-16
3.160443608374241764e-16
3.160724658611879392e-16
3.181831072648948061e-16
3.181956833512922564e-16
3.181956833512922564e-16
3.181956833512922564e-16
3.181956833512922564e-16
3.181956833512922564e-16
3.189195553551465055e-16
3.220610358556618559e-16
3.236377994513222147e-16
3.287740425426214424e-16
3.310750075438377493e-16
3.337837130300385950e-16
3.337837130300385950e-16
3.389948597154373856e-16
3.396342166541100115e-16
3.404973785204016289e-16
3.441412201447177008e-16
3.441412201447177008e-16
3.454030757135433161e-16
3.457901227130525673e-16
3.458526149216055293e-16
3.458526149216055293e-16
3.475313165795986671e-16
3.496127941683577034e-16
3.531763323635354664e-16
3.531763323635354664e-16
3.531763323635354664e-16
3.549484076396169121e-16
3.549484076396169121e-16
3.549484076396169121e-16
3.584045138226512710e-16
3.586312363081996885e-16
3.590205655909279250e-16
3.620907188586765860e-16
3.620907188586765860e-16
3.654876974362539935e-16
3.714694911671498265e-16
3.728086973141448394e-16
3.761684534994290217e-16
3.763821410890668763e-16
3.763821410890668763e-16
3.763821410890668763e-16
3.789085109690247552e-16
3.789085109690247552e-16
3.789085109690247552e-16
3.789085109690247552e-16
3.789085109690247552e-16
3.789501567555981080e-16
3.791608326725346579e-16
3.811708889137550766e-16
3.813530009974147512e-16
3.813530009974147512e-16
3.832967298531265569e-16
3.833914093136751824e-16
3.871052017422187048e-16
3.871052017422187048e-16
3.871052017422187048e-16
3.871052017422187048e-16
3.876167861136673448e-16
3.892626417162613718e-16
3.931957450920647874e-16
3.990763654431496956e-16
4.059738959047993554e-16
4.059738959047993554e-16
4.064161176893450216e-16
4.106940105320669014e-16
4.106940105320669014e-16
4.175530245233094479e-16
4.185576173630995268e-16
4.207808553270587729e-16
4.217699898155614608e-16
4.217699898155614608e-16
4.229486126329728624e-16
4.229486126329728624e-16
4.229486126329728624e-16
4.302088378968982123e-16
4.302088378968982123e-16
4.346121386731996926e-16
4.346121386731996926e-16
4.415695261297886234e-16
4.532927562284504031e-16
4.532927562284504031e-16
4.600505497824961100e-16
4.611647980959161847e-16
4.685852655233769189e-16
4.702936486275633933e-16
4.715294932263003749e-16
4.789491136208138547e-16
4.881101161114172906e-16
4.894080529309266631e-16
4.923859149004640414e-16
5.029272164003508517e-16
5.029272164003508517e-16
5.135092931251707540e-16
5.196191652962993146e-16
5.212808674736148743e-16
5.212808674736148743e-16
5.247143743470426728e-16
5.247143743470426728e-16
5.247143743470426728e-16
5.277736338299419134e-16
5.281173056839438670e-16
5.378274090469513818e-16
5.378274090469513818e-16
5.387178524327524650e-16
5.387178524327524650e-16
5.497188575360685895e-16
5.516763506771732776e-16
5.521985935465414685e-16
5.551130927458856731e-16
5.660057482180321193e-16
5.672422751488655549e-16
5.777413897022404505e-16
5.839887753194864707e-16
5.927796126477932987e-16
5.927796126477932987e-16
5.930612040453694388e-16
5.953607102676210080e-16
5.953607102676210080e-16
5.989070019308449926e-16
6.006868534399560486e-16
6.009509865473415474e-16
6.100983776890565211e-16
6.100983776890565211e-16
6.100983776890565211e-16
6.100983776890565211e-16
6.100983776890565211e-16
6.111433575303455994e-16
6.111433575303455994e-16
6.111433575303455994e-16
6.111433575303455994e-16
6.210316672139782163e-16
6.264111028759113070e-16
6.264111028759113070e-16
6.264111028759113070e-16
6.398091406338781307e-16
6.398091406338781307e-16
6.398091406338781307e-16
6.398091406338781307e-16
6.403545827945239854e-16
6.404119104549679722e-16
6.445909710228303552e-16
6.453808645391844263e-16
6.453808645391844263e-16
6.459016839226274143e-16
6.464256679152761271e-16
6.464256679152761271e-16
6.575026706969152691e-16
6.715609941659597773e-16
6.732502366784075805e-16
6.732502366784075805e-16
6.839658857932708352e-16
6.858290759329145117e-16
6.914827679223874282e-16
7.095690095177686301e-16
7.110552817602306216e-16
7.110552817602306216e-16
7.110552817602306216e-16
7.110552817602306216e-16
7.282182750896244035e-16
7.441610704011123525e-16
7.441610704011123525e-16
7.485241665232854995e-16
7.485261017582830677e-16
7.487508713623141990e-16
7.510601655208452060e-16
7.510601655208452060e-16
7.608477900450462566e-16
7.615658798726008571e-16
7.712810477867722289e-16
7.730939865203854060e-16
7.852172867501204225e-16
7.889162090447009813e-16
7.979949140494360973e-16
8.039264446099549030e-16
8.250706869031609427e-16
8.280680718056978947e-16
8.306141999055851181e-16
8.365022788523444162e-16
8.407652545037174669e-16
8.407652545037174669e-16
8.407652545037174669e-16
8.407652545037174669e-16
8.552314008081719634e-16
8.552314008081719634e-16
8.686386618137866563e-16
8.804609359455446971e-16
9.020278535616038227e-16
9.029666013540913585e-16
9.046715375047563236e-16
9.113100876427830304e-16
9.113100876427830304e-16
9.117556740304247071e-16
9.153098007484107939e-16
9.501234666265800212e-16
9.501234666265800212e-16
9.501234666265800212e-16
9.501234666265800212e-16
9.522260141599020082e-16
9.543744191158407116e-16
9.820663496169605685e-16
9.886851356528845434e-16
9.934794597778088674e-16
1.003130506121438451e-15
1.004238189929517305e-15
1.012327942793120399e-15
1.012327942793120399e-15
1.024321670510618563e-15
1.024321670510618563e-15
1.028307889910822750e-15
1.030301781939966416e-15
1.030301781939966416e-15
1.033026063420919637e-15
1.033026063420919637e-15
1.033026063420919637e-15
1.033026063420919637e-15
1.039320671124974985e-15
1.066521040172371662e-15
1.073842416509350122e-15
1.095362823781562521e-15
1.114485669003532087e-15
1.115632457499342581e-15
1.115632457499342581e-15
1.124746873177847030e-15
1.133103459066354898e-15
1.133103459066354898e-15
1.133462865733786738e-15
1.135670980630333581e-15
1.137894930337255527e-15
1.140298086334254053e-15
1.140298086334254053e-15
1.140298086334254053e-15
1.140298086334254053e-15
1.143307717921486657e-15
1.144552926940029351e-15
1.149927445105129716e-15
1.159457930425933306e-15
1.189988991840611502e-15
1.221418043469363909e-15
1.228382907168147046e-15
1.233618558987283818e-15
1.233618558987283818e-15
1.254083327920287588e-15
1.263273011887632883e-15
1.289203237384102068e-15
1.309765379813000547e-15
1.330516163537860584e-15
1.336485104720216521e-15
1.374312078543896344e-15
1.390921712307456818e-15
1.390921712307456818e-15
1.391433320207598416e-15
1.395628344993647168e-15
1.423336769108545526e-15
1.432806691573620433e-15
1.440128491427072520e-15
1.467690049440394284e-15
1.479552792924076675e-15
1.479552792924076675e-15
1.481331185654222993e-15
1.481331185654222993e-15
1.481331185654222993e-15
1.489973839274146332e-15
1.492311320806866403e-15
1.492311320806866403e-15
1.492311320806866403e-15
1.512120480356522056e-15
1.514940488324861392e-15
1.514940488324861392e-15
1.515565269238233268e-15
1.564073881451074810e-15
1.573169932984708971e-15
1.586339013031294307e-15
1.591118067034474899e-15
1.599278358919629871e-15
1.605403865907243200e-15
1.605403865907243200e-15
1.613996497525892620e-15
1.613996497525892620e-15
1.626403271448642043e-15
1.626403271448642043e-15
1.627914778214324384e-15
1.644622714857152272e-15
1.644622714857152272e-15
1.668452728043077708e-15
1.668452728043077708e-15
1.676693699816458652e-15
1.678136702792531802e-15
1.678136702792531802e-15
1.700425392476596809e-15
1.700425392476596809e-15
1.745706203296555272e-15
1.745706203296555272e-15
1.766748536938294778e-15
1.771964124664493464e-15
1.791188119737580850e-15
1.798774376217947044e-15
1.798870179173585320e-15
1.804105783935335980e-15
1.816277512097395821e-15
1.821081577101213569e-15
1.821304199712010417e-15
1.834414481554840648e-15
1.837949085339827063e-15
1.837949085339827063e-15
1.885507455993660841e-15
1.899600707807433111e-15
1.900825823322171472e-15
1.912414816345213114e-15
1.921329555770748742e-15
1.921329555770748742e-15
1.967503421661428923e-15
1.976125975895374838e-15
1.976125975895374838e-15
1.981053813588610122e-15
1.992201278923548882e-15
1.992201278923548882e-15
1.995155112215381307e-15
2.017390044718161911e-15
2.017390044718161911e-15
2.022424743852735692e-15
2.043814390413715708e-15
2.085351345017676409e-15
2.088128324888729767e-15
2.096260723508357642e-15
2.115714999781806700e-15
2.123098327167399707e-15
2.126946809598903044e-15
2.167761250981029116e-15
2.167761250981029116e-15
2.167761250981029116e-15
2.171244832795290036e-15
2.171244832795290036e-15
2.221825217011036922e-15
2.240403143585779576e-15
2.253362859440062067e-15
2.253362859440062067e-15
2.259719353488826183e-15
2.259928841206767301e-15
2.259928841206767301e-15
2.259928841206767301e-15
2.260018191418356052e-15
2.269356988477457442e-15
2.274441168453366924e-15
2.274441168453366924e-15
2.283824505328278234e-15
2.305338848079875397e-15
2.313111381222558467e-15
2.313111381222558467e-15
2.326083667281064922e-15
2.326247650506783881e-15
2.332004115827190155e-15
2.393638903514969524e-15
2.398432521779104338e-15
2.433291409805179643e-15
2.433291409805179643e-15
2.444276515394214884e-15
2.444276515394214884e-15
2.444276515394214884e-15
2.453320603809404269e-15
2.481678184563601022e-15
2.481678184563601022e-15
2.487732240792809438e-15
2.487732240792809438e-15
2.494467246807704531e-15
2.562595071431780146e-15
2.564254156042001880e-15
2.564254156042001880e-15
2.564254156042001880e-15
2.564254156042001880e-15
2.564254156042001880e-15
2.564254156042001880e-15
2.585610080103769334e-15
2.608002601909951865e-15
2.608002601909951865e-15
2.609711955572723669e-15
2.609711955572723669e-15
2.620050575029113642e-15
2.621734435353042565e-15
2.687420828678815403e-15
2.750313613229771729e-15
2.789782272195215039e-15
2.790703108770172159e-15
2.800265228418686618e-15
2.800265228418686618e-15
2.800265228418686618e-15
2.800265228418686618e-15
2.818011674512234193e-15
2.847043358202460913e-15
2.847043358202460913e-15
2.850213702527088641e-15
2.881369621323390874e-15
2.881369621323390874e-15
2.881369621323390874e-15
2.923621959955213613e-15
2.937440908384059945e-15
2.937440908384059945e-15
2.937440908384059945e-15
2.993807486423792257e-15
3.011964325862457829e-15
3.054690444138284499e-15
3.057261689117927286e-15
3.082036544027821739e-15
3.115128197806396065e-15
3.116017311821043775e-15
3.116017311821043775e-15
3.123269996138869384e-15
3.129582991516488177e-15
3.133835155733437256e-15
3.136086016382953998e-15
3.142437045892773587e-15
3.142437045892773587e-15
3.169865696201628390e-15
3.171894245995530610e-15
3.171894245995530610e-15
3.184857855848500997e-15
3.207915898499949256e-15
3.235283109509262073e-15
3.293010769498286928e-15
3.332938079158148576e-15
3.332938079158148576e-15
3.332938079158148576e-15
3.335401003917487930e-15
3.360101237577598753e-15
3.361771945362152080e-15
3.368659964349664847e-15
3.376802756769416453e-15
3.388507169795868070e-15
3.389260864418073499e-15
3.430720874313818909e-15
3.462640869768103724e-15
3.462640869768103724e-15
3.490441261661684758e-15
3.490441261661684758e-15
3.504587311862502676e-15
3.504587311862502676e-15
3.512468282868954163e-15
3.512468282868954163e-15
3.512468282868954163e-15
3.512468282868954163e-15
3.538902757666835674e-15
3.538902757666835674e-15
3.558958974374946790e-15
3.567405986912747146e-15
3.567405986912747146e-15
3.570707750752010457e-15
3.570707750752010457e-15
3.579417290563900442e-15
3.672674129866768320e-15
3.711750189061159657e-15
3.711750189061159657e-15
3.713150640395979658e-15
3.716036658112472141e-15
3.757720743515805257e-15
3.757720743515805257e-15
3.805292054950777818e-15
3.850826040389366973e-15
3.862154541370261475e-15
3.864373732399028010e-15
3.880320804050465251e-15
3.880320804050465251e-15
3.880320804050465251e-15
3.922767272045886440e-15
3.931590155454030891e-15
3.980145677998500323e-15
4.004584172595735884e-15
4.012609945060954836e-15
4.022527942072954373e-15
4.022527942072954373e-15
4.060102117737091217e-15
4.060102117737091217e-15
4.060102117737091217e-15
4.060102117737091217e-15
4.063243727645417685e-15
4.063243727645417685e-15
4.159442130026728984e-15
4.190861576066572422e-15
4.227113145076611408e-15
4.312259126278273114e-15
4.352145284254114254e-15
4.352145284254114254e-15
4.357547913325151621e-15
4.357547913325151621e-15
4.403254705249327231e-15
4.404468679927939725e-15
4.446930418045104646e-15
4.446930418045104646e-15
4.447674095326274451e-15
4.447674095326274451e-15
4.466986599460177214e-15
4.466986599460177214e-15
4.471482203299036259e-15
4.504928416834288473e-15
4.505605890255587198e-15
4.553435305570368669e-15
4.556465918869565881e-15
4.556465918869565881e-15
4.561421467480957693e-15
4.580644133182892298e-15
4.580644133182892298e-15
4.602933511081227145e-15
4.603311858346507223e-15
4.608249931021188233e-15
4.622104231311235854e-15
4.686861376554311916e-15
4.686861376554311916e-15
4.710279084688814744e-15
4.725871649523132906e-15
4.752633926071601436e-15
4.752633926071601436e-15
4.752633926071601436e-15
4.845285636801907686e-15
4.847956419917199430e-15
4.847956419917199430e-15
4.867548421395002958e-15
4.879234634977434791e-15
4.936546437082397122e-15
4.962112979571485175e-15
5.038890369369047012e-15
5.068748013120878635e-15
5.074389446661309618e-15
5.074389446661309618e-15
5.074791984364059200e-15
5.102517390313115073e-15
5.163057787904348731e-15
5.244644848416830194e-15
5.252716551831831772e-15
5.293158445771496985e-15
5.302482699157250860e-15
5.393113548094085959e-15
5.393113548094085959e-15
5.393113548094085959e-15
5.450798768203149558e-15
5.456341084183318763e-15
5.471979018219874233e-15
5.503856291449882304e-15
5.571238135921962767e-15
5.592418450642592434e-15
5.597295095782078035e-15
5.617919242199149871e-15
5.653029699010559704e-15
5.657035864860236796e-15
5.657035864860236796e-15
5.681888279165450668e-15
5.773816103186469841e-15
5.787617431565361573e-15
5.813003423687786451e-15
5.842859852770842843e-15
5.842859852770842843e-15
5.899893775129546560e-15
5.923552581781008221e-15
5.957589683147396351e-15
5.957589683147396351e-15
5.959991492126722228e-15
5.960516031984742478e-15
5.960634828355594894e-15
5.965083621859771561e-15
5.965083621859771561e-15
6.008324139126944584e-15
6.010083147155162724e-15
6.010083147155162724e-15
6.031207854751022909e-15
6.063799056171014924e-15
6.090256009693951564e-15
6.118268968623167247e-15
6.136226208277116553e-15
6.136226208277116553e-15
6.147091479291722018e-15
6.147091479291722018e-15
6.168317719079960629e-15
6.183067730241950071e-15
6.209819651224421444e-15
6.253623839507126154e-15
6.278669618493417658e-15
6.279938894423791780e-15
6.362676999184425927e-15
6.412776609852180745e-15
6.429825112561536959e-15
6.465480114502173030e-15
6.557344252233470521e-15
6.577423065310101751e-15
6.641810365969322773e-15
6.756959427656294403e-15
6.784739220179172422e-15
6.823897438628360190e-15
6.925600764014522837e-15
6.958037317217735161e-15
7.025901511660238005e-15
7.042454932435184211e-15
7.042454932435184211e-15
7.093733577672477283e-15
7.159332376615374817e-15
7.183161028078193990e-15
7.183161028078193990e-15
7.184531136222330316e-15
7.242254775745941766e-15
7.265814450131707835e-15
7.278707347439015907e-15
7.386430209520700305e-15
7.401923792084741145e-15
7.414542130132586603e-15
7.437771846951271733e-15
7.458791710691216043e-15
7.458791710691216043e-15
7.508679519005857424e-15
7.529481189411458500e-15
7.616216563234737910e-15
7.705330870265592859e-15
7.709677881585027319e-15
7.787428765172432998e-15
7.813536702886974687e-15
7.877092628944119037e-15
7.877921483034959866e-15
7.922011712579300643e-15
7.936903748814286214e-15
7.977599576172930635e-15
8.044079465846169724e-15
8.065046204738453428e-15
8.071760734908283780e-15
8.072178351562146199e-15
8.095989235920679738e-15
8.111167513411191611e-15
8.181247454870025534e-15
8.243034417320734269e-15
8.313648395406293345e-15
8.345441659438019313e-15
8.358521845141441626e-15
8.434011618392451813e-15
8.478035576431929283e-15
8.490253253190291222e-15
8.588428974577628879e-15
8.626693876199385556e-15
8.634873614549288237e-15
8.634873614549288237e-15
8.713327759005499166e-15
8.779577767466158436e-15
8.863237094084097544e-15
8.920960857133347661e-15
8.976785231148805262e-15
9.104134537773727889e-15
9.117586826815531516e-15
9.132242152634800030e-15
9.192119049907277424e-15
9.222097122333037426e-15
9.229331668969661796e-15
9.358396517303609341e-15
9.438764585643700565e-15
9.493300528431613334e-15
