1.782044762077757578e-19
3.119303634406592847e-19
3.119303634406592847e-19
3.119303634406592847e-19
8.030498075532490627e-19
8.923918046686166971e-19
9.817811574649675610e-19
1.071217670116583152e-18
1.115959409064368653e-18
1.115959409064368653e-18
1.295113067778517557e-18
1.295113067778517557e-18
1.295113067778517557e-18
1.519401634660335329e-18
1.564282259298411560e-18
1.788799472832481224e-18
1.968504145436578117e-18
2.058401748505639828e-18
2.283258465588541334e-18
2.553221231699875728e-18
2.688269696371942510e-18
2.868423398687032450e-18
2.913484005644570613e-18
3.093814803900706088e-18
3.319338323555714956e-18
3.319338323555714956e-18
3.409635223667810728e-18
3.454805416526274548e-18
3.590380965056608684e-18
3.635594385579446328e-18
3.726064198388318329e-18
3.726064198388318329e-18
3.952452322315234484e-18
4.224245471997647638e-18
4.405525506540488953e-18
5.567466480629555157e-18
6.327349149088579877e-18
8.320135329662196628e-18
8.320135329662196628e-18
8.570762967277552213e-18
9.359162411627471197e-18
9.422689882671543722e-18
1.068316902295785994e-17
1.081097688322134198e-17
1.089191558707008555e-17
1.133547850711558698e-17
1.133547850711558698e-17
1.147316841843036867e-17
1.218213499528221805e-17
1.218213499528221805e-17
1.367488939266004720e-17
1.431138759513569602e-17
1.462328394926911317e-17
1.485104169730860419e-17
1.546495235452413730e-17
1.625448117613706099e-17
1.649541499224495155e-17
1.736607074725045653e-17
1.736607074725045653e-17
1.736607074725045653e-17
1.923359016640235414e-17
1.953635738765980863e-17
1.999450809735246934e-17
1.999977852457982977e-17
1.999977852457982977e-17
2.116143715435314480e-17
2.116143715435314480e-17
2.116143715435314480e-17
2.116143715435314480e-17
2.202061090718475575e-17
2.366046669306908120e-17
2.405885452259435277e-17
2.413207581514589186e-17
2.549796349997940904e-17
2.597474893451166436e-17
2.604702907934403030e-17
2.627262218762942459e-17
2.664879893098224972e-17
2.664879893098224972e-17
2.664879893098224972e-17
2.670027971122092741e-17
2.670027971122092741e-17
2.708633850562505373e-17
2.730459066170091281e-17
2.829599566907611039e-17
2.843980304056550990e-17
2.848958975490968207e-17
2.861946814015534351e-17
2.938292716994722160e-17
2.938292716994722160e-17
2.996286239450066385e-17
3.073243888446715359e-17
3.085083526753892409e-17
3.245332748897214455e-17
3.312191882867154101e-17
3.313923594670429628e-17
3.345207344855688659e-17
3.438173916555443910e-17
3.601538337649223097e-17
3.674063180888574361e-17
3.683493481034672443e-17
3.683493481034672443e-17
3.683493481034672443e-17
3.768008546216268462e-17
3.783339842561571298e-17
3.810746064143843703e-17
3.840260456617060281e-17
3.874781754956268809e-17
4.246299817099196515e-17
4.246299817099196515e-17
4.385608502490953572e-17
4.385608502490953572e-17
4.385608502490953572e-17
4.385608502490953572e-17
4.416666377223611046e-17
4.469163596998994512e-17
4.469163596998994512e-17
4.825453889045728583e-17
4.825453889045728583e-17
4.929845994056225311e-17
4.959981544024095248e-17
5.045710689763422020e-17
5.045710689763422020e-17
5.045710689763422020e-17
5.045710689763422020e-17
5.084965961130063052e-17
5.084965961130063052e-17
5.090499909718791353e-17
5.090499909718791353e-17
5.100156085317490377e-17
5.210449186527191858e-17
5.390387218955580599e-17
5.390387218955580599e-17
5.390387218955580599e-17
5.390387218955580599e-17
5.515564571343978823e-17
5.566367725224853688e-17
5.605571233466939812e-17
5.618926119601983024e-17
5.618926119601983024e-17
5.733364976514635405e-17
5.733364976514635405e-17
5.790610286533238126e-17
5.960158048141974321e-17
5.970214211521320935e-17
6.039430920527785255e-17
6.117645001729528314e-17
6.147549970506201521e-17
6.174904428963919017e-17
6.174904428963919017e-17
6.174904428963919017e-17
6.222230042022454846e-17
6.274595501117153762e-17
6.274595501117153762e-17
6.326744496236443930e-17
6.573489899510218024e-17
6.597832685266587581e-17
6.597832685266587581e-17
6.625530662641803203e-17
6.625530662641803203e-17
6.689274597661285708e-17
6.689274597661285708e-17
6.689274597661285708e-17
6.830277348947551982e-17
6.830277348947551982e-17
6.890529625928907469e-17
6.895531826056304246e-17
6.951186596429508183e-17
7.086810688500709650e-17
7.143999529656162905e-17
7.401944590788076919e-17
7.558118643307386746e-17
7.558118643307386746e-17
7.558118643307386746e-17
7.615269838554072459e-17
7.621730817646184702e-17
7.636398604849472080e-17
7.690825177449157282e-17
7.690825177449157282e-17
7.690825177449157282e-17
7.730038097168434982e-17
8.064818458093505614e-17
8.457775865279158696e-17
8.487685539794427076e-17
8.610293558909487050e-17
8.803511185655384535e-17
8.808847493223086627e-17
8.809431004808973059e-17
9.154474581611608708e-17
9.595816393039865494e-17
9.708085904459826599e-17
9.708085904459826599e-17
9.962445192781696586e-17
1.001900346496530429e-16
1.014720660727083905e-16
1.022952409252816906e-16
1.022952409252816906e-16
1.032442001705222543e-16
1.062809544585868008e-16
1.066569429723957944e-16
1.083208450825049517e-16
1.083208450825049517e-16
1.088288295639277363e-16
1.091946066249837142e-16
1.099539716621971944e-16
1.099539716621971944e-16
1.101751413762024826e-16
1.115952862270462329e-16
1.116630959202125410e-16
1.131697793038341097e-16
1.131697793038341097e-16
1.131697793038341097e-16
1.159852697631214400e-16
1.165917453533555191e-16
1.171136588210220356e-16
1.171136588210220356e-16
1.176773592474197724e-16
1.176773592474197724e-16
1.195705249419190977e-16
1.210508091320179157e-16
1.210508091320179157e-16
1.227703330723301094e-16
1.232837762105240829e-16
1.243497201172576559e-16
1.257670415249438959e-16
1.269593345129762518e-16
1.288309479247065565e-16
1.288309479247065565e-16
1.296218414105122774e-16
1.296325704945108236e-16
1.297784013335964308e-16
1.332194256244310619e-16
1.337039284702605217e-16
1.337887729371438192e-16
1.349820070728953328e-16
1.349820070728953328e-16
1.349866657541052314e-16
1.349866657541052314e-16
1.349866657541052314e-16
1.349866657541052314e-16
1.350188530061008948e-16
1.351269908790336856e-16
1.355636363633432774e-16
1.358358633411136069e-16
1.358779326441605623e-16
1.360311044354557231e-16
1.361567476559651192e-16
1.362279454809204445e-16
1.365705232506988449e-16
1.365705232506988449e-16
1.365705232506988449e-16
1.401353084666045320e-16
1.406932678919153203e-16
1.406932678919153203e-16
1.407769359241496645e-16
1.443084515681826382e-16
1.467831053809720407e-16
1.469426769767575482e-16
1.469426769767575482e-16
1.491655267172826279e-16
1.504914626814373070e-16
1.504914626814373070e-16
1.504914626814373070e-16
1.504914626814373070e-16
1.504914626814373070e-16
1.514417395334847038e-16
1.515741590175721344e-16
1.530086093137472920e-16
1.530086093137472920e-16
1.530086093137472920e-16
1.530086093137472920e-16
1.575452236644693965e-16
1.579661049244828557e-16
1.579661049244828557e-16
1.585368639587743866e-16
1.585368639587743866e-16
1.593204164923705785e-16
1.598594588485260125e-16
1.599065632918705543e-16
1.605163328991217224e-16
1.608704867858459481e-16
1.610196116419486690e-16
1.622540209904139442e-16
1.622540209904139442e-16
1.626169746083124119e-16
1.628188037366887310e-16
1.628188037366887310e-16
1.628188037366887310e-16
1.628188037366887310e-16
1.628420736140452422e-16
1.628420736140452422e-16
1.635390876148636033e-16
1.635568753067559436e-16
1.650464533305815768e-16
1.655462262981545961e-16
1.655462262981545961e-16
1.655462262981545961e-16
1.655462262981545961e-16
1.663252848513917388e-16
1.691717155419468331e-16
1.702965282385145799e-16
1.706808929670242007e-16
1.715076677096233439e-16
1.715613131296161245e-16
1.715613131296161245e-16
1.715613131296161245e-16
1.718818680427659131e-16
1.730479265381263430e-16
1.730479265381263430e-16
1.730479265381263430e-16
1.730479265381263430e-16
1.744991763210887191e-16
1.773651358268166263e-16
1.799187754619374923e-16
1.808511705073206454e-16
1.810609758626169343e-16
1.816235233830586752e-16
1.824080405930670068e-16
1.827066432356671297e-16
1.831609587684041764e-16
1.850945702861348945e-16
1.862164183673872513e-16
1.865260559669946621e-16
1.890022156161347417e-16
1.949603394818934183e-16
1.949990677105373206e-16
1.973051619668231173e-16
1.973051619668231173e-16
1.973051619668231173e-16
1.973051619668231173e-16
1.977536188550083053e-16
1.984858317805236839e-16
1.989100541149402208e-16
2.022642575286812861e-16
2.022642575286812861e-16
2.028691331677927847e-16
2.043265474683157365e-16
2.047058299991418315e-16
2.086683912985553160e-16
2.096263855618999297e-16
2.097742398685817691e-16
2.107305871234178383e-16
2.107305871234178383e-16
2.132844855741614819e-16
2.133275430823135837e-16
2.133275430823135837e-16
2.139703469745076696e-16
2.143298183458451920e-16
2.144575791487227238e-16
2.146285856892961644e-16
2.146285856892961644e-16
2.146285856892961644e-16
2.173670432077693174e-16
2.173670432077693174e-16
2.182991794375296929e-16
2.215257632205511185e-16
2.225922953446091681e-16
2.248652847298731256e-16
2.248652847298731256e-16
2.274816753891697313e-16
2.283584721330428176e-16
2.283584721330428176e-16
2.311551396379467464e-16
2.311551396379467464e-16
2.350623614514729417e-16
2.350623614514729417e-16
2.373063870156793542e-16
2.408389614508963712e-16
2.455896869077300068e-16
2.455896869077300068e-16
2.458627844471405972e-16
2.462339966362747943e-16
2.462339966362747943e-16
2.462353377717745972e-16
2.462353377717745972e-16
2.462353377717745972e-16
2.482717226204388207e-16
2.496071406478641466e-16
2.496071406478641466e-16
2.496071406478641466e-16
2.511078006860830318e-16
2.561599286999813062e-16
2.572698477338931813e-16
2.578015491378391110e-16
2.578015491378391110e-16
2.587098037442254919e-16
2.646898328231478949e-16
2.646898328231478949e-16
2.654223163286325298e-16
2.663680521429349135e-16
2.663680521429349135e-16
2.667574167187026354e-16
2.668763660260594218e-16
2.668763660260594218e-16
2.668763660260594218e-16
2.684550942675835455e-16
2.721138530832484958e-16
2.721138530832484958e-16
2.764796020655550519e-16
2.768778957803084293e-16
2.768778957803084293e-16
2.783967199695073179e-16
2.810443567330804045e-16
2.818128038457839112e-16
2.823564107683773158e-16
2.848012772558549256e-16
2.862336099696619475e-16
2.875196412705237463e-16
2.876648133062059307e-16
2.876648133062059307e-16
2.955770892386662424e-16
2.955770892386662424e-16
2.955770892386662424e-16
2.956476988462970910e-16
2.958034352651269968e-16
2.958034352651269968e-16
2.958034352651269968e-16
2.958034352651269968e-16
2.965184487160745117e-16
2.965184487160745117e-16
2.987859794445672311e-16
2.999030747298377611e-16
2.999030747298377611e-16
2.999030747298377611e-16
3.018891787616052392e-16
3.024395619477766782e-16
3.069178016112172067e-16
3.076972130948490552e-16
3.088285197106791014e-16
3.135091531911274436e-16
3.153240859814706316e-16
3.155003511849249755e-16
3.162542810940602242e-16
3.162870447990338856e-16
3.162870447990338856e-16
3.162870447990338856e-16
3.162870447990338856e-16
3.162870447990338856e-16
3.175616411551077515e-16
3.198553357901934754e-16
3.212570929674738930e-16
3.261273794776817491e-16
3.298157373891146359e-16
3.329613118822083657e-16
3.329613118822083657e-16
3.379651119607271809e-16
3.385525293096480382e-16
3.396185202737675751e-16
3.412848340749071188e-16
3.412848340749071188e-16
3.429572300431818134e-16
3.429572300431818134e-16
3.435166129544178293e-16
3.436253861020610855e-16
3.445319113495135218e-16
3.473833301229802384e-16
3.494583020281304966e-16
3.495156649816140181e-16
3.495156649816140181e-16
3.499352051061276744e-16
3.501782917976431799e-16
3.501782917976431799e-16
3.543631757170179362e-16
3.544920070754260392e-16
3.545425937653315263e-16
3.609059640746189430e-16
3.609059640746189430e-16
3.620892220445472365e-16
3.662841527158241589e-16
3.694798668536567419e-16
3.743530826861405027e-16
3.743530826861405027e-16
3.745390534754487857e-16
3.745390534754487857e-16
3.774526115270738079e-16
3.775989599974049457e-16
3.775989599974049457e-16
3.775989599974049457e-16
3.783423725807784864e-16
3.783423725807784864e-16
3.791335954682859310e-16
3.794542680249006051e-16
3.794542680249006051e-16
3.794542680249006051e-16
3.797151541726549296e-16
3.807420169203499193e-16
3.822328184362104452e-16
3.822963694359474751e-16
3.833987357594129830e-16
3.833987357594129830e-16
3.851019307867975247e-16
3.851019307867975247e-16
3.878446705273929133e-16
3.904194389288091727e-16
3.956824310891878039e-16
3.956824310891878039e-16
3.961583930194657992e-16
3.977169101137207545e-16
3.977169101137207545e-16
3.999905230093486248e-16
3.999905230093486248e-16
4.019344283302577587e-16
4.019344283302577587e-16
4.020048026509587871e-16
4.027413213272893586e-16
4.027413213272893586e-16
4.027413213272893586e-16
4.073407455239196948e-16
4.073407455239196948e-16
4.107113013792813694e-16
4.107113013792813694e-16
4.154158870691826030e-16
4.282361189493105804e-16
4.282361189493105804e-16
4.360822086684201218e-16
4.389626736133697343e-16
4.463418599489983000e-16
4.491857965980975708e-16
4.491857965980975708e-16
4.569159604468981585e-16
4.652372944711498545e-16
4.670714266749641564e-16
4.708836866836259913e-16
4.775918346954853935e-16
4.776638677890414451e-16
4.887823398920566117e-16
4.950269726522240555e-16
4.962046543219162747e-16
4.962046543219162747e-16
5.000084204724126092e-16
5.000084204724126092e-16
5.000084204724126092e-16
5.029851060073010341e-16
5.044558728410897199e-16
5.124240647124152447e-16
5.124240647124152447e-16
5.134373984616471722e-16
5.134373984616471722e-16
5.248168508271885914e-16
5.264139785066224895e-16
5.274882515706707132e-16
5.280984917517815219e-16
5.374317125106468864e-16
5.420763235621439142e-16
5.510030155637131293e-16
5.571147347372406186e-16
5.677175637692682512e-16
5.677175637692682512e-16
5.679013699188224344e-16
5.709882873803188039e-16
5.709882873803188039e-16
5.769383173756925513e-16
5.774551957030615308e-16
5.800786449702519551e-16
5.897873601403737030e-16
5.912159517919970512e-16
5.912159517919970512e-16
5.917932753316298276e-16
5.917932753316298276e-16
5.930211672321398214e-16
5.930211672321398214e-16
5.930211672321398214e-16
5.930211672321398214e-16
6.048263595327949334e-16
6.112292698106340458e-16
6.112605394436034842e-16
6.112605394436034842e-16
6.308922691195023179e-16
6.308922691195023179e-16
6.308922691195023179e-16
6.308922691195023179e-16
6.337066654945660950e-16
6.337066654945660950e-16
6.346724006979008828e-16
6.379631825197163317e-16
6.379631825197163317e-16
6.379631825197163317e-16
6.379782761762625875e-16
6.379782761762625875e-16
6.509712321915515208e-16
6.629944648900456443e-16
6.648693605544465595e-16
6.648693605544465595e-16
6.761092760062743114e-16
6.776259590844121069e-16
6.830990212978830438e-16
6.964656247220295303e-16
6.974090723709396894e-16
6.977960193735037731e-16
6.977960193735037731e-16
6.982471173574758915e-16
7.156896197951171138e-16
7.318221975441760394e-16
7.318221975441760394e-16
7.350450402650137667e-16
7.350450402650137667e-16
7.350450402650137667e-16
7.369396529741313017e-16
7.369396529741313017e-16
7.412305218910312523e-16
7.412305218910312523e-16
7.483562689102335033e-16
7.515589769520541737e-16
7.604676871500140022e-16
7.631025243046063463e-16
7.756580760352370728e-16
7.852184427961244327e-16
8.057740148375085010e-16
8.147399762276601556e-16
8.222619817296729990e-16
8.327575316860615985e-16
8.386599866642312623e-16
8.386599866642312623e-16
8.386599866642312623e-16
8.386599866642312623e-16
8.527206394738807198e-16
8.527206394738807198e-16
8.656273981224400493e-16
8.782469184871082429e-16
8.976830776669632614e-16
8.976830776669632614e-16
9.011254195646047379e-16
9.039513567635748548e-16
9.039513567635748548e-16
9.039513567635748548e-16
9.091384218317092913e-16
9.392864420068579761e-16
9.392864420068579761e-16
9.428495802142550200e-16
9.428495802142550200e-16
9.435177715661736788e-16
9.457501033699694300e-16
9.713387098908991149e-16
9.738323043015369030e-16
9.772784813761339813e-16
9.789346425462529521e-16
9.824356179467988316e-16
9.894389569407762589e-16
9.894389569407762589e-16
9.952250390034703845e-16
9.952250390034703845e-16
9.972528594078901369e-16
9.995651417104293927e-16
1.001278065852360979e-15
1.006172069285092005e-15
1.006172069285092005e-15
1.006172069285092005e-15
1.006172069285092005e-15
1.015468402935538984e-15
1.038319363677903235e-15
1.052773539759804575e-15
1.067438844685982140e-15
1.075579360704688000e-15
1.077986751866422797e-15
1.077986751866422797e-15
1.083898541853532026e-15
1.087383623621970310e-15
1.087383623621970310e-15
1.087383623621970310e-15
1.090309440122637562e-15
1.092373706472482207e-15
1.093804427470820169e-15
1.093804427470820169e-15
1.093804427470820169e-15
1.093804427470820169e-15
1.100390902729110405e-15
1.100390902729110405e-15
1.105241325140270461e-15
1.115218114473851815e-15
1.135524999994791395e-15
1.160226957131662775e-15
1.163133097762826034e-15
1.166885159610500321e-15
1.168139297768028720e-15
1.179824076100189167e-15
1.193153574775507363e-15
1.216360424645703073e-15
1.235701316147685039e-15
1.248463726264816481e-15
1.248463726264816481e-15
1.289693849065807601e-15
1.307205237634318819e-15
1.307205237634318819e-15
1.307432807152814540e-15
1.310327212848354313e-15
1.340447469165787463e-15
1.354713386292988245e-15
1.364289046704312196e-15
1.388053356015092931e-15
1.401749643485265197e-15
1.401749643485265197e-15
1.407819340413131572e-15
1.407819340413131572e-15
1.407819340413131572e-15
1.422522161840264674e-15
1.429790410388495884e-15
1.429790410388495884e-15
1.432302545409201240e-15
1.444072091739992700e-15
1.451145099193881794e-15
1.451145099193881794e-15
1.451145099193881794e-15
1.504515374650954377e-15
1.521162042577264269e-15
1.537595022913936307e-15
1.539870341639805214e-15
1.549762510029086390e-15
1.552200623781679022e-15
1.552200623781679022e-15
1.559450802293702205e-15
1.560380632711550613e-15
1.569596115890747630e-15
1.569596115890747630e-15
1.570220508580685414e-15
1.598789129946560049e-15
1.600203027929417712e-15
1.628828576967955664e-15
1.628828576967955664e-15
1.644536955911290986e-15
1.644536955911290986e-15
1.644536955911290986e-15
1.664802583869091256e-15
1.664802583869091256e-15
1.702603917299596969e-15
1.702603917299596969e-15
1.726698551813287015e-15
1.733201000226774888e-15
1.754041492975791523e-15
1.762715627986921015e-15
1.768566449248347603e-15
1.778631088839340344e-15
1.786156211893172801e-15
1.789772560239742544e-15
1.790262427627571413e-15
1.799020430664825658e-15
1.804360179303875970e-15
1.804360179303875970e-15
1.849667024622616123e-15
1.859443396549400005e-15
1.867903167520968379e-15
1.879135318504113098e-15
1.885851319217254172e-15
1.885900805940762768e-15
1.922610290373564533e-15
1.929692303434691689e-15
1.929692303434691689e-15
1.945619593337506332e-15
1.945619593337506332e-15
1.945619593337506332e-15
1.948676752884557204e-15
1.977897189632037178e-15
1.977897189632037178e-15
1.980323180225572035e-15
2.003574093455544835e-15
2.030639543095225019e-15
2.037327456431122246e-15
2.042458440859540423e-15
2.050455102449370796e-15
2.059135260805902898e-15
2.059807222630871575e-15
2.093838200654911583e-15
2.093838200654911583e-15
2.093838200654911583e-15
2.099149726626733198e-15
2.099149726626733198e-15
2.146421717793969376e-15
2.168098826161423820e-15
2.176410389895915846e-15
2.178994163904569971e-15
2.180027291166770777e-15
2.184401186959021220e-15
2.184401186959021220e-15
2.184401186959021220e-15
2.184401186959021220e-15
2.191613637211852250e-15
2.193680915234398199e-15
2.193680915234398199e-15
2.204329225229954737e-15
2.220906736445425328e-15
2.238332745269288049e-15
2.238332745269288049e-15
2.258814884259883623e-15
2.258814884259883623e-15
2.267071779076238409e-15
2.308579599276117378e-15
2.314542158300502464e-15
2.346723339893377352e-15
2.346723339893377352e-15
2.363380854547150455e-15
2.363380854547150455e-15
2.363380854547150455e-15
2.367170744650962211e-15
2.404873645794388948e-15
2.404873645794388948e-15
2.412789268683425503e-15
2.412789268683425503e-15
2.418928651717723213e-15
2.493068798551835104e-15
2.494171570745254422e-15
2.494171570745254422e-15
2.494171570745254422e-15
2.494171570745254422e-15
2.496109746829423160e-15
2.502319668885272945e-15
2.514597305576605621e-15
2.530492120000935430e-15
2.530492120000935430e-15
2.531515400505124405e-15
2.531515400505124405e-15
2.545198482496362068e-15
2.548248689314637430e-15
2.620785626302180321e-15
2.689626793840001801e-15
2.718979703011128137e-15
2.721073950798001769e-15
2.746072675339420797e-15
2.746072675339420797e-15
2.746072675339420797e-15
2.748623238597934528e-15
2.754373868802482246e-15
2.783896731605171342e-15
2.783896731605171342e-15
2.796463824159708310e-15
2.819772453273558992e-15
2.820822032974325477e-15
2.820822032974325477e-15
2.863339569386890776e-15
2.877196257839276233e-15
2.877196257839276233e-15
2.877196257839276233e-15
2.926942591064119833e-15
2.950017433202355434e-15
2.993117375352237133e-15
2.993117375352237133e-15
3.009735167690088218e-15
3.037696137031079722e-15
3.037696137031079722e-15
3.037696137031079722e-15
3.038876177452243235e-15
3.043626049993956180e-15
3.045252106201408286e-15
3.051889732838235578e-15
3.054937410322015754e-15
3.055102652332809411e-15
3.097037588896341361e-15
3.131276748795862268e-15
3.131276748795862268e-15
3.141849037584402733e-15
3.163563433048056232e-15
3.179918774580069651e-15
3.228119749132206983e-15
3.265693689509414253e-15
3.265693689509414253e-15
3.265693689509414253e-15
3.265693689509414253e-15
3.301174111489230556e-15
3.301455932291563376e-15
3.301455932291563376e-15
3.309813012282623743e-15
3.326033563814732033e-15
3.328846813166013004e-15
3.370891987538326286e-15
3.391467841313058444e-15
3.391467841313058444e-15
3.404005852403073277e-15
3.404005852403073277e-15
3.415912147497460195e-15
3.415912147497460195e-15
3.415912147497460195e-15
3.415912147497460195e-15
3.415912147497460195e-15
3.415912147497460195e-15
3.450128972785170164e-15
3.450128972785170164e-15
3.484529939506309402e-15
3.497904430924777194e-15
3.502929900929530113e-15
3.508999350806120139e-15
3.508999350806120139e-15
3.518531583132377441e-15
3.598035889624505698e-15
3.639499987630656347e-15
3.639499987630656347e-15
3.643987097611349693e-15
3.646860256897129435e-15
3.683398434798522700e-15
3.683398434798522700e-15
3.758191932261456828e-15
3.800404877979058953e-15
3.822595905940740472e-15
3.823749894216602627e-15
3.828903466190281181e-15
3.831264347008169153e-15
3.831264347008169153e-15
3.860119265510215741e-15
3.860945857905444637e-15
3.920495332827509171e-15
3.939429895566085223e-15
3.952269091572754346e-15
3.954368909777690911e-15
3.961288845437230431e-15
4.000559875145994183e-15
4.000559875145994183e-15
4.000559875145994183e-15
4.000559875145994183e-15
4.021113717828443913e-15
4.021113717828443913e-15
4.113250144300331165e-15
4.126741785081143173e-15
4.159252009563159914e-15
4.262807469544352365e-15
4.304467290983050855e-15
4.304467290983050855e-15
4.308497344338275255e-15
4.308497344338275255e-15
4.354524338245205356e-15
4.368975285013995485e-15
4.428343289009284468e-15
4.431539056086676008e-15
4.431539056086676008e-15
4.431539056086676008e-15
4.452749243424129413e-15
4.460163169874941588e-15
4.464843544539767054e-15
4.519606271576047032e-15
4.523458689181450891e-15
4.551746766176587271e-15
4.559986937974407073e-15
4.559986937974407073e-15
4.567530778103504376e-15
4.577915760849409945e-15
4.577915760849409945e-15
4.588475908832372966e-15
4.594852990487494308e-15
4.601221495934024700e-15
4.619801004813370168e-15
4.684658970505861857e-15
4.684658970505861857e-15
4.725009931929335111e-15
4.735439089796309465e-15
4.760242943820300801e-15
4.765876518777276526e-15
4.765876518777276526e-15
4.856688979813046103e-15
4.856688979813046103e-15
4.856688979813046103e-15
4.866052411413696937e-15
4.870631083303119789e-15
4.929009523411258675e-15
4.947943668515534784e-15
5.011575845184451492e-15
5.064912448140784269e-15
5.072838444242337848e-15
5.072838444242337848e-15
5.076537037135216905e-15
5.101344720453991145e-15
5.156523240670427472e-15
5.266787651580127211e-15
5.271710933530184555e-15
5.309674306128151725e-15
5.314656742153445178e-15
5.410629622012550019e-15
5.410629622012550019e-15
5.410629622012550019e-15
5.458446387713769116e-15
5.459992505186823702e-15
5.482731898749253446e-15
5.488561591244384591e-15
5.573422013522616744e-15
5.603756780933941848e-15
5.603756780933941848e-15
5.612584990649959923e-15
5.645499943944260293e-15
5.645985261471084511e-15
5.645985261471084511e-15
5.666772891129150110e-15
5.739745670684354412e-15
5.773270728869780740e-15
5.806279085193035368e-15
5.844132517031970113e-15
5.848994727318312660e-15
5.915150100434722180e-15
5.948537674584897295e-15
5.992092032264461060e-15
5.992092032264461060e-15
5.992092032264461060e-15
5.995672808168332964e-15
6.004167772182425017e-15
6.004167772182425017e-15
6.004167772182425017e-15
6.038833066122667195e-15
6.045674271834411138e-15
6.045674271834411138e-15
6.069350686771480821e-15
6.086293822111502810e-15
6.109454408689127648e-15
6.147352336227572847e-15
6.169968030627750966e-15
6.169968030627750966e-15
6.177457851818854889e-15
6.177457851818854889e-15
6.227400246701208652e-15
6.237312755645570509e-15
6.255100697530273808e-15
6.275556540265378715e-15
6.298344432346211661e-15
6.299595714708629523e-15
6.374334037386527137e-15
6.393203072715155966e-15
6.404838849603099989e-15
6.426226690336894195e-15
6.533231939047056330e-15
6.561258432856908611e-15
6.624846804981671747e-15
6.728955574530225045e-15
6.754584597463519680e-15
6.801390623453907322e-15
6.881179818301715353e-15
6.918787689995285157e-15
6.978309712814816284e-15
6.989841016423759645e-15
6.989841016423759645e-15
7.050560593835290872e-15
7.123379316332127640e-15
7.146920273642628863e-15
7.155071886381160728e-15
7.159774225080881919e-15
7.215278405936845159e-15
7.223928647560254449e-15
7.246551288807034002e-15
7.333480139072681555e-15
7.352416837040145215e-15
7.382050917033460906e-15
7.396718774822826811e-15
7.404559052954769965e-15
7.404559052954769965e-15
7.416114241128174187e-15
7.420525691655506543e-15
7.505567352514671515e-15
7.559923939017089633e-15
7.567944538110940465e-15
7.628868062233216320e-15
7.641888602699936669e-15
7.707118268801941963e-15
7.713679300719862074e-15
7.749515950052470778e-15
7.765666318434509181e-15
7.795059999889482261e-15
7.838900404712855776e-15
7.863527270026084378e-15
7.889319229158261270e-15
7.900161918509779251e-15
7.941676138514148937e-15
7.964813169929014712e-15
8.021002844549495990e-15
8.084821553755266645e-15
8.155391350837584042e-15
8.195737694755060812e-15
8.209846875493980409e-15
8.272508808273770600e-15
8.329302161511107519e-15
8.359934778646858282e-15
8.431903774161094270e-15
8.486542349107782159e-15
8.495474758581745538e-15
8.495474758581745538e-15
8.577424955059496234e-15
8.619855461777817600e-15
8.707891889972425403e-15
8.762449349750067905e-15
8.815886931974494708e-15
8.941196806785011583e-15
8.979770125455427891e-15
9.005330456369569675e-15
9.077991283689994295e-15
9.119160911280249749e-15
9.119160911280249749e-15
9.258463690970068860e-15
9.361828918527437599e-15
9.406141691273235631e-15
