1.336533571558318184e-19
2.673792443887153212e-19
2.673792443887153212e-19
2.673792443887153212e-19
3.120264665807689505e-19
3.120264665807689505e-19
4.908051721734707746e-19
4.908051721734707746e-19
4.908051721734707746e-19
6.698656716386356952e-19
8.490193303527845990e-19
8.490193303527845990e-19
9.386887470498982251e-19
1.073261887178988773e-18
1.252784385731293505e-18
1.522205041972176986e-18
1.612057378274225432e-18
1.791852584412348662e-18
1.836823927828928809e-18
1.971805310884595813e-18
2.151869930447351265e-18
2.286985207183668528e-18
2.286985207183668528e-18
2.737812202824007408e-18
2.918231018548014503e-18
2.963357639134934927e-18
3.234248339471221857e-18
3.324588725188149498e-18
3.460164273718483248e-18
3.460164273718483248e-18
3.460164273718483248e-18
3.460164273718483248e-18
3.505441898503866480e-18
3.777235048186279633e-18
3.867875065457700291e-18
4.627851848688642326e-18
5.340677131189094719e-18
6.992109034019229204e-18
6.992109034019229204e-18
7.381838304528124676e-18
8.523921061742673480e-18
8.557708264860928178e-18
9.949289282427826319e-18
1.001855775455884432e-17
1.018975252467613030e-17
1.018975252467613030e-17
1.035454749030304960e-17
1.035454749030304960e-17
1.075848809137143355e-17
1.075848809137143355e-17
1.204080185874252695e-17
1.260840804817482549e-17
1.267795886462159543e-17
1.290006972634605675e-17
1.330946898418563576e-17
1.449107994560538320e-17
1.474970733883369521e-17
1.578835796171130205e-17
1.580859263767348949e-17
1.580859263767348949e-17
1.742294332036827016e-17
1.801925451523529760e-17
1.852041567569409299e-17
1.852041567569409299e-17
1.852107447909751266e-17
1.904312911892191207e-17
1.904312911892191207e-17
1.904312911892191207e-17
1.904312911892191207e-17
1.937940119898186931e-17
2.092250699933536990e-17
2.159411001173611429e-17
2.168248378256631193e-17
2.322013092614861745e-17
2.348713453407755669e-17
2.354906205399903639e-17
2.370331616517123483e-17
2.474234324713651094e-17
2.474234324713651094e-17
2.474234324713651094e-17
2.491683203427089681e-17
2.491683203427089681e-17
2.504943974790215270e-17
2.536415954519308316e-17
2.613251254312464934e-17
2.614314751235128599e-17
2.614314751235128599e-17
2.616206458150663100e-17
2.755251622181052289e-17
2.755251622181052289e-17
2.834599786384396768e-17
2.874862085810551383e-17
2.888499316261345618e-17
3.017408319356258552e-17
3.108981992431639997e-17
3.109490212199992577e-17
3.154608833857071436e-17
3.219002160802781417e-17
3.385434723461059856e-17
3.430562756595330909e-17
3.435701423142006792e-17
3.435701423142006792e-17
3.435701423142006792e-17
3.523378744660018455e-17
3.530578524711680008e-17
3.561419935468928118e-17
3.582680462445011056e-17
3.586661517297106268e-17
3.979223642440707549e-17
3.979948326184469493e-17
4.136084732795012394e-17
4.139924615489232094e-17
4.141430451839906680e-17
4.156648810458908737e-17
4.174530617123166052e-17
4.299627971955434634e-17
4.299627971955434634e-17
4.583544004397884531e-17
4.583544004397884531e-17
4.694185330263679310e-17
4.784968439254957151e-17
4.852373438902016303e-17
4.852373438902016303e-17
4.852373438902016303e-17
4.852373438902016303e-17
4.931138091519474657e-17
4.947307009334840216e-17
4.947307009334840216e-17
4.947307009334840216e-17
4.947928166829493575e-17
5.100638795742252349e-17
5.223627979683576758e-17
5.229886612016067003e-17
5.229886612016067003e-17
5.229886612016067003e-17
5.393373382313338546e-17
5.445738841408037462e-17
5.473921509858626103e-17
5.483756503523967565e-17
5.483756503523967565e-17
5.646843286040591517e-17
5.646843286040591517e-17
5.680498728478161973e-17
5.818235697178902786e-17
5.818235697178902786e-17
5.915258615548286485e-17
5.991086887281929520e-17
6.040977127875207810e-17
6.041838278038250093e-17
6.041838278038250093e-17
6.041838278038250093e-17
6.102179964052927415e-17
6.113676083442606339e-17
6.113676083442606339e-17
6.156371249722819481e-17
6.358548602755229395e-17
6.416005671010645690e-17
6.416005671010645690e-17
6.465834737002178110e-17
6.465834737002178110e-17
6.526576410797503022e-17
6.526576410797503022e-17
6.526576410797503022e-17
6.623420511100244283e-17
6.623420511100244283e-17
6.673498981237356588e-17
6.726509126519687807e-17
6.832905876172019507e-17
7.023822396744542398e-17
7.027615222052803595e-17
7.224898606945521721e-17
7.332165918238087282e-17
7.332165918238087282e-17
7.332165918238087282e-17
7.332165918238087282e-17
7.336504609223467369e-17
7.336504609223467369e-17
7.361948537811267516e-17
7.362602635476091397e-17
7.388267733777896697e-17
7.388267733777896697e-17
7.618867747929283559e-17
8.049903991832613847e-17
8.076900814157046467e-17
8.177147163464592913e-17
8.277106462717791930e-17
8.328624888865236546e-17
8.337998720148184547e-17
8.622098276395873286e-17
8.937203944251664589e-17
9.044080679240774137e-17
9.044080679240774137e-17
9.298599962674903407e-17
9.346645553738605391e-17
9.653149131441170374e-17
9.721194111537265423e-17
9.721194111537265423e-17
9.860403976418509684e-17
1.025592601113890523e-16
1.025838240668594270e-16
1.042199152618670721e-16
1.042199152618670721e-16
1.054833590174687769e-16
1.057920084119710536e-16
1.072001536293953638e-16
1.074768040014458087e-16
1.082764031036538682e-16
1.084965375551680705e-16
1.085205368220069382e-16
1.098012976956414044e-16
1.102026501404820629e-16
1.102026501404820629e-16
1.135932289135690991e-16
1.142803608633361682e-16
1.144125921178797672e-16
1.144125921178797672e-16
1.154079970030614376e-16
1.156449779987488101e-16
1.177005387321911655e-16
1.190453917655011988e-16
1.190453917655011988e-16
1.215913375180178300e-16
1.219778668862815506e-16
1.228279585636231691e-16
1.243467827528220577e-16
1.252136739169508701e-16
1.264823410423939805e-16
1.264823410423939805e-16
1.275221680999205622e-16
1.282487341391209204e-16
1.284193642206066978e-16
1.298711316348146046e-16
1.306522842417269010e-16
1.309674746128774288e-16
1.323831490120551244e-16
1.323831490120551244e-16
1.323831490120551244e-16
1.323831490120551244e-16
1.323831490120551244e-16
1.323879488654228905e-16
1.326634228028243697e-16
1.329407319782782249e-16
1.329948479721305721e-16
1.339294547146537644e-16
1.343740058398044046e-16
1.346080692775623511e-16
1.347739936204522659e-16
1.356925067369776265e-16
1.364109789057931047e-16
1.364109789057931047e-16
1.364109789057931047e-16
1.394504154648572940e-16
1.406213443996644361e-16
1.406213443996644361e-16
1.408019035895874696e-16
1.438239759732329457e-16
1.466661950277447505e-16
1.467700506785553304e-16
1.468259548530741142e-16
1.486727690224042486e-16
1.487665543926196803e-16
1.487665543926196803e-16
1.487665543926196803e-16
1.487665543926196803e-16
1.487665543926196803e-16
1.490285699176370188e-16
1.496976788885819520e-16
1.512688308909667510e-16
1.512688308909667510e-16
1.512688308909667510e-16
1.522932701832848632e-16
1.565685748697790161e-16
1.578414301025724339e-16
1.578414301025724339e-16
1.582544527791308334e-16
1.582544527791308334e-16
1.583016042798613146e-16
1.588280352565798622e-16
1.588280352565798622e-16
1.602673324635087501e-16
1.602673324635087501e-16
1.608990308126166266e-16
1.612663607674092333e-16
1.612663607674092333e-16
1.621264050818810898e-16
1.629794143171521343e-16
1.629794143171521343e-16
1.629794143171521343e-16
1.629794143171521343e-16
1.633588850775220608e-16
1.633759198512390749e-16
1.638923746621344025e-16
1.638923746621344025e-16
1.647673832253410768e-16
1.659704288260649609e-16
1.659704288260649609e-16
1.659704288260649609e-16
1.659704288260649609e-16
1.666112327793558212e-16
1.690785221112427126e-16
1.706708264086159117e-16
1.711363886565970352e-16
1.724951471474578185e-16
1.728805236097655431e-16
1.728805236097655431e-16
1.728805236097655431e-16
1.736681936646330963e-16
1.756609798452067054e-16
1.756609798452067054e-16
1.756609798452067054e-16
1.757734940550336598e-16
1.773406226509190009e-16
1.796523637935198181e-16
1.822451081163722494e-16
1.839491501767040702e-16
1.839491501767040702e-16
1.850451637530651707e-16
1.859451362595228648e-16
1.866923134337730858e-16
1.872745074128525498e-16
1.889917490699457583e-16
1.904124350807280335e-16
1.910854968720935033e-16
1.943371151844448948e-16
1.998113950077775098e-16
2.002216412985643508e-16
2.029245704906387872e-16
2.029245704906387872e-16
2.029245704906387872e-16
2.029245704906387872e-16
2.036777239529057277e-16
2.048814989431119560e-16
2.049524144237515216e-16
2.062295518786671750e-16
2.063624419366141720e-16
2.064202284065712960e-16
2.073330946367816362e-16
2.074012337316496433e-16
2.109706776287652290e-16
2.114298165435630238e-16
2.115672711679480161e-16
2.118752147016609183e-16
2.118752147016609183e-16
2.119058020025340012e-16
2.119058020025340012e-16
2.119058020025340012e-16
2.123583999406835572e-16
2.126503910205564952e-16
2.126903897986212789e-16
2.133338995516047516e-16
2.133338995516047516e-16
2.133338995516047516e-16
2.160592515880884449e-16
2.160592515880884449e-16
2.175680290253851674e-16
2.213858182768971126e-16
2.233622049584641483e-16
2.245696268960821960e-16
2.245696268960821960e-16
2.265657070936729188e-16
2.268998615913647403e-16
2.268998615913647403e-16
2.291949208906432245e-16
2.291949208906432245e-16
2.345508984456760217e-16
2.348592890245555085e-16
2.369761184745159331e-16
2.391840980810781231e-16
2.441870275979567267e-16
2.441870275979567267e-16
2.443954212316742419e-16
2.447973383651464074e-16
2.447973383651464074e-16
2.447973383651464074e-16
2.447973383651464074e-16
2.447973383651464074e-16
2.461973191261069164e-16
2.472490752309739798e-16
2.472490752309739798e-16
2.472490752309739798e-16
2.481586474441672062e-16
2.515914602211520719e-16
2.523716010942662399e-16
2.523716010942662399e-16
2.523716010942662399e-16
2.541142772684700347e-16
2.595324882164330164e-16
2.595324882164330164e-16
2.617980778277549775e-16
2.622006772933235478e-16
2.622006772933235478e-16
2.624354583562173598e-16
2.625586075352709324e-16
2.625586075352709324e-16
2.625586075352709324e-16
2.637861935627721846e-16
2.673954009510227583e-16
2.673954009510227583e-16
2.729922652647774759e-16
2.738136989940702910e-16
2.738136989940702910e-16
2.742262510967690993e-16
2.786881853759749826e-16
2.797207655960639387e-16
2.797207655960639387e-16
2.800821663202257900e-16
2.822300536449188394e-16
2.838666154137860758e-16
2.847495060891407918e-16
2.847495060891407918e-16
2.933796424443991229e-16
2.936849978218842982e-16
2.936849978218842982e-16
2.938745920299113693e-16
2.938745920299113693e-16
2.940866796684266434e-16
2.942774973684886320e-16
2.942774973684886320e-16
2.951287654804792038e-16
2.951287654804792038e-16
2.974329539126336784e-16
2.992762858354028921e-16
2.992762858354028921e-16
2.992762858354028921e-16
3.006657022132156796e-16
3.007568053124314810e-16
3.041770302386724177e-16
3.055293889250428296e-16
3.069073821224142121e-16
3.102343628383782543e-16
3.138533934559477019e-16
3.138533934559477019e-16
3.147394369761616641e-16
3.147394369761616641e-16
3.147394369761616641e-16
3.147394369761616641e-16
3.147394369761616641e-16
3.147394369761616641e-16
3.156860904094902728e-16
3.185111923398596634e-16
3.191528903834837173e-16
3.221243878415702097e-16
3.245741012398015744e-16
3.283004579903960192e-16
3.285157690598494610e-16
3.369275356155670322e-16
3.369275356155670322e-16
3.378719538230626197e-16
3.405099202938212526e-16
3.405099202938212526e-16
3.436267309597478216e-16
3.436267309597478216e-16
3.441011164675961938e-16
3.441011164675961938e-16
3.463408480453338921e-16
3.489448743764699103e-16
3.510042467581748854e-16
3.511029260965300114e-16
3.511029260965300114e-16
3.518999723355498293e-16
3.518999723355498293e-16
3.518999723355498293e-16
3.559607659281518306e-16
3.563258841858043981e-16
3.563799884153102665e-16
3.601403088342202835e-16
3.601403088342202835e-16
3.633876919818353788e-16
3.706123653906690054e-16
3.739275111740644448e-16
3.790915416517722149e-16
3.794177905086230127e-16
3.794177905086230127e-16
3.794177905086230127e-16
3.818052940426171504e-16
3.818052940426171504e-16
3.818052940426171504e-16
3.818052940426171504e-16
3.818052940426171504e-16
3.818052940426171504e-16
3.820784386394137049e-16
3.845164582772343589e-16
3.845164582772343589e-16
3.847550156953513299e-16
3.876989963469985362e-16
3.876989963469985362e-16
3.916120297476906261e-16
3.916120297476906261e-16
3.925412484195215510e-16
3.930183867844484997e-16
3.961410443305803993e-16
3.969941712093163293e-16
3.980039521259083408e-16
4.028229107923819116e-16
4.076075881531846406e-16
4.076758684202105399e-16
4.089600644830199873e-16
4.114386005301509556e-16
4.114386005301509556e-16
4.179833064762297140e-16
4.182966616093278410e-16
4.208671242599289076e-16
4.208876059871673816e-16
4.216784053582011991e-16
4.235614537147194368e-16
4.235614537147194368e-16
4.235614537147194368e-16
4.291749528144104987e-16
4.296507971012235593e-16
4.358012915607808903e-16
4.358012915607808903e-16
4.406113681456547697e-16
4.547471245432940756e-16
4.547471245432940756e-16
4.617471342272149778e-16
4.652317336574472413e-16
4.761375416689690865e-16
4.777666448421618343e-16
4.779911321018771813e-16
4.831899262234618138e-16
4.927654572269743016e-16
4.948895099856793452e-16
4.952914741765374254e-16
5.038588242145804823e-16
5.038588242145804823e-16
5.122417328283589152e-16
5.175169834377797270e-16
5.207975302781491535e-16
5.214589100734504406e-16
5.238447665989360337e-16
5.238447665989360337e-16
5.238447665989360337e-16
5.251210687852508868e-16
5.263880889021854772e-16
5.329736406592762982e-16
5.329736406592762982e-16
5.352797231512155669e-16
5.352797231512155669e-16
5.439997038206152967e-16
5.452356190054312490e-16
5.458086367942487831e-16
5.481957168117692443e-16
5.622663928446279106e-16
5.661706500428387652e-16
5.801755398501272817e-16
5.872491119926479439e-16
5.952682552486201895e-16
5.952682552486201895e-16
5.961656866562361207e-16
5.987685718457626709e-16
5.987685718457626709e-16
6.023449096499212258e-16
6.031483674577778444e-16
6.043277196646716147e-16
6.126579592992159595e-16
6.141067856268014829e-16
6.141067856268014829e-16
6.141743835617309281e-16
6.141743835617309281e-16
6.152913847322295793e-16
6.152913847322295793e-16
6.152913847322295793e-16
6.152913847322295793e-16
6.277142287522838764e-16
6.323032415022708620e-16
6.324405314258050294e-16
6.324405314258050294e-16
6.486143902666961234e-16
6.486143902666961234e-16
6.486143902666961234e-16
6.486143902666961234e-16
6.489852024680496508e-16
6.489852024680496508e-16
6.528660368523995493e-16
6.580354436364531082e-16
6.580354436364531082e-16
6.580354436364531082e-16
6.607224674320735199e-16
6.607224674320735199e-16
6.730256562839816684e-16
6.943774628244777364e-16
6.969119736322064592e-16
6.978015699850602882e-16
7.060958342480392826e-16
7.060958342480392826e-16
7.122658281119031311e-16
7.252757012574441930e-16
7.268947812074278308e-16
7.283647833586947116e-16
7.297754814393073128e-16
7.297754814393073128e-16
7.398549323425304272e-16
7.546380630809750782e-16
7.546380630809750782e-16
7.546380630809750782e-16
7.551978636265115313e-16
7.559711870608349402e-16
7.574482125269561051e-16
7.574482125269561051e-16
7.669607748658828003e-16
7.669607748658828003e-16
7.824323963361140660e-16
7.876311963398719872e-16
8.017553295631796025e-16
8.074811781718467447e-16
8.154054125625137839e-16
8.154054125625137839e-16
8.404243482512022272e-16
8.468765099656201646e-16
8.497578101791705526e-16
8.603112113094219828e-16
8.641780108284097919e-16
8.648619899333176395e-16
8.648619899333176395e-16
8.648619899333176395e-16
8.810562246223287514e-16
8.810562246223287514e-16
8.973932314203381278e-16
9.100327511740386269e-16
9.331497390835732208e-16
9.331497390835732208e-16
9.379317106446832882e-16
9.422156503615007842e-16
9.422156503615007842e-16
9.437161456988688199e-16
9.441956369330936260e-16
9.719844821205952282e-16
9.719844821205952282e-16
9.726448854751378968e-16
9.726448854751378968e-16
9.731266589925817375e-16
9.753051100894548138e-16
9.986760196536218417e-16
1.009947228267112088e-15
1.016137627389962201e-15
1.021823241933634862e-15
1.023487285215901850e-15
1.027981689091419082e-15
1.027981689091419082e-15
1.039241698047051166e-15
1.039241698047051166e-15
1.041645624608744785e-15
1.045433473598440567e-15
1.045433473598440567e-15
1.049718883858569378e-15
1.050798874395011568e-15
1.050798874395011568e-15
1.050798874395011568e-15
1.058405377315686218e-15
1.082165922035590224e-15
1.095025917406853190e-15
1.113820472657856132e-15
1.123091412966405348e-15
1.128353116930843281e-15
1.128490130392234953e-15
1.130614177268766806e-15
1.133823967447174351e-15
1.133823967447174351e-15
1.133903706187681239e-15
1.142665920860978799e-15
1.142665920860978799e-15
1.144293971125160767e-15
1.144293971125160767e-15
1.144293971125160767e-15
1.146539026069685002e-15
1.154581527435612423e-15
1.157761436173936099e-15
1.162436322771124278e-15
1.167417494129170336e-15
1.193180330621611679e-15
1.223701015882686009e-15
1.227643760140437633e-15
1.228322421760732183e-15
1.228322421760732183e-15
1.251225445618486328e-15
1.259779819582351364e-15
1.284957932761217933e-15
1.297757759382359598e-15
1.316169473387723264e-15
1.316354214802823440e-15
1.353795470998147336e-15
1.363815129610336862e-15
1.365460444052992426e-15
1.365460444052992426e-15
1.369301126722773194e-15
1.397427514539755635e-15
1.406467238382397385e-15
1.417526806402538843e-15
1.437072985750764992e-15
1.451003854289940784e-15
1.451003854289940784e-15
1.453859955273310455e-15
1.453930164893160733e-15
1.453930164893160733e-15
1.463302607983222523e-15
1.465778014714187301e-15
1.465778014714187301e-15
1.466823488658028879e-15
1.484552476461385911e-15
1.492631241425367657e-15
1.496413431764401964e-15
1.496413431764401964e-15
1.541215545443523672e-15
1.555447487138062255e-15
1.575437629394114642e-15
1.578364481157273005e-15
1.585049076947460087e-15
1.586144431720417839e-15
1.586353860616626465e-15
1.590369832049102959e-15
1.590369832049102959e-15
1.608277967320804275e-15
1.608277967320804275e-15
1.609044790953692145e-15
1.640567722067431839e-15
1.640567722067431839e-15
1.658186242657251057e-15
1.658186242657251057e-15
1.670977087199848010e-15
1.675708036790232583e-15
1.675708036790232583e-15
1.707595762642096482e-15
1.707641031847388673e-15
1.745571837793186217e-15
1.745571837793186217e-15
1.776011425531734238e-15
1.791259653826473857e-15
1.821539946431378669e-15
1.829146543466825148e-15
1.831035373999643035e-15
1.845507261305184553e-15
1.852651972450928000e-15
1.854418812592821401e-15
1.854418812592821401e-15
1.863324411121134708e-15
1.867573846009697971e-15
1.867573846009697971e-15
1.904817590591807491e-15
1.912861268392383767e-15
1.914003309974385426e-15
1.928663279769430026e-15
1.928926201149127234e-15
1.938605093700897802e-15
1.971321106013884712e-15
1.983456117650550157e-15
1.983456117650550157e-15
2.001202310810648292e-15
2.002914276158340929e-15
2.002914276158340929e-15
2.002914276158340929e-15
2.045426548025852331e-15
2.045925015150964910e-15
2.045925015150964910e-15
2.074021192126161881e-15
2.103122473690221199e-15
2.106335063783093235e-15
2.115903536178712101e-15
2.128414789262636066e-15
2.134748189899240925e-15
2.136208692340717441e-15
2.168271306967496199e-15
2.168817007943764782e-15
2.168817007943764782e-15
2.171672797171952522e-15
2.171672797171952522e-15
2.221870540135950171e-15
2.239619380274008476e-15
2.241528921938821467e-15
2.243961200575555345e-15
2.248077427768816687e-15
2.250387098386435505e-15
2.250387098386435505e-15
2.250387098386435505e-15
2.250387098386435505e-15
2.265509748164571189e-15
2.273136738694657552e-15
2.273136738694657552e-15
2.287017491117787399e-15
2.310454510427052888e-15
2.321374735645197922e-15
2.321938953702841116e-15
2.337737253428570243e-15
2.337737253428570243e-15
2.339515722626968919e-15
2.385993291004452788e-15
2.389675878503932554e-15
2.418467122480604037e-15
2.418467122480604037e-15
2.428611183174748249e-15
2.428611183174748249e-15
2.430613998460704331e-15
2.438356361936814755e-15
2.477058009039826537e-15
2.477058009039826537e-15
2.484353750865803977e-15
2.486845133579301602e-15
2.492292278937455735e-15
2.562532656671542778e-15
2.567090935066325746e-15
2.567090935066325746e-15
2.567090935066325746e-15
2.567090935066325746e-15
2.567090935066325746e-15
2.572310775603780372e-15
2.597176321860763528e-15
2.597434990429204598e-15
2.597434990429204598e-15
2.597434990429204598e-15
2.597434990429204598e-15
2.612474454513312279e-15
2.615770583230607271e-15
2.698784964845291299e-15
2.767535229277787263e-15
2.799141557843791970e-15
2.808069285107852296e-15
2.840621796533325971e-15
2.840621796533325971e-15
2.840621796533325971e-15
2.840621796533325971e-15
2.852155203019204050e-15
2.870069685155836485e-15
2.870069685155836485e-15
2.886419391565881584e-15
2.899883780238050028e-15
2.899883780238050028e-15
2.906441321086149162e-15
2.934576138057391322e-15
2.939754144578728690e-15
2.939754144578728690e-15
2.948580133774346670e-15
2.999382840610054655e-15
3.006099617770064309e-15
3.052304053315098003e-15
3.052304053315098003e-15
3.081185365128493931e-15
3.104250601677820563e-15
3.104250601677820563e-15
3.104250601677820563e-15
3.104250601677820563e-15
3.108007057508908929e-15
3.111833570023342857e-15
3.114437966931393151e-15
3.123007299261819789e-15
3.123007299261819789e-15
3.160679801333917596e-15
3.161572732879001239e-15
3.161572732879001239e-15
3.169572382612840157e-15
3.194357831316748577e-15
3.213685858505844118e-15
3.247377658656241271e-15
3.285782179542137163e-15
3.285782179542137163e-15
3.289191122460094587e-15
3.289522277049431681e-15
3.339521349612085571e-15
3.341321376975426211e-15
3.346073537682531479e-15
3.352583332930402046e-15
3.368420884398193649e-15
3.372717523727046868e-15
3.403687418794481664e-15
3.421020765743218579e-15
3.421020765743218579e-15
3.426977760231714415e-15
3.426977760231714415e-15
3.444149535645762573e-15
3.444149535645762573e-15
3.448733383847640780e-15
3.448733383847640780e-15
3.448733383847640780e-15
3.448733383847640780e-15
3.490786234456038554e-15
3.494359560587495804e-15
3.510848856850813676e-15
3.516891754597376753e-15
3.518503934758144281e-15
3.523174021501964817e-15
3.523174021501964817e-15
3.531142589832378054e-15
3.635017834162025447e-15
3.689505710771267982e-15
3.689505710771267982e-15
3.691590782367879955e-15
3.694441701156620587e-15
3.728670943712050199e-15
3.733018269727754221e-15
3.806030615721290165e-15
3.841804393445171945e-15
3.865483346539996943e-15
3.872368147978744881e-15
3.876859610767639483e-15
3.876859610767639483e-15
3.876859610767639483e-15
3.907283663686647557e-15
3.914715389593698650e-15
3.979873052013014434e-15
4.001866209548913139e-15
4.006359289935450681e-15
4.014826095986220212e-15
4.014826095986220212e-15
4.044102554551683953e-15
4.044901794841324166e-15
4.044901794841324166e-15
4.044901794841324166e-15
4.053049251824458565e-15
4.053049251824458565e-15
4.159901652262853925e-15
4.179373786814274392e-15
4.215914782276652015e-15
4.310285952243365023e-15
4.340631772258217058e-15
4.345105000310053327e-15
4.352300992242145390e-15
4.352300992242145390e-15
4.413025037164255621e-15
4.414684592348336504e-15
4.475404766800451993e-15
4.475404766800451993e-15
4.477029875978011726e-15
4.477029875978011726e-15
4.505471660042207924e-15
4.509254532713338783e-15
4.522839200064016943e-15
4.546720476389770736e-15
4.548625529956398015e-15
4.603372833934429545e-15
4.603372833934429545e-15
4.603372833934429545e-15
4.614755715606972509e-15
4.614755715606972509e-15
4.615526127365540027e-15
4.628683266600438156e-15
4.628683266600438156e-15
4.641082852507482297e-15
4.661539821678763499e-15
4.697572291499779109e-15
4.697572291499779109e-15
4.737649725985195004e-15
4.754038890013366104e-15
4.800750445360355290e-15
4.801663329237085718e-15
4.801663329237085718e-15
4.874196131056837850e-15
4.874196131056837850e-15
4.874196131056837850e-15
4.892383187219461982e-15
4.899802837024841807e-15
4.951061988740001453e-15
4.967552108507573424e-15
5.040839343162272990e-15
5.095196667877432720e-15
5.100244598960720902e-15
5.100344763547820170e-15
5.103618428245493057e-15
5.125248282174185578e-15
5.172021344465709766e-15
5.265112762351500063e-15
5.265112762351500063e-15
5.317167051540461659e-15
5.324998177010836309e-15
5.427140283110196154e-15
5.427140283110196154e-15
5.427140283110196154e-15
5.461103360267384916e-15
5.461418685928519800e-15
5.482470054588363024e-15
5.511693467715504965e-15
5.592183535269780410e-15
5.627213847470729988e-15
5.633782670327112339e-15
5.639709527500988419e-15
5.681955360449202429e-15
5.689310197528684275e-15
5.689310197528684275e-15
5.707986968142632955e-15
5.806592746980245828e-15
5.833490684090260291e-15
5.881671353380356281e-15
5.892840700399765909e-15
5.895231330308839740e-15
5.938970355876337967e-15
5.965897145046118280e-15
5.994659734015827703e-15
5.994659734015827703e-15
5.998675070173593559e-15
5.998957079205470037e-15
5.998957079205470037e-15
6.003278676595401210e-15
6.005401644093142682e-15
6.038340170196721586e-15
6.044862203306028268e-15
6.044862203306028268e-15
6.056964780639421898e-15
6.091342818649252778e-15
6.106016976246163888e-15
6.137262407013819324e-15
6.146829379455260629e-15
6.147448366427986181e-15
6.151154979664084552e-15
6.151154979664084552e-15
6.162611779666708478e-15
6.167232362040500158e-15
6.190306695370749643e-15
6.232123609069211310e-15
6.247603065594204974e-15
6.255295501183813309e-15
6.350810583263620355e-15
6.376831314818721031e-15
6.388982893596330296e-15
6.408877062313720219e-15
6.490387878096602218e-15
6.499232493193799662e-15
6.564375050192222219e-15
6.658227133075512926e-15
6.700450125545017119e-15
6.729747001133813110e-15
6.808339626653639987e-15
6.861797178856232259e-15
6.936420496223933394e-15
6.944799937296584301e-15
6.944799937296584301e-15
6.988691875839755084e-15
7.066148883110763383e-15
7.083697523482434319e-15
7.089705916400742966e-15
7.089705916400742966e-15
7.142432976213493526e-15
7.142432976213493526e-15
7.180043397829166012e-15
7.264871388745213193e-15
7.277144596160093045e-15
7.286464943782812446e-15
7.304948287952864949e-15
7.320613874085844062e-15
7.320613874085844062e-15
7.331861280485299094e-15
7.342793005352137842e-15
7.436168867489527185e-15
7.507984455925537527e-15
7.516846591075744847e-15
7.577386279865102943e-15
7.581891921632603925e-15
7.649741790042169356e-15
7.658225239702135460e-15
7.675925148982057199e-15
7.682561713886613187e-15
7.729511647245435125e-15
7.787257118455045080e-15
7.798225365735561275e-15
7.810339575066546628e-15
7.818722039576245811e-15
7.837503642281763788e-15
7.867304867168916828e-15
7.939521596291531545e-15
7.986256718565626371e-15
8.040707108084780009e-15
8.073402100451676724e-15
8.073402100451676724e-15
8.150022253876231588e-15
8.210713614502707407e-15
8.237143765903254105e-15
8.315623083119866248e-15
8.363667227168949578e-15
8.380639064573319937e-15
8.381920134261049050e-15
8.478344047400219439e-15
8.519783184404204899e-15
8.594072682558089694e-15
8.650241584283756534e-15
8.699856242119428663e-15
8.827535138675604255e-15
8.847540433409935784e-15
8.869662910524622591e-15
8.930626283429544788e-15
8.941807718314973050e-15
8.943859479164498722e-15
9.074065992621360609e-15
9.171167464473343000e-15
9.224899749459507731e-15
