1.336533571558318184e-19
3.119545401330098783e-19
4.457526543647093155e-19
5.349993477324644460e-19
6.242937921165717046e-19
6.242937921165717046e-19
6.689884685147471366e-19
6.689884685147471366e-19
7.584719464103182345e-19
8.927673210091918768e-19
1.251074638437489684e-18
1.251074638437489684e-18
1.251074638437489684e-18
1.251074638437489684e-18
1.430597136989794416e-18
1.700017793230678090e-18
1.744943961381702217e-18
1.834841564450763928e-18
1.969755594700504754e-18
2.059743183404283014e-18
2.329840112748416577e-18
2.374878538327188870e-18
2.600181573114878913e-18
2.960843169627149864e-18
3.141261985351156958e-18
3.321768467698838657e-18
3.502362267923030200e-18
3.592702653639957841e-18
3.592702653639957841e-18
3.818769756254146829e-18
3.909239569063018829e-18
4.090264799697752832e-18
4.361930548410052218e-18
4.679022556372867821e-18
4.860302590915709136e-18
6.012267399181557597e-18
6.309481848895899701e-18
7.826988431287936646e-18
7.854658174231576610e-18
8.233470131198083493e-18
9.461950249032569391e-18
9.461950249032569391e-18
1.002842706120186169e-17
1.039387472055613440e-17
1.048516604931576420e-17
1.066313708301108459e-17
1.067264267497471652e-17
1.079602714095809242e-17
1.194545085038217798e-17
1.194545085038217798e-17
1.318240129768920689e-17
1.379226501971230313e-17
1.380562931732453730e-17
1.398011810445892317e-17
1.410114970114437235e-17
1.519419866219008905e-17
1.541339196598511820e-17
1.656450974130371237e-17
1.656450974130371237e-17
1.656488620039138163e-17
1.783505916218516287e-17
1.810065104853534392e-17
1.846224000224101439e-17
1.846224000224101439e-17
1.857903643419019206e-17
1.922805190133082075e-17
1.922805190133082075e-17
1.922805190133082075e-17
1.922805190133082075e-17
1.951378434887127037e-17
2.094686998085363077e-17
2.117566299138420764e-17
2.117566299138420764e-17
2.264648864690534229e-17
2.287744629719001587e-17
2.300732468243567423e-17
2.327762230738171181e-17
2.372137345697104942e-17
2.372137345697104942e-17
2.372137345697104942e-17
2.438064743425064549e-17
2.438064743425064549e-17
2.490373733656613383e-17
2.515125918670822416e-17
2.599744510101527020e-17
2.620487405832065801e-17
2.641926750874791177e-17
2.662453182629920286e-17
2.780557809908745102e-17
2.793103309005300325e-17
2.823125921246869483e-17
2.892799086897131475e-17
2.931433200769119148e-17
3.046036758532625983e-17
3.102326803616270030e-17
3.102863257816197959e-17
3.122213254922362933e-17
3.212309326078645140e-17
3.385386391634274048e-17
3.441977603988052888e-17
3.476517725281645187e-17
3.476517725281645187e-17
3.492856049686461606e-17
3.582152145281448017e-17
3.584495603102184709e-17
3.637350459010853050e-17
3.640983289206854964e-17
3.685038413941270159e-17
4.030496095740340764e-17
4.030496095740340764e-17
4.158925113498475850e-17
4.158925113498475850e-17
4.158925113498475850e-17
4.158925113498475850e-17
4.158925113498475850e-17
4.285980055586620901e-17
4.285980055586620901e-17
4.536372406272183659e-17
4.537125324447520952e-17
4.728931229614661475e-17
4.770247614486288176e-17
4.814914485238165153e-17
4.814914485238165153e-17
4.814914485238165153e-17
4.814914485238165153e-17
4.911476241225155391e-17
4.911476241225155391e-17
4.911476241225155391e-17
4.911476241225155391e-17
4.911476241225155391e-17
5.023341059125873117e-17
5.180682134816955194e-17
5.180682134816955194e-17
5.180682134816955194e-17
5.180682134816955194e-17
5.293713975889445786e-17
5.360874277129520225e-17
5.397597861131589933e-17
5.397597861131589933e-17
5.397597861131589933e-17
5.574528926597225292e-17
5.574528926597225292e-17
5.601516337444466335e-17
5.706896647560092875e-17
5.714421123574868165e-17
5.760504421644098509e-17
5.853089828517589941e-17
5.914687946737360730e-17
5.914687946737360730e-17
5.914687946737360730e-17
5.914687946737360730e-17
5.977015454439489253e-17
6.007414525768727058e-17
6.007414525768727058e-17
6.061304644168483714e-17
6.254018756884625024e-17
6.267966566082746247e-17
6.273204053139934926e-17
6.355563890044627652e-17
6.355563890044627652e-17
6.423528872584593677e-17
6.423528872584593677e-17
6.423528872584593677e-17
6.573251357488982839e-17
6.573251357488982839e-17
6.634482428098277176e-17
6.686137320665001514e-17
6.749278921144213199e-17
6.885975921615269292e-17
6.928576973123564194e-17
7.144288030357659758e-17
7.247235473619228386e-17
7.247235473619228386e-17
7.247235473619228386e-17
7.247235473619228386e-17
7.282302637635556420e-17
7.297116302735315099e-17
7.338300926926257250e-17
7.354992181725763372e-17
7.420731349909888656e-17
7.438956675491644096e-17
7.687339675796776092e-17
7.993095041062598955e-17
8.011823880674110570e-17
8.106696276505188613e-17
8.231774808383074040e-17
8.250127188906917625e-17
8.282488553230628303e-17
8.616859514897858535e-17
8.934327463528770302e-17
9.126373361364299749e-17
9.126373361364299749e-17
9.462245453643609393e-17
9.533509158939270784e-17
9.737022941732904423e-17
9.885451348523432575e-17
9.913379907089844926e-17
1.005351680247447251e-16
1.045007409968595637e-16
1.047513686344749208e-16
1.060356117546703200e-16
1.060356117546703200e-16
1.070261226717123084e-16
1.072341163176492032e-16
1.081670289942778993e-16
1.081670289942778993e-16
1.083809989282315259e-16
1.101304984233993192e-16
1.102865877726239061e-16
1.122733035504088675e-16
1.124404513853337243e-16
1.125225194664454633e-16
1.154836995926605333e-16
1.167458257414554048e-16
1.167458257414554048e-16
1.167458257414554048e-16
1.174652390579900655e-16
1.174652390579900655e-16
1.192969948638134540e-16
1.202869881496098996e-16
1.202869881496098996e-16
1.222969032186724262e-16
1.222969032186724262e-16
1.228616859649472129e-16
1.242459730876905353e-16
1.250381371229171377e-16
1.259528385911798539e-16
1.259528385911798539e-16
1.267826955925592727e-16
1.275374960633347824e-16
1.275374960633347824e-16
1.306741061244034206e-16
1.309967786199213449e-16
1.310904228179789092e-16
1.313518736543647283e-16
1.313518736543647283e-16
1.314034956067612766e-16
1.314034956067612766e-16
1.315766667870888170e-16
1.315766667870888170e-16
1.316707815590059724e-16
1.318932218224321544e-16
1.322321761734917420e-16
1.333480009093414152e-16
1.335575474490149264e-16
1.336526974834231677e-16
1.343164889697547795e-16
1.345836808072275472e-16
1.351618278511145713e-16
1.351618278511145713e-16
1.351618278511145713e-16
1.392327623103906668e-16
1.400856303735038191e-16
1.400856303735038191e-16
1.400856303735038191e-16
1.425908244297803405e-16
1.448565434489136658e-16
1.455516751542936867e-16
1.455927091948495562e-16
1.466450064596551569e-16
1.474130771132709758e-16
1.474130771132709758e-16
1.474130771132709758e-16
1.479748011294584444e-16
1.479748011294584444e-16
1.488453627696920336e-16
1.490107694813364178e-16
1.514253310122567290e-16
1.517267335693213924e-16
1.518146367662920081e-16
1.522718463282654987e-16
1.567885554047271272e-16
1.580358584769450485e-16
1.580358584769450485e-16
1.586037470106930928e-16
1.586037470106930928e-16
1.590077817265333941e-16
1.591087668768004873e-16
1.591087668768004873e-16
1.604575256731450931e-16
1.606610018100299568e-16
1.617591800261451572e-16
1.624852754914859241e-16
1.624852754914859241e-16
1.632324761944291025e-16
1.639563129052438662e-16
1.639563129052438662e-16
1.640419102903025145e-16
1.640419102903025145e-16
1.640419102903025145e-16
1.641588714231025541e-16
1.656044743197498851e-16
1.656509434883839861e-16
1.660970004498853034e-16
1.671860965905105021e-16
1.671860965905105021e-16
1.671860965905105021e-16
1.671860965905105021e-16
1.679489438742849276e-16
1.709555108492570487e-16
1.723064813427416937e-16
1.734397878974749655e-16
1.748287572301211685e-16
1.754267389621897226e-16
1.754267389621897226e-16
1.754267389621897226e-16
1.761519403371972711e-16
1.783326031312104853e-16
1.783326031312104853e-16
1.783326031312104853e-16
1.783326031312104853e-16
1.808276327921199551e-16
1.835045863071452432e-16
1.868002973901397977e-16
1.880123780089677195e-16
1.882121366123618669e-16
1.890019007209045738e-16
1.903978110179796608e-16
1.908146453428007047e-16
1.914874483185433968e-16
1.932627352612164822e-16
1.940188768674917947e-16
1.955708294564055045e-16
1.992427643401388605e-16
2.050128939489930219e-16
2.052256874482976829e-16
2.071629459134401959e-16
2.071629459134401959e-16
2.071629459134401959e-16
2.071629459134401959e-16
2.076087675880117175e-16
2.076087675880117175e-16
2.076212377952907364e-16
2.100080354684954872e-16
2.100080354684954872e-16
2.100080354684954872e-16
2.110558152242490568e-16
2.114449798061264437e-16
2.145691667173020024e-16
2.156433927239642868e-16
2.158597625846017965e-16
2.158914792627378687e-16
2.159049847325079735e-16
2.164929667700603254e-16
2.164929667700603254e-16
2.164929667700603254e-16
2.169030718886892743e-16
2.171109714198542409e-16
2.171905454595101811e-16
2.172984951028991404e-16
2.172984951028991404e-16
2.172984951028991404e-16
2.209320311596902932e-16
2.209320311596902932e-16
2.233984734586299057e-16
2.269771876607793246e-16
2.280277908596903920e-16
2.299125568107960958e-16
2.299125568107960958e-16
2.318712263865497372e-16
2.321753112146140310e-16
2.321753112146140310e-16
2.342935523861531800e-16
2.342935523861531800e-16
2.392500597917836465e-16
2.392500597917836465e-16
2.401526439831620249e-16
2.441191345743030639e-16
2.498810761980004419e-16
2.501745025281451356e-16
2.503527088487702377e-16
2.506519232373878193e-16
2.506519232373878193e-16
2.506519232373878193e-16
2.506519232373878193e-16
2.506519232373878193e-16
2.521001848763418234e-16
2.540174439524519322e-16
2.540174439524519322e-16
2.540174439524519322e-16
2.543847503785515568e-16
2.580670849445817354e-16
2.604314833020701867e-16
2.605871961922070858e-16
2.605871961922070858e-16
2.619257200071056939e-16
2.667590664693360599e-16
2.667590664693360599e-16
2.682583736077086142e-16
2.683395828915266203e-16
2.685845048210944772e-16
2.691857217484477023e-16
2.694595722060336189e-16
2.694595722060336189e-16
2.694595722060336189e-16
2.705987374053187247e-16
2.731276483841183665e-16
2.732063283334410883e-16
2.776007352637963985e-16
2.777336723791293596e-16
2.777336723791293596e-16
2.783136546610687844e-16
2.812980811359473835e-16
2.819779191908908877e-16
2.819779191908908877e-16
2.833245133474813690e-16
2.841995454393810253e-16
2.848664427131858947e-16
2.866444119268586351e-16
2.866444119268586351e-16
2.962019552445884970e-16
2.965080164828630345e-16
2.965080164828630345e-16
2.965080164828630345e-16
2.965080164828630345e-16
2.965359450414294690e-16
2.967108102876515180e-16
2.967108102876515180e-16
2.975746897790789762e-16
2.975746897790789762e-16
3.000554845807359724e-16
3.018009606694043078e-16
3.018009606694043078e-16
3.018009606694043078e-16
3.028106945286103552e-16
3.029953712398047500e-16
3.067492800898779170e-16
3.078505640934663996e-16
3.087879119287216897e-16
3.126558643536654948e-16
3.168497009407188640e-16
3.172524651071382838e-16
3.190136113053308237e-16
3.197666941815188182e-16
3.197666941815188182e-16
3.197666941815188182e-16
3.197666941815188182e-16
3.197666941815188182e-16
3.206888424811094949e-16
3.237745599792639537e-16
3.243783062411124136e-16
3.288949329671486420e-16
3.340010828601273354e-16
3.376021140275676291e-16
3.376021140275676291e-16
3.434363710891368430e-16
3.441344674098322787e-16
3.454931553146141405e-16
3.497233084392810378e-16
3.497233084392810378e-16
3.499741360707867175e-16
3.499741360707867175e-16
3.503868058169504113e-16
3.505628122047819775e-16
3.524605189370263160e-16
3.542218533647627121e-16
3.558800144737849332e-16
3.558800144737849332e-16
3.558800144737849332e-16
3.570051212790149429e-16
3.571718220687731906e-16
3.571718220687731906e-16
3.619479702783709339e-16
3.622722662537044454e-16
3.633499274495416864e-16
3.655477779537762609e-16
3.655477779537762609e-16
3.678714716724105417e-16
3.732906472967856632e-16
3.755117559140302949e-16
3.802070007128187738e-16
3.802973508938592489e-16
3.802973508938592489e-16
3.802973508938592489e-16
3.820494385452547692e-16
3.820494385452547692e-16
3.820494385452547692e-16
3.820494385452547692e-16
3.820494385452547692e-16
3.820494385452547692e-16
3.821195540503330199e-16
3.828064036557843294e-16
3.833537281118684995e-16
3.833537281118684995e-16
3.854138298830558434e-16
3.859116029117256370e-16
3.883185411461206596e-16
3.888533248088468648e-16
3.891056700410497248e-16
3.901013337418541975e-16
3.902222006376887848e-16
3.902222006376887848e-16
3.943798148019005540e-16
3.994900586874576760e-16
4.045513158342318915e-16
4.047357102011105514e-16
4.062695221677372397e-16
4.094992352669249296e-16
4.094992352669249296e-16
4.141669162018881584e-16
4.143919916789280313e-16
4.173398192718773673e-16
4.173398192718773673e-16
4.175046848235832142e-16
4.202504950586123996e-16
4.202504950586123996e-16
4.221463312597648520e-16
4.272025650305880337e-16
4.272025650305880337e-16
4.341477058024812625e-16
4.341477058024812625e-16
4.390205216471844029e-16
4.502217323990612346e-16
4.502217323990612346e-16
4.542914080732629274e-16
4.579859775596423292e-16
4.651490175572167268e-16
4.665335752599293302e-16
4.682380643654277108e-16
4.733359439228241960e-16
4.835346441242395993e-16
4.869672922003735661e-16
4.908027985576988809e-16
4.971781096786732579e-16
4.971781096786732579e-16
5.067462173795507919e-16
5.131851618506876482e-16
5.135392216226399457e-16
5.135392216226399457e-16
5.164549090209795824e-16
5.164549090209795824e-16
5.164549090209795824e-16
5.230612483783175698e-16
5.245764373844511916e-16
5.328598431556203002e-16
5.328598431556203002e-16
5.328598431556203002e-16
5.328598431556203002e-16
5.448011371808140489e-16
5.480280974229231622e-16
5.480280974229231622e-16
5.492354487744622392e-16
5.620533630783317953e-16
5.648764297767584502e-16
5.771216086361261578e-16
5.804251783025757720e-16
5.909266457252486729e-16
5.909266457252486729e-16
5.909925260655906521e-16
5.926128059789162005e-16
5.926128059789162005e-16
6.006906768525646786e-16
6.021834077212494841e-16
6.056439372985639708e-16
6.147491179650740723e-16
6.148067162054873647e-16
6.148067162054873647e-16
6.153871455325933740e-16
6.153871455325933740e-16
6.169588386949166856e-16
6.169588386949166856e-16
6.169588386949166856e-16
6.169588386949166856e-16
6.237882065330053809e-16
6.319499807258180481e-16
6.319499807258180481e-16
6.319499807258180481e-16
6.441521961918056559e-16
6.441521961918056559e-16
6.441521961918056559e-16
6.441521961918056559e-16
6.441521961918056559e-16
6.457881344503089302e-16
6.525431633829294834e-16
6.581252869705327001e-16
6.581252869705327001e-16
6.581252869705327001e-16
6.581252869705327001e-16
6.581252869705327001e-16
6.699123268845542380e-16
6.819340302180047518e-16
6.819589000464838682e-16
6.838651829873191072e-16
6.956412232373729165e-16
6.956412232373729165e-16
6.984475492707448203e-16
7.097023936782679292e-16
7.105758022903519984e-16
7.118881974916970873e-16
7.119786123766431952e-16
7.120780328688271687e-16
7.271927711239486883e-16
7.442166275274094727e-16
7.442166275274094727e-16
7.461079991590691220e-16
7.461079991590691220e-16
7.467268626061567951e-16
7.527142561659816599e-16
7.527142561659816599e-16
7.583301669567031206e-16
7.591303072188496928e-16
7.723738026391553314e-16
7.729546496005616792e-16
7.790797213073549024e-16
7.827564795731490066e-16
7.891551488040785590e-16
7.942532636484048152e-16
8.199689192292493565e-16
8.245572496471399867e-16
8.319297067765765314e-16
8.413070497169512802e-16
8.463219553385562801e-16
8.463219553385562801e-16
8.463219553385562801e-16
8.463219553385562801e-16
8.552515648980549705e-16
8.552515648980549705e-16
8.667162028965278404e-16
8.827447014721928938e-16
8.999748574556960151e-16
9.008898412682745156e-16
9.056795772980678131e-16
9.121198040829720295e-16
9.121198040829720295e-16
9.121972134828739685e-16
9.187276257479678106e-16
9.518191089435181464e-16
9.518191089435181464e-16
9.518191089435181464e-16
9.518191089435181464e-16
9.529091932892485162e-16
9.536052426136547375e-16
9.819959752962593922e-16
9.823400353736955370e-16
9.863230666360009429e-16
9.952030777106993419e-16
9.956282411928350859e-16
1.000759472672529808e-15
1.000759472672529808e-15
1.009699693672562134e-15
1.009699693672562134e-15
1.015880481324330187e-15
1.017441268937457599e-15
1.017441268937457599e-15
1.021084957625269251e-15
1.021084957625269251e-15
1.021084957625269251e-15
1.021084957625269251e-15
1.029976627167338777e-15
1.060866883491212000e-15
1.070006380756432478e-15
1.091156728745466576e-15
1.113468641249502204e-15
1.114994829919603554e-15
1.115132937465218631e-15
1.118093388201951283e-15
1.122404150628765231e-15
1.122404150628765231e-15
1.122404150628765231e-15
1.132665066576591199e-15
1.132665066576591199e-15
1.133610178880529720e-15
1.133610178880529720e-15
1.133610178880529720e-15
1.134748285288630856e-15
1.141627363372811538e-15
1.145415406474224465e-15
1.151123461508826077e-15
1.161014276998261119e-15
1.189678995428436491e-15
1.214517742504116349e-15
1.220396504088455949e-15
1.227950414498148671e-15
1.227950414498148671e-15
1.249542984271728584e-15
1.261496572039003999e-15
1.286531795465407320e-15
1.302623003890035339e-15
1.322279997500020769e-15
1.323754070115173022e-15
1.366741774517370238e-15
1.381497376685029124e-15
1.381497376685029124e-15
1.381497376685029124e-15
1.386251960847511368e-15
1.413405672496730187e-15
1.418064494878786780e-15
1.421880942994798972e-15
1.445632782098300664e-15
1.457522442406751336e-15
1.457752929483176335e-15
1.460002884278013528e-15
1.460002884278013528e-15
1.460002884278013528e-15
1.470767708361203447e-15
1.478314324876072678e-15
1.478314324876072678e-15
1.479127123575042052e-15
1.503262315673255187e-15
1.509119030872273217e-15
1.509119030872273217e-15
1.509119030872273217e-15
1.556398857094271695e-15
1.575444087040275995e-15
1.593570521525439150e-15
1.594528633432248748e-15
1.603159452119603484e-15
1.613443326189603859e-15
1.613443326189603859e-15
1.626654428481850309e-15
1.626774024828264064e-15
1.636677581104947259e-15
1.636677581104947259e-15
1.636677581104947259e-15
1.658352989524333905e-15
1.660424596826388153e-15
1.691452637176348141e-15
1.691452637176348141e-15
1.710462503496804574e-15
1.710462503496804574e-15
1.710462503496804574e-15
1.738563450914503140e-15
1.738563450914503140e-15
1.777113973222508901e-15
1.777113973222508901e-15
1.809723847601466295e-15
1.815917534859160504e-15
1.844052475356040937e-15
1.845381422992897019e-15
1.850862249675051088e-15
1.865347383634740033e-15
1.874856716660555419e-15
1.878015090762629892e-15
1.879473175630902918e-15
1.896466109449615829e-15
1.900222771156767720e-15
1.900222771156767720e-15
1.939515670785655763e-15
1.950056272306926549e-15
1.952941201821368915e-15
1.966894834371001969e-15
1.966894834371001969e-15
1.969609469087833595e-15
2.010089026582785576e-15
2.014361154895727623e-15
2.014361154895727623e-15
2.028128210792208446e-15
2.035387589023186443e-15
2.035387589023186443e-15
2.042191040005958236e-15
2.075558650060140382e-15
2.077321349152069736e-15
2.077321349152069736e-15
2.092495956166477104e-15
2.123674368393267490e-15
2.131601920329644675e-15
2.145834332598042800e-15
2.162871388598264898e-15
2.169379607423705941e-15
2.172067901768747431e-15
2.216496597443768266e-15
2.216496597443768266e-15
2.216496597443768266e-15
2.216496597443768266e-15
2.216496597443768266e-15
2.261321710420277401e-15
2.270251131750232235e-15
2.270251131750232235e-15
2.270251131750232235e-15
2.270251131750232235e-15
2.274408563567073289e-15
2.274408563567073289e-15
2.274408563567073289e-15
2.274408563567073289e-15
2.278282268757450595e-15
2.279808357430606827e-15
2.279808357430606827e-15
2.287667199701311295e-15
2.308422836219098179e-15
2.317289459467491211e-15
2.317289459467491211e-15
2.333989008131271808e-15
2.337389616009741144e-15
2.340342414039082261e-15
2.393409692870140667e-15
2.405587267912405640e-15
2.435338806082160243e-15
2.435338806082160243e-15
2.450777275623983903e-15
2.450777275623983903e-15
2.458419448043215063e-15
2.474238194203142883e-15
2.510823076560099725e-15
2.510823076560099725e-15
2.516717025915757212e-15
2.519012196976327195e-15
2.520130792215775039e-15
2.584845297584999214e-15
2.588119379916972439e-15
2.588119379916972439e-15
2.588119379916972439e-15
2.588119379916972439e-15
2.588119379916972439e-15
2.591066813404314542e-15
2.613126680666982812e-15
2.622746892658462865e-15
2.622746892658462865e-15
2.622746892658462865e-15
2.622746892658462865e-15
2.641572405787253215e-15
2.646198246823925897e-15
2.722544949778674972e-15
2.779128209434226775e-15
2.813071748952982642e-15
2.813574392421099000e-15
2.834182051106565821e-15
2.834182051106565821e-15
2.834182051106565821e-15
2.837097103230194918e-15
2.849441696699573311e-15
2.870555275223654205e-15
2.870555275223654205e-15
2.884135378007894690e-15
2.907380685526765219e-15
2.907380685526765219e-15
2.915614857507875172e-15
2.956321713941353370e-15
2.961709478760601161e-15
2.961709478760601161e-15
2.962759093754406983e-15
3.003206040480889673e-15
3.028934478024195387e-15
3.074831222968965668e-15
3.075342577935657826e-15
3.106994610987774927e-15
3.147089286122971658e-15
3.147089286122971658e-15
3.147089286122971658e-15
3.157618411524241490e-15
3.163825716012997154e-15
3.163825716012997154e-15
3.167515226830385988e-15
3.175278730837138432e-15
3.175278730837138432e-15
3.209245728462794691e-15
3.234109521832150846e-15
3.234109521832150846e-15
3.244580484304376015e-15
3.257278784615312147e-15
3.270816500459150580e-15
3.315679159347481104e-15
3.342869634579479838e-15
3.348292339507801869e-15
3.348292339507801869e-15
3.348292339507801869e-15
3.370398746525183210e-15
3.370406275706936669e-15
3.383158444960448702e-15
3.403072066024759030e-15
3.412653849778430708e-15
3.412653849778430708e-15
3.440019360839675728e-15
3.475153522809262104e-15
3.475153522809262104e-15
3.488030282374272876e-15
3.488030282374272876e-15
3.501392432993272989e-15
3.501392432993272989e-15
3.502215778428870218e-15
3.502215778428870218e-15
3.502215778428870218e-15
3.502215778428870218e-15
3.551249792238112683e-15
3.551249792238112683e-15
3.571841163185864330e-15
3.582581799772671981e-15
3.582581799772671981e-15
3.584089641944422514e-15
3.584089641944422514e-15
3.590964778972529384e-15
3.669545425446543270e-15
3.714907769069848445e-15
3.714907769069848445e-15
3.718385627529542505e-15
3.728583080710230181e-15
3.766308339994160616e-15
3.766308339994160616e-15
3.845063598780946766e-15
3.871909608065555594e-15
3.874987037581608077e-15
3.874987037581608077e-15
3.881114503332911734e-15
3.883030444802214653e-15
3.883030444802214653e-15
3.935856542765888974e-15
3.951841489730849007e-15
4.002634714503286690e-15
4.035406478054287668e-15
4.050313040316101676e-15
4.062433846504380745e-15
4.063758441333035967e-15
4.093439640475129125e-15
4.095652808158493051e-15
4.095652808158493051e-15
4.095652808158493051e-15
4.097230371729714453e-15
4.097230371729714453e-15
4.185251165107837784e-15
4.212299203514713340e-15
4.248461957590928502e-15
4.361439723844779644e-15
4.397419277635285015e-15
4.397419277635285015e-15
4.405791733627207520e-15
4.405791733627207520e-15
4.451940982622858518e-15
4.484577767944411102e-15
4.524343888410844993e-15
4.524343888410844993e-15
4.524343888410844993e-15
4.524343888410844993e-15
4.551469695030190334e-15
4.562175632677026608e-15
4.575143036531739774e-15
4.628737587490291087e-15
4.630527809270832522e-15
4.671433071407858464e-15
4.671433071407858464e-15
4.671433071407858464e-15
4.684304660542587169e-15
4.714788211643966964e-15
4.714788211643966964e-15
4.732267307081364112e-15
4.732267307081364112e-15
4.733250030001029604e-15
4.756376158807786717e-15
4.805098805658487580e-15
4.805098805658487580e-15
4.840816796851315559e-15
4.853518967632246828e-15
4.895752606835324586e-15
4.895752606835324586e-15
4.895752606835324586e-15
4.978019287762339747e-15
4.978019287762339747e-15
4.978019287762339747e-15
4.999331560216457556e-15
5.014120520188587671e-15
5.076890373200900428e-15
5.101279551657651581e-15
5.186893380331600386e-15
5.227330362656606260e-15
5.229147595376688004e-15
5.229147595376688004e-15
5.242397981762950017e-15
5.269686139304939142e-15
5.329291318407632223e-15
5.423454538844707853e-15
5.430153348906541243e-15
5.485147307114161515e-15
5.507341255574858562e-15
5.593080842171695029e-15
5.593080842171695029e-15
5.593080842171695029e-15
5.649839334709296513e-15
5.658900881414676441e-15
5.685902150662082245e-15
5.718716492324116565e-15
5.783799783486010922e-15
5.806615804119301131e-15
5.810152575485128438e-15
5.830231935603871962e-15
5.883992552077470639e-15
5.885248931343005051e-15
5.888671503256370507e-15
5.924470341979362199e-15
6.022020814820554492e-15
6.041281017611050749e-15
6.059238521962796072e-15
6.087023305509672235e-15
6.092006232696431543e-15
6.137447797428998150e-15
6.154172789433149661e-15
6.185030426165293660e-15
6.185030426165293660e-15
6.185030426165293660e-15
6.185030426165293660e-15
6.188980176091380195e-15
6.191203169945150033e-15
6.191203169945150033e-15
6.226232282182757404e-15
6.234371962932862587e-15
6.234371962932862587e-15
6.245996843094870841e-15
6.278734601802343769e-15
6.280338405748410583e-15
6.319520899926580343e-15
6.336948841044353987e-15
6.336948841044353987e-15
6.346611148808660475e-15
6.346611148808660475e-15
6.377256047922145636e-15
6.402493815160974695e-15
6.412711594191310027e-15
6.451513291179042540e-15
6.461183507525277040e-15
6.461183507525277040e-15
6.551403830768096528e-15
6.583155996055360402e-15
6.604866771041381758e-15
6.631469276000174446e-15
6.711624218498172147e-15
6.739955067716057634e-15
6.803794285118845920e-15
6.907970511430170920e-15
6.934983347971262666e-15
6.971777038655151111e-15
7.044781867231280174e-15
7.077970503341228276e-15
7.157776032984137001e-15
7.157776032984137001e-15
7.157776032984137001e-15
7.227492706128803682e-15
7.286561233978765514e-15
7.306782716226363443e-15
7.306782716226363443e-15
7.314643937836146011e-15
7.375152562868597502e-15
7.376027130268810461e-15
7.388422692769355145e-15
7.477325953306359318e-15
7.481740680204189390e-15
7.514655515855023986e-15
7.529575662995946559e-15
7.538976034644574784e-15
7.538976034644574784e-15
7.561822792574155457e-15
7.577125422148149656e-15
7.659419605176170191e-15
7.757485632855751969e-15
7.762964224312072523e-15
7.817789572964716433e-15
7.844497409999805192e-15
7.899026532407840064e-15
7.900562623716599291e-15
7.929219842375887252e-15
7.958074778524454101e-15
7.989276584154239494e-15
8.071920132979963485e-15
8.098106509474724343e-15
8.112980943306274785e-15
8.117651100636174785e-15
8.139020115474499290e-15
8.151152665421662172e-15
8.199341422699970492e-15
8.260163111697944147e-15
8.330456605456431666e-15
8.374150873567710659e-15
8.389286799410859818e-15
8.458051289879348471e-15
8.491149358167846932e-15
8.512219458608388816e-15
8.570282775990369500e-15
8.601377540772532078e-15
8.605304617861846535e-15
8.605304617861846535e-15
8.677678239250333403e-15
8.726389704089695773e-15
8.814252269948620290e-15
8.889719346834166034e-15
8.943441879177091552e-15
9.065998176342809811e-15
9.080278316564915849e-15
9.112627748900198858e-15
9.174234960959806942e-15
9.217538896877818394e-15
9.228314320637195569e-15
9.361435703870316578e-15
9.458096380364764805e-15
9.486782095212338006e-15
