0.000000000000000000e+00
0.000000000000000000e+00
0.000000000000000000e+00
0.000000000000000000e+00
0.000000000000000000e+00
0.000000000000000000e+00
0.000000000000000000e+00
0.000000000000000000e+00
0.000000000000000000e+00
0.000000000000000000e+00
0.000000000000000000e+00
0.000000000000000000e+00
0.000000000000000000e+00
0.000000000000000000e+00
0.000000000000000000e+00
0.000000000000000000e+00
0.000000000000000000e+00
0.000000000000000000e+00
0.000000000000000000e+00
0.000000000000000000e+00
0.000000000000000000e+00
0.000000000000000000e+00
0.000000000000000000e+00
0.000000000000000000e+00
0.000000000000000000e+00
0.000000000000000000e+00
0.000000000000000000e+00
0.000000000000000000e+00
0.000000000000000000e+00
0.000000000000000000e+00
0.000000000000000000e+00
0.000000000000000000e+00
0.000000000000000000e+00
0.000000000000000000e+00
0.000000000000000000e+00
4.545128260401908058e-08
4.671381823190845464e-08
4.797635385979790148e-08
4.923888948768736156e-08
5.050142511557681502e-08
5.176396074346625525e-08
5.302649637135571533e-08
5.428903199924516879e-08
5.555156762713461564e-08
5.681410325502406910e-08
5.807663888291352257e-08
5.933917451080297603e-08
6.060171013869242949e-08
6.186424576658188295e-08
6.312678139447134965e-08
6.438931702236080311e-08
6.565185265025023011e-08
6.691438827813968357e-08
6.817692390602913703e-08
6.943945953391860373e-08
7.070199516180805719e-08
7.196453078969751066e-08
7.322706641758695088e-08
7.448960204547641758e-08
7.575213767336587104e-08
7.701467330125531127e-08
7.827720892914475150e-08
7.953974455703419173e-08
8.080228018492365843e-08
8.206481581281312512e-08
8.332735144070257859e-08
8.458988706859201881e-08
8.585242269648147228e-08
8.711495832437093898e-08
8.837749395226039244e-08
8.964002958014983267e-08
9.090256520803798911e-08
9.090256520803798911e-08
9.090256520803798911e-08
9.090256520803798911e-08
9.090256520803798911e-08
9.090256520803798911e-08
9.090256520803798911e-08
9.090256520803798911e-08
9.090256520803798911e-08
9.090256520803798911e-08
9.090256520803798911e-08
9.090256520803798911e-08
9.090256520803798911e-08
9.090256520803798911e-08
9.090256520803798911e-08
9.090256520803798911e-08
9.090256520803798911e-08
9.090256520803798911e-08
9.090256520803798911e-08
9.090256520803798911e-08
9.090256520803798911e-08
9.090256520803798911e-08
9.090256520803798911e-08
9.090256520803798911e-08
9.090256520803798911e-08
9.090256520803798911e-08
9.090256520803798911e-08
9.090256520803798911e-08
9.090256520803798911e-08
9.090256520803798911e-08
9.090256520803798911e-08
9.090256520803798911e-08
9.090256520803798911e-08
9.090256520803798911e-08
9.090256520803798911e-08
9.090256520803798911e-08
1.363538478120581152e-07
1.376163834399475819e-07
1.388789190678370222e-07
1.401414546957264624e-07
1.414039903236159291e-07
1.426665259515053693e-07
1.439290615793948360e-07
1.451915972072842763e-07
1.464541328351737430e-07
1.477166684630632096e-07
1.489792040909526499e-07
1.502417397188420901e-07
1.515042753467315568e-07
1.527668109746209970e-07
1.540293466025104637e-07
1.552918822303999040e-07
1.565544178582893442e-07
1.578169534861787844e-07
1.590794891140682511e-07
1.603420247419577178e-07
1.616045603698471845e-07
1.628670959977365983e-07
1.641296316256260650e-07
1.653921672535155317e-07
1.666547028814049984e-07
1.679172385092944121e-07
1.691797741371838788e-07
1.704423097650733455e-07
1.717048453929627857e-07
1.729673810208522260e-07
1.742299166487416927e-07
1.754924522766311329e-07
1.767549879045205731e-07
1.780175235324100398e-07
1.792800591602995065e-07
1.805425947881889732e-07
1.818051304160759782e-07
1.818051304160759782e-07
1.818051304160759782e-07
1.818051304160759782e-07
1.818051304160759782e-07
1.818051304160759782e-07
1.818051304160759782e-07
1.818051304160759782e-07
1.818051304160759782e-07
1.818051304160759782e-07
1.818051304160759782e-07
1.818051304160759782e-07
1.818051304160759782e-07
1.818051304160759782e-07
1.818051304160759782e-07
1.818051304160759782e-07
1.818051304160759782e-07
1.818051304160759782e-07
1.818051304160759782e-07
1.818051304160759782e-07
1.818051304160759782e-07
1.818051304160759782e-07
1.818051304160759782e-07
1.818051304160759782e-07
1.818051304160759782e-07
1.818051304160759782e-07
1.818051304160759782e-07
1.818051304160759782e-07
1.818051304160759782e-07
1.818051304160759782e-07
1.818051304160759782e-07
1.818051304160759782e-07
1.818051304160759782e-07
1.818051304160759782e-07
1.818051304160759782e-07
1.818051304160759782e-07
2.272564130200972293e-07
2.285189486479866960e-07
2.297814842758761627e-07
2.310440199037656294e-07
2.323065555316550432e-07
2.335690911595445099e-07
2.348316267874339766e-07
2.360941624153233903e-07
2.373566980432128570e-07
2.386192336711023237e-07
2.398817692989917904e-07
2.411443049268812042e-07
2.424068405547706709e-07
2.436693761826601376e-07
2.449319118105496043e-07
2.461944474384390180e-07
2.474569830663284847e-07
2.487195186942179514e-07
2.499820543221073652e-07
2.512445899499968319e-07
2.525071255778862986e-07
2.537696612057757123e-07
2.550321968336651790e-07
2.562947324615546457e-07
2.575572680894441124e-07
2.588198037173335791e-07
2.600823393452229929e-07
2.613448749731124596e-07
2.626074106010019263e-07
2.638699462288913400e-07
2.651324818567808067e-07
2.663950174846702734e-07
2.676575531125597401e-07
2.689200887404492068e-07
2.701826243683386206e-07
2.714451599962280873e-07
2.727076956241139541e-07
2.727076956241139541e-07
2.727076956241139541e-07
2.727076956241139541e-07
2.727076956241139541e-07
2.727076956241139541e-07
2.727076956241139541e-07
2.727076956241139541e-07
2.727076956241139541e-07
2.727076956241139541e-07
2.727076956241139541e-07
2.727076956241139541e-07
2.727076956241139541e-07
2.727076956241139541e-07
2.727076956241139541e-07
2.727076956241139541e-07
2.727076956241139541e-07
2.727076956241139541e-07
2.727076956241139541e-07
2.727076956241139541e-07
2.727076956241139541e-07
2.727076956241139541e-07
2.727076956241139541e-07
2.727076956241139541e-07
2.727076956241139541e-07
2.727076956241139541e-07
2.727076956241139541e-07
2.727076956241139541e-07
2.727076956241139541e-07
2.727076956241139541e-07
2.727076956241139541e-07
2.727076956241139541e-07
2.727076956241139541e-07
2.727076956241139541e-07
2.727076956241139541e-07
2.727076956241139541e-07
3.181589782281363963e-07
3.194215138560258101e-07
3.206840494839152768e-07
3.219465851118047435e-07
3.232091207396941572e-07
3.244716563675836239e-07
3.257341919954730906e-07
3.269967276233625573e-07
3.282592632512520240e-07
3.295217988791414378e-07
3.307843345070309045e-07
3.320468701349203712e-07
3.333094057628097850e-07
3.345719413906992516e-07
3.358344770185887183e-07
3.370970126464781850e-07
3.383595482743675988e-07
3.396220839022570655e-07
3.408846195301465322e-07
3.421471551580359989e-07
3.434096907859254127e-07
3.446722264138148794e-07
3.459347620417043460e-07
3.471972976695938127e-07
3.484598332974832794e-07
3.497223689253726932e-07
3.509849045532621599e-07
3.522474401811515737e-07
3.535099758090410404e-07
3.547725114369305071e-07
3.560350470648199738e-07
3.572975826927093875e-07
3.585601183205988542e-07
3.598226539484883209e-07
3.610851895763777876e-07
3.623477252042672014e-07
3.636102608321519564e-07
3.636102608321519564e-07
3.636102608321519564e-07
3.636102608321519564e-07
3.636102608321519564e-07
3.636102608321519564e-07
3.636102608321519564e-07
3.636102608321519564e-07
3.636102608321519564e-07
3.636102608321519564e-07
3.636102608321519564e-07
3.636102608321519564e-07
3.636102608321519564e-07
3.636102608321519564e-07
3.636102608321519564e-07
3.636102608321519564e-07
3.636102608321519564e-07
3.636102608321519564e-07
3.636102608321519564e-07
3.636102608321519564e-07
3.636102608321519564e-07
3.636102608321519564e-07
3.636102608321519564e-07
3.636102608321519564e-07
3.636102608321519564e-07
3.636102608321519564e-07
3.636102608321519564e-07
3.636102608321519564e-07
3.636102608321519564e-07
3.636102608321519564e-07
3.636102608321519564e-07
3.636102608321519564e-07
3.636102608321519564e-07
3.636102608321519564e-07
3.636102608321519564e-07
3.636102608321519564e-07
3.863359021341644746e-07
3.869671699481092079e-07
3.875984377620539413e-07
3.882297055759986217e-07
3.888609733899433550e-07
3.894922412038880884e-07
3.901235090178328217e-07
3.907547768317775551e-07
3.913860446457222884e-07
3.920173124596670218e-07
3.926485802736117551e-07
3.932798480875564355e-07
3.939111159015011689e-07
3.945423837154459022e-07
3.951736515293906356e-07
3.958049193433353689e-07
3.964361871572801023e-07
3.970674549712248356e-07
3.976987227851695690e-07
3.983299905991143023e-07
3.989612584130589827e-07
3.995925262270037161e-07
4.002237940409484494e-07
4.008550618548931828e-07
4.014863296688379161e-07
4.021175974827826495e-07
4.027488652967273299e-07
4.033801331106720632e-07
4.040114009246167966e-07
4.046426687385615299e-07
4.052739365525062633e-07
4.059052043664509966e-07
4.065364721803957300e-07
4.071677399943404633e-07
4.077990078082851967e-07
4.084302756222298771e-07
4.090615434361709576e-07
4.090615434361709576e-07
4.090615434361709576e-07
4.090615434361709576e-07
4.090615434361709576e-07
4.090615434361709576e-07
4.090615434361709576e-07
4.090615434361709576e-07
4.090615434361709576e-07
4.090615434361709576e-07
4.090615434361709576e-07
4.090615434361709576e-07
4.090615434361709576e-07
4.090615434361709576e-07
4.090615434361709576e-07
4.090615434361709576e-07
4.090615434361709576e-07
4.090615434361709576e-07
4.090615434361709576e-07
4.090615434361709576e-07
4.090615434361709576e-07
4.090615434361709576e-07
4.090615434361709576e-07
4.090615434361709576e-07
4.090615434361709576e-07
4.090615434361709576e-07
4.090615434361709576e-07
4.090615434361709576e-07
4.090615434361709576e-07
4.090615434361709576e-07
4.090615434361709576e-07
4.090615434361709576e-07
4.090615434361709576e-07
4.090615434361709576e-07
4.090615434361709576e-07
4.090615434361709576e-07
4.317871847381847463e-07
4.324184525521294797e-07
4.330497203660742130e-07
4.336809881800189463e-07
4.343122559939636797e-07
4.349435238079084130e-07
4.355747916218531464e-07
4.362060594357978268e-07
4.368373272497425602e-07
4.374685950636872935e-07
4.380998628776320269e-07
4.387311306915767602e-07
4.393623985055214935e-07
4.399936663194662269e-07
4.406249341334109602e-07
4.412562019473556407e-07
4.418874697613003740e-07
4.425187375752451074e-07
4.431500053891898407e-07
4.437812732031345741e-07
4.444125410170793074e-07
4.450438088310240407e-07
4.456750766449687741e-07
4.463063444589134545e-07
4.469376122728581879e-07
4.475688800868029212e-07
4.482001479007476546e-07
4.488314157146923879e-07
4.494626835286371213e-07
4.500939513425818017e-07
4.507252191565265350e-07
4.513564869704712684e-07
4.519877547844160017e-07
4.526190225983607351e-07
4.532502904123054684e-07
4.538815582262502018e-07
4.545128260401899588e-07
4.545128260401899588e-07
4.545128260401899588e-07
4.545128260401899588e-07
4.545128260401899588e-07
4.545128260401899588e-07
4.545128260401899588e-07
4.545128260401899588e-07
4.545128260401899588e-07
4.545128260401899588e-07
4.545128260401899588e-07
4.545128260401899588e-07
4.545128260401899588e-07
4.545128260401899588e-07
4.545128260401899588e-07
4.545128260401899588e-07
4.545128260401899588e-07
4.545128260401899588e-07
4.545128260401899588e-07
4.545128260401899588e-07
4.545128260401899588e-07
4.545128260401899588e-07
4.545128260401899588e-07
4.545128260401899588e-07
4.545128260401899588e-07
4.545128260401899588e-07
4.545128260401899588e-07
4.545128260401899588e-07
4.545128260401899588e-07
4.545128260401899588e-07
4.545128260401899588e-07
4.545128260401899588e-07
4.545128260401899588e-07
4.545128260401899588e-07
4.545128260401899588e-07
4.545128260401899588e-07
4.772384673422050710e-07
4.778697351561498043e-07
4.785010029700945377e-07
4.791322707840391651e-07
4.797635385979838985e-07
4.803948064119286318e-07
4.810260742258733652e-07
4.816573420398180985e-07
4.822886098537628319e-07
4.829198776677075652e-07
4.835511454816522986e-07
4.841824132955970319e-07
4.848136811095417653e-07
4.854449489234864986e-07
4.860762167374312320e-07
4.867074845513759653e-07
4.873387523653206987e-07
4.879700201792653261e-07
4.886012879932100595e-07
4.892325558071547928e-07
4.898638236210995262e-07
4.904950914350442595e-07
4.911263592489889929e-07
4.917576270629337262e-07
4.923888948768784596e-07
4.930201626908231929e-07
4.936514305047679263e-07
4.942826983187126596e-07
4.949139661326573930e-07
4.955452339466021263e-07
4.961765017605468597e-07
4.968077695744915930e-07
4.974390373884363264e-07
4.980703052023809538e-07
4.987015730163256872e-07
4.993328408302704205e-07
4.999641086442089070e-07
4.999641086442089070e-07
4.999641086442089070e-07
4.999641086442089070e-07
4.999641086442089070e-07
4.999641086442089070e-07
4.999641086442089070e-07
4.999641086442089070e-07
4.999641086442089070e-07
4.999641086442089070e-07
4.999641086442089070e-07
4.999641086442089070e-07
4.999641086442089070e-07
4.999641086442089070e-07
4.999641086442089070e-07
4.999641086442089070e-07
4.999641086442089070e-07
4.999641086442089070e-07
4.999641086442089070e-07
4.999641086442089070e-07
4.999641086442089070e-07
4.999641086442089070e-07
4.999641086442089070e-07
4.999641086442089070e-07
4.999641086442089070e-07
4.999641086442089070e-07
4.999641086442089070e-07
4.999641086442089070e-07
4.999641086442089070e-07
4.999641086442089070e-07
4.999641086442089070e-07
4.999641086442089070e-07
4.999641086442089070e-07
4.999641086442089070e-07
4.999641086442089070e-07
4.999641086442089070e-07
5.226897499462253427e-07
5.233210177601700760e-07
5.239522855741148094e-07
5.245835533880595427e-07
5.252148212020042761e-07
5.258460890159489035e-07
5.264773568298936369e-07
5.271086246438383702e-07
5.277398924577831036e-07
5.283711602717278369e-07
5.290024280856725703e-07
5.296336958996173036e-07
5.302649637135620370e-07
5.308962315275067703e-07
5.315274993414515037e-07
5.321587671553962370e-07
5.327900349693409704e-07
5.334213027832857037e-07
5.340525705972304371e-07
5.346838384111751704e-07
5.353151062251199038e-07
5.359463740390645313e-07
5.365776418530092646e-07
5.372089096669539979e-07
5.378401774808987313e-07
5.384714452948434646e-07
5.391027131087881980e-07
5.397339809227329313e-07
5.403652487366776647e-07
5.409965165506223980e-07
5.416277843645671314e-07
5.422590521785118647e-07
5.428903199924565981e-07
5.435215878064013314e-07
5.441528556203460648e-07
5.447841234342907981e-07
5.454153912482279082e-07
5.454153912482279082e-07
5.454153912482279082e-07
5.454153912482279082e-07
5.454153912482279082e-07
5.454153912482279082e-07
5.454153912482279082e-07
5.454153912482279082e-07
5.454153912482279082e-07
5.454153912482279082e-07
5.454153912482279082e-07
5.454153912482279082e-07
5.454153912482279082e-07
5.454153912482279082e-07
5.454153912482279082e-07
5.454153912482279082e-07
5.454153912482279082e-07
5.454153912482279082e-07
5.454153912482279082e-07
5.454153912482279082e-07
5.454153912482279082e-07
5.454153912482279082e-07
5.454153912482279082e-07
5.454153912482279082e-07
5.454153912482279082e-07
5.454153912482279082e-07
5.454153912482279082e-07
5.454153912482279082e-07
5.454153912482279082e-07
5.454153912482279082e-07
5.454153912482279082e-07
5.454153912482279082e-07
5.454153912482279082e-07
5.454153912482279082e-07
5.454153912482279082e-07
5.454153912482279082e-07
5.681410325502456144e-07
5.687723003641903478e-07
5.694035681781350811e-07
5.700348359920798145e-07
5.706661038060245478e-07
5.712973716199692812e-07
5.719286394339140145e-07
5.725599072478587478e-07
5.731911750618033753e-07
5.738224428757481087e-07
5.744537106896928420e-07
5.750849785036375754e-07
5.757162463175823087e-07
5.763475141315270421e-07
5.769787819454717754e-07
5.776100497594165088e-07
5.782413175733612421e-07
5.788725853873059755e-07
5.795038532012507088e-07
5.801351210151954422e-07
5.807663888291401755e-07
5.813976566430849089e-07
5.820289244570296422e-07
5.826601922709742697e-07
5.832914600849190030e-07
5.839227278988637364e-07
5.845539957128084697e-07
5.851852635267532031e-07
5.858165313406979364e-07
5.864477991546426698e-07
5.870790669685874031e-07
5.877103347825321365e-07
5.883416025964768698e-07
5.889728704104216032e-07
5.896041382243663365e-07
5.902354060383110699e-07
5.908666738522469094e-07
5.908666738522469094e-07
5.908666738522469094e-07
5.908666738522469094e-07
5.908666738522469094e-07
5.908666738522469094e-07
5.908666738522469094e-07
5.908666738522469094e-07
5.908666738522469094e-07
5.908666738522469094e-07
5.908666738522469094e-07
5.908666738522469094e-07
5.908666738522469094e-07
5.908666738522469094e-07
5.908666738522469094e-07
5.908666738522469094e-07
5.908666738522469094e-07
5.908666738522469094e-07
5.908666738522469094e-07
5.908666738522469094e-07
5.908666738522469094e-07
5.908666738522469094e-07
5.908666738522469094e-07
5.908666738522469094e-07
5.908666738522469094e-07
5.908666738522469094e-07
5.908666738522469094e-07
5.908666738522469094e-07
5.908666738522469094e-07
5.908666738522469094e-07
5.908666738522469094e-07
5.908666738522469094e-07
5.908666738522469094e-07
5.908666738522469094e-07
5.908666738522469094e-07
5.908666738522469094e-07
6.135923151542658861e-07
6.142235829682106195e-07
6.148548507821553528e-07
6.154861185961000862e-07
6.161173864100448195e-07
6.167486542239895529e-07
6.173799220379342862e-07
6.180111898518790196e-07
6.186424576658237529e-07
6.192737254797684863e-07
6.199049932937132196e-07
6.205362611076578471e-07
6.211675289216025804e-07
6.217987967355473138e-07
6.224300645494920471e-07
6.230613323634367805e-07
6.236926001773815138e-07
6.243238679913262472e-07
6.249551358052709805e-07
6.255864036192157139e-07
6.262176714331604472e-07
6.268489392471051806e-07
6.274802070610499139e-07
6.281114748749946473e-07
6.287427426889393806e-07
6.293740105028841140e-07
6.300052783168287414e-07
6.306365461307734748e-07
6.312678139447182081e-07
4.500939513425869897e-07
4.507252191565317231e-07
4.513564869704764564e-07
4.519877547844211898e-07
4.526190225983659231e-07
4.532502904123106035e-07
4.538815582262553369e-07
4.545128260401899588e-07
4.545128260401899588e-07
4.545128260401899588e-07
4.545128260401899588e-07
4.545128260401899588e-07
4.545128260401899588e-07
4.545128260401899588e-07
4.545128260401899588e-07
4.545128260401899588e-07
4.545128260401899588e-07
4.545128260401899588e-07
4.545128260401899588e-07
4.545128260401899588e-07
4.545128260401899588e-07
4.545128260401899588e-07
4.545128260401899588e-07
4.545128260401899588e-07
4.545128260401899588e-07
4.545128260401899588e-07
4.545128260401899588e-07
4.545128260401899588e-07
4.545128260401899588e-07
4.545128260401899588e-07
4.545128260401899588e-07
4.545128260401899588e-07
4.545128260401899588e-07
4.545128260401899588e-07
4.545128260401899588e-07
4.545128260401899588e-07
4.545128260401899588e-07
4.545128260401899588e-07
4.545128260401899588e-07
4.545128260401899588e-07
4.545128260401899588e-07
4.545128260401899588e-07
4.545128260401899588e-07
4.545128260401899588e-07
4.545128260401899588e-07
4.545128260401899588e-07
4.545128260401899588e-07
4.545128260401899588e-07
4.545128260401899588e-07
4.545128260401899588e-07
4.545128260401899588e-07
4.545128260401899588e-07
4.545128260401899588e-07
4.545128260401899588e-07
4.545128260401899588e-07
4.545128260401899588e-07
4.545128260401899588e-07
4.545128260401899588e-07
4.545128260401899588e-07
4.545128260401899588e-07
4.545128260401899588e-07
4.545128260401899588e-07
4.545128260401899588e-07
4.545128260401899588e-07
4.545128260401899588e-07
4.545128260401899588e-07
4.545128260401899588e-07
4.545128260401899588e-07
4.545128260401899588e-07
4.545128260401899588e-07
4.545128260401899588e-07
4.545128260401899588e-07
4.545128260401899588e-07
4.545128260401899588e-07
4.545128260401899588e-07
4.545128260401899588e-07
4.545128260401899588e-07
4.545128260401899588e-07
4.545128260401899588e-07
4.545128260401899588e-07
4.545128260401899588e-07
4.545128260401899588e-07
4.545128260401899588e-07
4.545128260401899588e-07
4.545128260401899588e-07
4.545128260401899588e-07
4.545128260401899588e-07
4.545128260401899588e-07
4.545128260401899588e-07
4.545128260401899588e-07
4.545128260401899588e-07
4.545128260401899588e-07
4.545128260401899588e-07
4.545128260401899588e-07
4.545128260401899588e-07
4.545128260401899588e-07
4.545128260401899588e-07
4.545128260401899588e-07
4.545128260401899588e-07
4.545128260401899588e-07
4.545128260401899588e-07
4.545128260401899588e-07
4.545128260401899588e-07
4.545128260401899588e-07
4.545128260401899588e-07
4.545128260401899588e-07
4.545128260401899588e-07
4.545128260401899588e-07
4.545128260401899588e-07
4.545128260401899588e-07
4.545128260401899588e-07
4.545128260401899588e-07
4.545128260401899588e-07
4.545128260401899588e-07
4.545128260401899588e-07
4.545128260401899588e-07
4.545128260401899588e-07
4.545128260401899588e-07
4.545128260401899588e-07
4.545128260401899588e-07
4.545128260401899588e-07
4.545128260401899588e-07
4.545128260401899588e-07
4.545128260401899588e-07
4.545128260401899588e-07
4.545128260401899588e-07
4.545128260401899588e-07
4.545128260401899588e-07
4.545128260401899588e-07
4.545128260401899588e-07
4.545128260401899588e-07
4.545128260401899588e-07
4.545128260401899588e-07
4.545128260401899588e-07
4.545128260401899588e-07
4.545128260401899588e-07
4.545128260401899588e-07
4.545128260401899588e-07
4.545128260401899588e-07
4.545128260401899588e-07
4.545128260401899588e-07
4.545128260401899588e-07
4.545128260401899588e-07
4.545128260401899588e-07
4.545128260401899588e-07
4.545128260401899588e-07
4.545128260401899588e-07
4.545128260401899588e-07
4.545128260401899588e-07
4.545128260401899588e-07
4.545128260401899588e-07
4.545128260401899588e-07
4.545128260401899588e-07
4.545128260401899588e-07
4.545128260401899588e-07
4.545128260401899588e-07
4.545128260401899588e-07
4.545128260401899588e-07
4.545128260401899588e-07
4.545128260401899588e-07
4.545128260401899588e-07
4.545128260401899588e-07
4.545128260401899588e-07
4.545128260401899588e-07
4.545128260401899588e-07
4.545128260401899588e-07
4.545128260401899588e-07
4.545128260401899588e-07
4.545128260401899588e-07
4.545128260401899588e-07
4.545128260401899588e-07
4.545128260401899588e-07
4.545128260401899588e-07
4.545128260401899588e-07
4.545128260401899588e-07
4.545128260401899588e-07
4.545128260401899588e-07
4.545128260401899588e-07
4.545128260401899588e-07
4.545128260401899588e-07
4.545128260401899588e-07
4.545128260401899588e-07
4.545128260401899588e-07
4.545128260401899588e-07
4.545128260401899588e-07
4.545128260401899588e-07
4.545128260401899588e-07
4.545128260401899588e-07
4.545128260401899588e-07
4.545128260401899588e-07
4.545128260401899588e-07
4.545128260401899588e-07
4.545128260401899588e-07
4.545128260401899588e-07
4.545128260401899588e-07
4.545128260401899588e-07
4.545128260401899588e-07
4.545128260401899588e-07
4.545128260401899588e-07
4.545128260401899588e-07
4.545128260401899588e-07
4.545128260401899588e-07
4.545128260401899588e-07
4.545128260401899588e-07
4.545128260401899588e-07
4.545128260401899588e-07
4.545128260401899588e-07
4.545128260401899588e-07
4.545128260401899588e-07
4.545128260401899588e-07
4.545128260401899588e-07
4.545128260401899588e-07
4.545128260401899588e-07
4.545128260401899588e-07
4.545128260401899588e-07
4.545128260401899588e-07
4.545128260401899588e-07
4.545128260401899588e-07
4.545128260401899588e-07
4.545128260401899588e-07
4.545128260401899588e-07
4.545128260401899588e-07
4.545128260401899588e-07
4.545128260401899588e-07
4.545128260401899588e-07
4.545128260401899588e-07
4.545128260401899588e-07
4.545128260401899588e-07
4.545128260401899588e-07
4.545128260401899588e-07
4.545128260401899588e-07
4.545128260401899588e-07
4.545128260401899588e-07
4.545128260401899588e-07
4.545128260401899588e-07
4.545128260401899588e-07
4.545128260401899588e-07
4.545128260401899588e-07
4.545128260401899588e-07
4.545128260401899588e-07
4.545128260401899588e-07
4.545128260401899588e-07
4.545128260401899588e-07
4.545128260401899588e-07
4.545128260401899588e-07
4.545128260401899588e-07
4.545128260401899588e-07
4.545128260401899588e-07
4.545128260401899588e-07
4.545128260401899588e-07
4.545128260401899588e-07
4.545128260401899588e-07
4.545128260401899588e-07
4.545128260401899588e-07
4.545128260401899588e-07
4.545128260401899588e-07
4.545128260401899588e-07
4.545128260401899588e-07
4.545128260401899588e-07
4.545128260401899588e-07
4.545128260401899588e-07
4.545128260401899588e-07
4.545128260401899588e-07
4.545128260401899588e-07
4.545128260401899588e-07
4.545128260401899588e-07
4.545128260401899588e-07
4.545128260401899588e-07
4.545128260401899588e-07
4.545128260401899588e-07
4.545128260401899588e-07
4.545128260401899588e-07
4.545128260401899588e-07
4.545128260401899588e-07
4.545128260401899588e-07
4.545128260401899588e-07
4.545128260401899588e-07
4.545128260401899588e-07
4.545128260401899588e-07
4.545128260401899588e-07
4.545128260401899588e-07
4.545128260401899588e-07
4.545128260401899588e-07
4.545128260401899588e-07
4.545128260401899588e-07
4.545128260401899588e-07
4.545128260401899588e-07
4.545128260401899588e-07
4.545128260401899588e-07
4.545128260401899588e-07
4.545128260401899588e-07
4.545128260401899588e-07
4.545128260401899588e-07
4.545128260401899588e-07
4.545128260401899588e-07
4.545128260401899588e-07
4.545128260401899588e-07
4.545128260401899588e-07
4.545128260401899588e-07
4.545128260401899588e-07
4.545128260401899588e-07
4.545128260401899588e-07
4.545128260401899588e-07
4.545128260401899588e-07
4.545128260401899588e-07
4.545128260401899588e-07
4.545128260401899588e-07
4.545128260401899588e-07
4.545128260401899588e-07
4.545128260401899588e-07
4.545128260401899588e-07
4.545128260401899588e-07
4.545128260401899588e-07
4.545128260401899588e-07
4.545128260401899588e-07
4.545128260401899588e-07
4.545128260401899588e-07
4.545128260401899588e-07
4.545128260401899588e-07
4.545128260401899588e-07
4.545128260401899588e-07
4.545128260401899588e-07
4.545128260401899588e-07
4.545128260401899588e-07
4.545128260401899588e-07
4.545128260401899588e-07
4.545128260401899588e-07
4.545128260401899588e-07
4.545128260401899588e-07
4.545128260401899588e-07
4.545128260401899588e-07
4.545128260401899588e-07
4.545128260401899588e-07
4.545128260401899588e-07
4.545128260401899588e-07
4.545128260401899588e-07
4.545128260401899588e-07
4.545128260401899588e-07
4.545128260401899588e-07
4.545128260401899588e-07
4.545128260401899588e-07
4.545128260401899588e-07
4.545128260401899588e-07
4.545128260401899588e-07
4.545128260401899588e-07
4.545128260401899588e-07
4.545128260401899588e-07
4.545128260401899588e-07
4.545128260401899588e-07
4.545128260401899588e-07
4.545128260401899588e-07
4.545128260401899588e-07
4.545128260401899588e-07
4.545128260401899588e-07
4.545128260401899588e-07
4.545128260401899588e-07
4.545128260401899588e-07
4.545128260401899588e-07
4.545128260401899588e-07
4.545128260401899588e-07
4.545128260401899588e-07
4.545128260401899588e-07
4.545128260401899588e-07
4.545128260401899588e-07
4.545128260401899588e-07
4.545128260401899588e-07
4.545128260401899588e-07
4.545128260401899588e-07
