8.910223810388787892e-20
1.782528295924768968e-19
2.228522010030433599e-19
2.228522010030433599e-19
5.353827563474186687e-19
6.247247534627863031e-19
6.247247534627863031e-19
8.930342914176330763e-19
8.930342914176330763e-19
9.377994162839242583e-19
1.116953074998073162e-18
1.116953074998073162e-18
1.206622491695186885e-18
1.341195631824277625e-18
1.655360004290810858e-18
1.879877217824880714e-18
1.969729554126929353e-18
2.239422363334114100e-18
2.464279080417015607e-18
2.554266669120793866e-18
2.599282824011482922e-18
2.599282824011482922e-18
2.689404037926558862e-18
3.095148334002863970e-18
3.095148334002863970e-18
3.275654816350545669e-18
3.365951716462641440e-18
3.817653645047278873e-18
3.817653645047278873e-18
3.908080486092954930e-18
3.953315392497390546e-18
4.270109546108175050e-18
4.541775294820474436e-18
4.813568444502887590e-18
4.949528470410018962e-18
6.173867538280151444e-18
6.663264352249302408e-18
8.538689412242241445e-18
8.538689412242241445e-18
9.199092766784843763e-18
9.971116240821179094e-18
9.971116240821179094e-18
1.094605116311087878e-17
1.108449399260099900e-17
1.112929262403355960e-17
1.152081007520888099e-17
1.152081007520888099e-17
1.152081007520888099e-17
1.264783446891668548e-17
1.264783446891668548e-17
1.459657493623307861e-17
1.547268934800977557e-17
1.597234467211789700e-17
1.597234467211789700e-17
1.669552257952923485e-17
1.762387068971994803e-17
1.789670941350774851e-17
1.919539915119242556e-17
1.919539915119242556e-17
1.919539915119242556e-17
2.078575056704833233e-17
2.106188330785323425e-17
2.151993990277397610e-17
2.151993990277397610e-17
2.162525433254925975e-17
2.271359755499911991e-17
2.271359755499911991e-17
2.271359755499911991e-17
2.274474954450369439e-17
2.313589053659134651e-17
2.427910267106890156e-17
2.501235085907537525e-17
2.501235085907537525e-17
2.619000900007460313e-17
2.643423683319959203e-17
2.661710183503460513e-17
2.664477157797824664e-17
2.697238509902182624e-17
2.697238509902182624e-17
2.697238509902182624e-17
2.734837361283081981e-17
2.734837361283081981e-17
2.757010801546761187e-17
2.807908070199552752e-17
2.842382311152802776e-17
2.864113411988471368e-17
2.864113411988471368e-17
2.864113411988471368e-17
2.978876964864237486e-17
2.987112007406987355e-17
3.049575981528396216e-17
3.068549519546892544e-17
3.071570603725432676e-17
3.183124842878824031e-17
3.254228553062226755e-17
3.254228553062226755e-17
3.400040569193458770e-17
3.507980801105231982e-17
3.717113235782318736e-17
3.800771856539468260e-17
3.815256119937516796e-17
3.815256119937516796e-17
3.815256119937516796e-17
3.959976404714509798e-17
3.962046929696687045e-17
3.969218475316773249e-17
3.989208452871974737e-17
3.996718811670962661e-17
4.286168792702140242e-17
4.286168792702140242e-17
4.461344617671521130e-17
4.461344617671521130e-17
4.472610155870003324e-17
4.484082746566703305e-17
4.495498868400253205e-17
4.585199657514483611e-17
4.585199657514483611e-17
4.820298357763510458e-17
4.820298357763510458e-17
4.903486404661074329e-17
4.967823262743634229e-17
5.015398279947750559e-17
5.015398279947750559e-17
5.015398279947750559e-17
5.015398279947750559e-17
5.024527412823713848e-17
5.024527412823713848e-17
5.043952701747412674e-17
5.056441731980817815e-17
5.057665224015740762e-17
5.177379213894348749e-17
5.308048163224111942e-17
5.308048163224111942e-17
5.308048163224111942e-17
5.308048163224111942e-17
5.397381904727865279e-17
5.418317735740833864e-17
5.429818560869109194e-17
5.429818560869109194e-17
5.429818560869109194e-17
5.593262979519018638e-17
5.593262979519018638e-17
5.662724386932467671e-17
5.818959614053523368e-17
5.835020299881183937e-17
5.854003249376871842e-17
5.939031240065415614e-17
5.944146377919112553e-17
5.959924719431022100e-17
5.959924719431022100e-17
5.959924719431022100e-17
6.008360886798180097e-17
6.083111544393372101e-17
6.084617380744046687e-17
6.124489103866744673e-17
6.328948740118144792e-17
6.366081723378054285e-17
6.366081723378054285e-17
6.466398658764538177e-17
6.466398658764538177e-17
6.549873755716449476e-17
6.549873755716449476e-17
6.549873755716449476e-17
6.704909019495561170e-17
6.704909019495561170e-17
6.766897714018787973e-17
6.786388883282828458e-17
6.875190876325250271e-17
7.037840025152459091e-17
7.057952351911152319e-17
7.249795902987059768e-17
7.393335047376492538e-17
7.393335047376492538e-17
7.393335047376492538e-17
7.393335047376492538e-17
7.393335047376492538e-17
7.409438084851515822e-17
7.409438084851515822e-17
7.427385771856115412e-17
7.436994890068855316e-17
7.436994890068855316e-17
7.699222173322998718e-17
8.093713651290901119e-17
8.109280234565997090e-17
8.109280234565997090e-17
8.243784360851383579e-17
8.285053688337051160e-17
8.285053688337051160e-17
8.565755701318529887e-17
8.913147441680498017e-17
9.076827147260199980e-17
9.076827147260199980e-17
9.405692394770278491e-17
9.497237833414085203e-17
9.710624255781826613e-17
9.822653774533399411e-17
9.822653774533399411e-17
9.894030417555362197e-17
1.022636850014918334e-16
1.022636850014918334e-16
1.034762126654863643e-16
1.034762126654863643e-16
1.048712759296141970e-16
1.051594553612244907e-16
1.063233256881378634e-16
1.063420545277493738e-16
1.065711298825956979e-16
1.075383473935881932e-16
1.075383473935881932e-16
1.083841097914216120e-16
1.085975150367437317e-16
1.087367107844091843e-16
1.127583291032006742e-16
1.132735604220610844e-16
1.137607455388901746e-16
1.137607455388901746e-16
1.141132524171058310e-16
1.141132524171058310e-16
1.155940542384501796e-16
1.166939265204598885e-16
1.166939265204598885e-16
1.185981977580454232e-16
1.186906655214540094e-16
1.199492623663019716e-16
1.219384251281567679e-16
1.228638086230320910e-16
1.238738483552468801e-16
1.238738483552468801e-16
1.250552710871227975e-16
1.256851812555642373e-16
1.256851812555642373e-16
1.277817289721764982e-16
1.277817289721764982e-16
1.278982430598099285e-16
1.288128033559147773e-16
1.288128033559147773e-16
1.288292263836143080e-16
1.288292263836143080e-16
1.288292263836143080e-16
1.288292263836143080e-16
1.292094971195455249e-16
1.294981941824013738e-16
1.299439217422009673e-16
1.305710084674849092e-16
1.308976337834233701e-16
1.308976337834233701e-16
1.311080744134300997e-16
1.311904718962435624e-16
1.317852772547599128e-16
1.318236290243161519e-16
1.318236290243161519e-16
1.351891262106872827e-16
1.354567886220196417e-16
1.355289746520800887e-16
1.355625265682685617e-16
1.390067978187343425e-16
1.417488787559263083e-16
1.427437660098624481e-16
1.427437660098624481e-16
1.435994104587471589e-16
1.441899806525272378e-16
1.441899806525272378e-16
1.441899806525272378e-16
1.441899806525272378e-16
1.441899806525272378e-16
1.453621801367552614e-16
1.459630088406743200e-16
1.481634592654831247e-16
1.481634592654831247e-16
1.484130986979933477e-16
1.485619412097803090e-16
1.525237495910184673e-16
1.534858849043274244e-16
1.534858849043274244e-16
1.540124570532038395e-16
1.540124570532038395e-16
1.547297998447563038e-16
1.551113881874943661e-16
1.552722773900867191e-16
1.565039103527804359e-16
1.565371328672671851e-16
1.578100351574465670e-16
1.585247897927713290e-16
1.585330248353140764e-16
1.586114694977070273e-16
1.591685113039916152e-16
1.591685113039916152e-16
1.591685113039916152e-16
1.591685113039916152e-16
1.592072160039425354e-16
1.594079863411347866e-16
1.598418083822868559e-16
1.599400877328613368e-16
1.608858470758567271e-16
1.619272034984269433e-16
1.619272034984269433e-16
1.619272034984269433e-16
1.619272034984269433e-16
1.631805063873545661e-16
1.659029173372158515e-16
1.665660735488370226e-16
1.679555134553428168e-16
1.692300627540307432e-16
1.695510411836541590e-16
1.695699347241165312e-16
1.695699347241165312e-16
1.701128593146135557e-16
1.715810026991350538e-16
1.715810026991350538e-16
1.715810026991350538e-16
1.715810026991350538e-16
1.731669542494038457e-16
1.770829993227972898e-16
1.784626748217166775e-16
1.796245216810338179e-16
1.796439328527417208e-16
1.804614608189999881e-16
1.806968183348717981e-16
1.812393899949741415e-16
1.815239930652515864e-16
1.829956186963340052e-16
1.840742210398904286e-16
1.841893234059450853e-16
1.872628765698292422e-16
1.944009173311131592e-16
1.944009173311131592e-16
1.963923859048799474e-16
1.963923859048799474e-16
1.963923859048799474e-16
1.966242376454978301e-16
1.968664420110265960e-16
1.969831443282038579e-16
1.972628534303416085e-16
1.995014203377768568e-16
1.995014203377768568e-16
1.995679124241363194e-16
2.004106160918824202e-16
2.004106160918824202e-16
2.047656359901904053e-16
2.060946306844324026e-16
2.060946306844324026e-16
2.064637017625054819e-16
2.064637017625054819e-16
2.071840091693733363e-16
2.080759819202180786e-16
2.080759819202180786e-16
2.085104627647735706e-16
2.091816422607006755e-16
2.098309400721570608e-16
2.098309400721570608e-16
2.098309400721570608e-16
2.098309400721570608e-16
2.128338365710244050e-16
2.128338365710244050e-16
2.133136101495650201e-16
2.171789508895880916e-16
2.196524988538074621e-16
2.211001958041299469e-16
2.211001958041299469e-16
2.233451625160555418e-16
2.236563294807066117e-16
2.236563294807066117e-16
2.267557171494820248e-16
2.267557171494820248e-16
2.310367628370631508e-16
2.310367628370631508e-16
2.327956973381156269e-16
2.364097986945058703e-16
2.405740244214448243e-16
2.406950089607442971e-16
2.409249548772308823e-16
2.413076020111530124e-16
2.413076020111530124e-16
2.413076020111530124e-16
2.413076020111530124e-16
2.413076020111530124e-16
2.429768921919544248e-16
2.450816278937234690e-16
2.453021623330183288e-16
2.453021623330183288e-16
2.453597841021245786e-16
2.497394150132889025e-16
2.509001560240360357e-16
2.516120401588173111e-16
2.516120401588173111e-16
2.522637143682646097e-16
2.569025373612887496e-16
2.569025373612887496e-16
2.585899681643772080e-16
2.591648329555936216e-16
2.591648329555936216e-16
2.600158775450009012e-16
2.600158775450009012e-16
2.600158775450009012e-16
2.600158775450009012e-16
2.612503339508521158e-16
2.643465687747682826e-16
2.643465687747682826e-16
2.664665510695879042e-16
2.664665510695879042e-16
2.664665510695879042e-16
2.669789589452907919e-16
2.696023140977092881e-16
2.704096776686005285e-16
2.704096776686005285e-16
2.716393342210840016e-16
2.737347055030472845e-16
2.754922047538280296e-16
2.769742300672073202e-16
2.769742300672073202e-16
2.860257653137246657e-16
2.867142619276845198e-16
2.867142619276845198e-16
2.867142619276845198e-16
2.876834087915013315e-16
2.877771000469448598e-16
2.880124340341236631e-16
2.880124340341236631e-16
2.881775113440663236e-16
2.881855581570652395e-16
2.909091925989614422e-16
2.939772871060744102e-16
2.939772871060744102e-16
2.939772871060744102e-16
2.954557595868138340e-16
2.964499880373465264e-16
3.009199456008583189e-16
3.028208992927337824e-16
3.038475620465384371e-16
3.066302652721591486e-16
3.102666130077613454e-16
3.104205141885388504e-16
3.116933223639463288e-16
3.120243004880859467e-16
3.120243004880859467e-16
3.120243004880859467e-16
3.120243004880859467e-16
3.120243004880859467e-16
3.128582985394297335e-16
3.155946149468417933e-16
3.173536200339732401e-16
3.217403683747637762e-16
3.257609631954106836e-16
3.307259291661672145e-16
3.307259291661672145e-16
3.362668304836707055e-16
3.367534744405612584e-16
3.374403946320915386e-16
3.405234180948998636e-16
3.405234180948998636e-16
3.414734243669780042e-16
3.416126789363758872e-16
3.416126789363758872e-16
3.416126789363758872e-16
3.436958976484153962e-16
3.471816617489501343e-16
3.481174331617758013e-16
3.481174331617758013e-16
3.481174331617758013e-16
3.483454026680520936e-16
3.483454026680520936e-16
3.483454026680520936e-16
3.522826235651268951e-16
3.527633265270401892e-16
3.530175069972954008e-16
3.562031861475723457e-16
3.562031861475723457e-16
3.581742788732190666e-16
3.660542734389117867e-16
3.669998916097492849e-16
3.726377429066739080e-16
3.726377429066739080e-16
3.726377429066739080e-16
3.726377429066739080e-16
3.734513180525116635e-16
3.735435034716044900e-16
3.735435034716044900e-16
3.735435034716044900e-16
3.735435034716044900e-16
3.735435034716044900e-16
3.746727160337593579e-16
3.771888038748852997e-16
3.772162618595921430e-16
3.773583516364940519e-16
3.777849033115155135e-16
3.777849033115155135e-16
3.802861445473714984e-16
3.802861445473714984e-16
3.805231020143658889e-16
3.805231020143658889e-16
3.812696674425986265e-16
3.815431414410968801e-16
3.846549287310723659e-16
3.890025135623989186e-16
3.961289311493510464e-16
3.961289311493510464e-16
3.976533316387860094e-16
3.990424186148970979e-16
3.990424186148970979e-16
4.063486189449039510e-16
4.063486189449039510e-16
4.092597417768056171e-16
4.095007226502994655e-16
4.100952221358070989e-16
4.113980411591096622e-16
4.113980411591096622e-16
4.129836397789837484e-16
4.166495866103538816e-16
4.169053905604246803e-16
4.230504851849432651e-16
4.230504851849432651e-16
4.260577344920117663e-16
4.357887548630779103e-16
4.357887548630779103e-16
4.402362307604479784e-16
4.435719759145467773e-16
4.523148500022153798e-16
4.524484459209517883e-16
4.525667246605586486e-16
4.628031413568198256e-16
4.703498402221145065e-16
4.737900763017343260e-16
4.757871094113906606e-16
4.828400704188614352e-16
4.828400704188614352e-16
4.902037278171237379e-16
4.960868186809714383e-16
4.960868186809714383e-16
4.960868186809714383e-16
5.000711204926978242e-16
5.000711204926978242e-16
5.000711204926978242e-16
5.040816567970960375e-16
5.050406275011992696e-16
5.128407421542273079e-16
5.128407421542273079e-16
5.144977268286005755e-16
5.144977268286005755e-16
5.254807677748269822e-16
5.284248660699390740e-16
5.284248660699390740e-16
5.310562209779704727e-16
5.420402148362625405e-16
5.458783093498156315e-16
5.575506115925237464e-16
5.639580864368008294e-16
5.758714636677747208e-16
5.758714636677747208e-16
5.758714636677747208e-16
5.791574809292618642e-16
5.792276905491120431e-16
5.829014136135117865e-16
5.859920015511129575e-16
5.871000147608935104e-16
5.957673735084450667e-16
5.970011240535068699e-16
5.970011240535068699e-16
5.970011240535068699e-16
5.970011240535068699e-16
5.994925302956975515e-16
5.994925302956975515e-16
5.994925302956975515e-16
5.994925302956975515e-16
6.086987431698606857e-16
6.133676358325123039e-16
6.140180159638457637e-16
6.140180159638457637e-16
6.253201883372967067e-16
6.253201883372967067e-16
6.253201883372967067e-16
6.253201883372967067e-16
6.292291395097568960e-16
6.308084324399125390e-16
6.418477422553988646e-16
6.463624866859967774e-16
6.463624866859967774e-16
6.464234730581990871e-16
6.471984846762438145e-16
6.471984846762438145e-16
6.588953744031152615e-16
6.754093169723289571e-16
6.783058520145834439e-16
6.783058520145834439e-16
6.861018609106865748e-16
6.862301511091561652e-16
6.901912359830852187e-16
7.083699747527412282e-16
7.122049399501280304e-16
7.124571734210392443e-16
7.124571734210392443e-16
7.124571734210392443e-16
7.267322314454624466e-16
7.429362658350994751e-16
7.429362658350994751e-16
7.429362658350994751e-16
7.429362658350994751e-16
7.470403757514763312e-16
7.513479029830055835e-16
7.513479029830055835e-16
7.567902249590991160e-16
7.567902249590991160e-16
7.696118038569001850e-16
7.757671864024238969e-16
7.850748608828869796e-16
7.898347801765022876e-16
7.961512283898157794e-16
8.013577869800836420e-16
8.217945508862688161e-16
8.254435276478276173e-16
8.349771069917580598e-16
8.438436949471117543e-16
8.506552986220010666e-16
8.515931052667694200e-16
8.515931052667694200e-16
8.515931052667694200e-16
8.698188073076121285e-16
8.698188073076121285e-16
8.799571328828427054e-16
8.933923930331028036e-16
9.118892867892247310e-16
9.118892867892247310e-16
9.191545236647546360e-16
9.257919208968252482e-16
9.257919208968252482e-16
9.267442447451618101e-16
9.328430937236295861e-16
9.646715096226658187e-16
9.646715096226658187e-16
9.718034564524681555e-16
9.718034564524681555e-16
9.762001456660425002e-16
9.794337880569576212e-16
1.005643905002935149e-15
1.010691797852097152e-15
1.016767776940989062e-15
1.021216511623433631e-15
1.024925598313381340e-15
1.030080382014748284e-15
1.030080382014748284e-15
1.042018229086420622e-15
1.043185722832052733e-15
1.046351002605516604e-15
1.047328031581481483e-15
1.047328031581481483e-15
1.051442823524471044e-15
1.051442823524471044e-15
1.051442823524471044e-15
1.051442823524471044e-15
1.057444151952712880e-15
1.083569324434861918e-15
1.089789193245668652e-15
1.103493792226635851e-15
1.124305874078880129e-15
1.124874880225544783e-15
1.124874880225544783e-15
1.128747697207762012e-15
1.135472238836454699e-15
1.135472238836454699e-15
1.135472238836454699e-15
1.140271256935628259e-15
1.141331077500013956e-15
1.142236220436753914e-15
1.143079606436596469e-15
1.143079606436596469e-15
1.143670582500330531e-15
1.147986168309205276e-15
1.147986168309205276e-15
1.155682515544021374e-15
1.166645833563357971e-15
1.194912299453992592e-15
1.222475633883634314e-15
1.231968579174789606e-15
1.239567417623726341e-15
1.239567417623726341e-15
1.255402169177053452e-15
1.270452262348214437e-15
1.298471824016897718e-15
1.319072418212297727e-15
1.336992676643056621e-15
1.340195849376563742e-15
1.375840325168178074e-15
1.387715050638760298e-15
1.387715050638760298e-15
1.387715050638760298e-15
1.392778707712218335e-15
1.420002299579585633e-15
1.436599439607174106e-15
1.437354757709195171e-15
1.460721902682485469e-15
1.470946955020037585e-15
1.471191935771337934e-15
1.472639232733879848e-15
1.472639232733879848e-15
1.472639232733879848e-15
1.484739968947047740e-15
1.486617888048496438e-15
1.486617888048496438e-15
1.486617888048496438e-15
1.508288731901445213e-15
1.515774338515419178e-15
1.516635465149768158e-15
1.516635465149768158e-15
1.557452782914610882e-15
1.575240757151266875e-15
1.597425985290128781e-15
1.601119754800946843e-15
1.606415475373259601e-15
1.611003546975527503e-15
1.611046157438512946e-15
1.614900557336300683e-15
1.615848481319050074e-15
1.625199019195948237e-15
1.625199019195948237e-15
1.626426934625151287e-15
1.651563731419146252e-15
1.659128394441530552e-15
1.684470079093989031e-15
1.684470079093989031e-15
1.694936535821508623e-15
1.696539392737683065e-15
1.696539392737683065e-15
1.723074670338461126e-15
1.723074670338461126e-15
1.754783701649320614e-15
1.754783701649320614e-15
1.785980607428792851e-15
1.794504611732194807e-15
1.826926685965964609e-15
1.829636779645051320e-15
1.836164415524373431e-15
1.848084721955429777e-15
1.855702683349585515e-15
1.857819448095640060e-15
1.859651539185338485e-15
1.879050028927733743e-15
1.879050028927733743e-15
1.879050028927733743e-15
1.914261623825915213e-15
1.916784093825011808e-15
1.917628532733865142e-15
1.923887517996749896e-15
1.926458274756013274e-15
1.927988716237370762e-15
1.957814787424310455e-15
1.965661253602507512e-15
1.968285808718268116e-15
1.980617002596994761e-15
1.989375187981619771e-15
1.989375187981619771e-15
1.990611991374595505e-15
2.023366361339311721e-15
2.023366361339311721e-15
2.023864646117053929e-15
2.038620030644302910e-15
2.073308235649333186e-15
2.079685917286125237e-15
2.097021775922837866e-15
2.109646525539520619e-15
2.116810883143901813e-15
2.119280878275481267e-15
2.161222296993929186e-15
2.161222296993929186e-15
2.161222296993929186e-15
2.161469830608417678e-15
2.161469830608417678e-15
2.211606451910228562e-15
2.229931480328483316e-15
2.236679115369335260e-15
2.239087624143986814e-15
2.242239857257193693e-15
2.244571821311410034e-15
2.244571821311410034e-15
2.244571821311410034e-15
2.247353301044995680e-15
2.258943717553962525e-15
2.275566615618189897e-15
2.275566615618189897e-15
2.279172034886870981e-15
2.301459324613703741e-15
2.314582100192505973e-15
2.315007528372437734e-15
2.332428819693358064e-15
2.332428819693358064e-15
2.333316704333797519e-15
2.375627976459360212e-15
2.378403009331069622e-15
2.412125937942278370e-15
2.412125937942278370e-15
2.419206751040063320e-15
2.419206751040063320e-15
2.421514398190085831e-15
2.427772312897439940e-15
2.456906099350850141e-15
2.456906099350850141e-15
2.457907992273120945e-15
2.459104720419779710e-15
2.464933877637145532e-15
2.541568548265267915e-15
2.550315557520727720e-15
2.550315557520727720e-15
2.550315557520727720e-15
2.550315557520727720e-15
2.550315557520727720e-15
2.559606120759221529e-15
2.575283647703887849e-15
2.578304737764601344e-15
2.578304737764601344e-15
2.578304737764601344e-15
2.578304737764601344e-15
2.596907781219099168e-15
2.596907781219099168e-15
2.676954559374384600e-15
2.731511539754907035e-15
2.761862436085269702e-15
2.764194694248148503e-15
2.775901889542544746e-15
2.775901889542544746e-15
2.775901889542544746e-15
2.775901889542544746e-15
2.797925581439757232e-15
2.814466699649361937e-15
2.814466699649361937e-15
2.828806879213778701e-15
2.847765300047036013e-15
2.848715459255618524e-15
2.855026884092981081e-15
2.882417764967431103e-15
2.895822190765541968e-15
2.895822190765541968e-15
2.895822190765541968e-15
2.947111006280375380e-15
2.966508290177255537e-15
3.031954220260779984e-15
3.032352308099469639e-15
3.061012850186641232e-15
3.082349433662779581e-15
3.082349433662779581e-15
3.082349433662779581e-15
3.088064459072676175e-15
3.091605380311727659e-15
3.092593491302085715e-15
3.096945399530747278e-15
3.105869773956057924e-15
3.105869773956057924e-15
3.140706374427708600e-15
3.143311436021335778e-15
3.143311436021335778e-15
3.151419158924201583e-15
3.189149882747076545e-15
3.200754545879642392e-15
3.246087560987148887e-15
3.278547116428834691e-15
3.283546057832253421e-15
3.283546057832253421e-15
3.288346952344692254e-15
3.323960087917258177e-15
3.325458136270556477e-15
3.327587894737309008e-15
3.332154002304680790e-15
3.355335052963024582e-15
3.355335052963024582e-15
3.384081339489585806e-15
3.437475202461369948e-15
3.437475202461369948e-15
3.450916015383173016e-15
3.450916015383173016e-15
3.474891230015646783e-15
3.474891230015646783e-15
3.474891230015646783e-15
3.474891230015646783e-15
3.474891230015646783e-15
3.474891230015646783e-15
3.515686936675988143e-15
3.515686936675988143e-15
3.538855075964059595e-15
3.538855075964059595e-15
3.541655255126390616e-15
3.555346683921462550e-15
3.555346683921462550e-15
3.556777410801973998e-15
3.636635071205265042e-15
3.683382437222968877e-15
3.683382437222968877e-15
3.683626053310076318e-15
3.704063234850562028e-15
3.734335562992893175e-15
3.734335562992893175e-15
3.801053483629744536e-15
3.847819849067029494e-15
3.872539646835352418e-15
3.878701935052265331e-15
3.882612192067186134e-15
3.890580925098449876e-15
3.890580925098449876e-15
3.926450617539261627e-15
3.940459354287852126e-15
3.984150896011832145e-15
4.019603136499632771e-15
4.033053490306439026e-15
4.033053490306439026e-15
4.033053490306439026e-15
4.078891425283107231e-15
4.078891425283107231e-15
4.078891425283107231e-15
4.078891425283107231e-15
4.093009276345389607e-15
4.093009276345389607e-15
4.198906782425740199e-15
4.220145468892565290e-15
4.249775951936941597e-15
4.356438534644726741e-15
4.400932557735804169e-15
4.414073309236042400e-15
4.434872115023272810e-15
4.434872115023272810e-15
4.480366189916395500e-15
4.514269624777967955e-15
4.564264797459760266e-15
4.564264797459760266e-15
4.564264797459760266e-15
4.564264797459760266e-15
4.594572859804553704e-15
4.596770192677542921e-15
4.596780933525888316e-15
4.639353438847426997e-15
4.639627989283628691e-15
4.679640343404264144e-15
4.680577814765157313e-15
4.680577814765157313e-15
4.685224525752503103e-15
4.697067211025420697e-15
4.699139359487413359e-15
4.721452813120839173e-15
4.721452813120839173e-15
4.733124374209718243e-15
4.752704781924056228e-15
4.802944588308927421e-15
4.802944588308927421e-15
4.842516350007006183e-15
4.864356559274193389e-15
4.889129937758603830e-15
4.889323473022704860e-15
4.889323473022704860e-15
4.972447615990137390e-15
4.979442390539870248e-15
4.979442390539870248e-15
4.991315845461031590e-15
5.008661415565771201e-15
5.075313438215760125e-15
5.104811290017812459e-15
5.187037475123123471e-15
5.222110065444269853e-15
5.232967710221262792e-15
5.232967710221262792e-15
5.238410861583783910e-15
5.259296829414156261e-15
5.321125211187768757e-15
5.417312181565378570e-15
5.420997530745196648e-15
5.478328205803014989e-15
5.504037061591588341e-15
5.598814995602527072e-15
5.598814995602527072e-15
5.598814995602527072e-15
5.651795659432555831e-15
5.651795659432555831e-15
5.682039573737028570e-15
5.711051308036695741e-15
5.796042035157734154e-15
5.818997998574692087e-15
5.818997998574692087e-15
5.848076789649349698e-15
5.891997709660097892e-15
5.902703712010839946e-15
5.902703712010839946e-15
5.918131196594128902e-15
6.007251850489915364e-15
6.020512089516362103e-15
6.037900155381709014e-15
6.068898970153901888e-15
6.077255888385198197e-15
6.140079025063849170e-15
6.171928072685541702e-15
6.216492664209037254e-15
6.216492664209037254e-15
6.216492664209037254e-15
6.220568219115396970e-15
6.222676448828073192e-15
6.222676448828073192e-15
6.224483693617985754e-15
6.271084414115609741e-15
6.273563479558332842e-15
6.273563479558332842e-15
6.286235498319211330e-15
6.319207414579214552e-15
6.322985337401559894e-15
6.343549376831329960e-15
6.352333843766013008e-15
6.357421558928042540e-15
6.357421558928042540e-15
6.357421558928042540e-15
6.395814888979340203e-15
6.410487008403221981e-15
6.414667651275686882e-15
6.427125500108720805e-15
6.442559310969334566e-15
6.448119591106593193e-15
6.529776234787474623e-15
6.574585124730174365e-15
6.584142038655367026e-15
6.596346754044983474e-15
6.702063515646954338e-15
6.711959457450371980e-15
6.782762135653624317e-15
6.854901978889755445e-15
6.873586861020608821e-15
6.900196204005798877e-15
6.991595105949730496e-15
7.019675092243071360e-15
7.084540404769945743e-15
7.099573992562981848e-15
7.099573992562981848e-15
7.173393325668321172e-15
7.269189490337718637e-15
7.295536891325057537e-15
7.298475713310769747e-15
7.305706954166031929e-15
7.360733305501711783e-15
7.387314078771451478e-15
7.401742596813658840e-15
7.483173238575214535e-15
7.493602984659513809e-15
7.515972465993096286e-15
7.540466503011197126e-15
7.551481854735056975e-15
7.551481854735056975e-15
7.571855223519095888e-15
7.589923471546521028e-15
7.681732393317569379e-15
7.761040382277651585e-15
7.774087445463532834e-15
7.845071782823104381e-15
7.856617633046482098e-15
7.914012841426970165e-15
7.917537942561080359e-15
7.949102634163771203e-15
7.966462642062741105e-15
8.005899675523733676e-15
8.064122579206932991e-15
8.110888794648800470e-15
8.129019405476967207e-15
8.130047427012792122e-15
8.152322737693811103e-15
8.165002270931009237e-15
8.240940418719779015e-15
8.290219113289485489e-15
8.364318170202395416e-15
8.393898751830049630e-15
8.397024050471967770e-15
8.472459951839315610e-15
8.521945843020484825e-15
8.533886166487093737e-15
8.632070272912392238e-15
8.688654644298687312e-15
8.688654644298687312e-15
8.689023938899344399e-15
8.766780592898703249e-15
8.818582972136282731e-15
8.895015543056059711e-15
8.966462613338282334e-15
9.011451083089059330e-15
9.134201474325337490e-15
9.150709690598897681e-15
9.159352711854648601e-15
9.237945431489247308e-15
9.274524005215398421e-15
9.282311882006991134e-15
9.401397208737884668e-15
9.467620662127428964e-15
9.496044584972566911e-15
