8.910223810388787892e-20
1.782528295924768968e-19
2.228522010030433599e-19
2.228522010030433599e-19
5.353827563474186687e-19
6.247247534627863031e-19
6.247247534627863031e-19
8.930342914176330763e-19
8.930342914176330763e-19
9.377994162839242583e-19
1.116953074998073162e-18
1.116953074998073162e-18
1.206622491695186885e-18
1.341195631824277625e-18
1.655360004290810858e-18
1.879877217824880714e-18
1.969729554126929353e-18
2.239422363334114100e-18
2.464279080417015607e-18
2.554266669120793866e-18
2.599282824011482922e-18
2.599282824011482922e-18
2.689404037926558862e-18
3.095148334002863970e-18
3.095148334002863970e-18
3.275654816350545669e-18
3.365951716462641440e-18
3.817653645047278873e-18
3.817653645047278873e-18
3.908080486092954930e-18
3.953315392497390546e-18
4.270109546108175050e-18
4.541775294820474436e-18
4.813568444502887590e-18
4.949528470410018962e-18
6.173867538280151444e-18
6.337062552784480233e-18
8.285708905328956050e-18
8.285708905328956050e-18
8.743859615021615218e-18
9.897518489181972280e-18
9.897518489181972280e-18
1.049420614313666744e-17
1.057392135495048899e-17
1.078426787018530742e-17
1.078840892014966161e-17
1.086680652515664227e-17
1.088553536476815420e-17
1.173096836089986325e-17
1.173096836089986325e-17
1.238177200870691786e-17
1.250534470423412839e-17
1.253386148012502266e-17
1.253386148012502266e-17
1.301431739076204558e-17
1.384346853135208830e-17
1.404534471711436372e-17
1.488880130303581223e-17
1.488880130303581223e-17
1.489651871433301671e-17
1.655802089775828471e-17
1.673439198033101381e-17
1.758688358435650922e-17
1.758688358435650922e-17
1.758688358435650922e-17
1.834940146642921415e-17
1.834940146642921415e-17
1.834940146642921415e-17
1.838422393203855624e-17
1.889592594695206942e-17
2.084890157900473560e-17
2.148794088032214732e-17
2.163381877679372161e-17
2.289730958978138731e-17
2.395487728181433917e-17
2.408419097842849671e-17
2.432427776158913297e-17
2.465753816894774227e-17
2.465753816894774227e-17
2.465753816894774227e-17
2.475861743398675441e-17
2.475861743398675441e-17
2.478478134057972195e-17
2.490938929859801987e-17
2.564207279797298967e-17
2.583369047359629617e-17
2.590117076506088980e-17
2.601401437658954637e-17
2.711525132279205567e-17
2.713303901468439598e-17
2.759486020048182429e-17
2.836838951086883513e-17
2.878578852432137365e-17
3.040202150245449447e-17
3.111023516113100533e-17
3.115926895729983898e-17
3.161676086358907693e-17
3.233645652443947873e-17
3.396021868432597248e-17
3.436848856490254525e-17
3.479991067937073761e-17
3.479991067937073761e-17
3.493901231226427441e-17
3.572656472366694218e-17
3.572656472366694218e-17
3.583771426930108707e-17
3.611902332256143056e-17
3.622151430917920090e-17
3.952089586827853227e-17
3.952089586827853227e-17
4.096791048650463074e-17
4.122060864910216573e-17
4.135152229683891302e-17
4.148121245254073674e-17
4.148121245254073674e-17
4.259346082705754886e-17
4.259346082705754886e-17
4.522312166919448215e-17
4.522312166919448215e-17
4.651672920919563032e-17
4.702476074800437898e-17
4.795715579338753210e-17
4.795715579338753210e-17
4.795715579338753210e-17
4.795715579338753210e-17
4.829681600523650654e-17
4.829681600523650654e-17
4.831178025397133045e-17
4.831178025397133045e-17
4.835215549112378338e-17
5.012866592583180468e-17
5.133757017110752281e-17
5.149540064361257617e-17
5.149540064361257617e-17
5.149540064361257617e-17
5.268294083566310524e-17
5.337529615527157999e-17
5.394097299187957896e-17
5.394930214919424830e-17
5.394930214919424830e-17
5.492517821920311806e-17
5.492517821920311806e-17
5.556280579894176851e-17
5.640386245817932469e-17
5.655006975635260728e-17
5.738933823492373909e-17
5.840497779606760924e-17
5.857664314004448489e-17
5.875207307489804083e-17
5.875207307489804083e-17
5.875207307489804083e-17
5.910815631444655835e-17
5.932527909325940656e-17
5.932527909325940656e-17
6.000229370504538813e-17
6.254188671045761210e-17
6.270611698745303059e-17
6.270611698745303059e-17
6.346854075475381667e-17
6.346854075475381667e-17
6.384739976910628452e-17
6.384739976910628452e-17
6.384739976910628452e-17
6.560099325685248182e-17
6.567364986077252010e-17
6.595665297992737219e-17
6.608959009526033329e-17
6.667018412321719213e-17
6.768252966734396086e-17
6.786181830784612520e-17
6.971432642087724410e-17
7.092252480536358776e-17
7.092252480536358776e-17
7.092252480536358776e-17
7.102228646359576365e-17
7.137945202302133106e-17
7.167506652161308188e-17
7.240972643119830760e-17
7.261395548625850976e-17
7.264058996671105617e-17
7.281710222144166201e-17
7.550713768976344006e-17
7.996342508265427820e-17
8.040270578057754870e-17
8.103990984384257816e-17
8.133350087483810900e-17
8.225676678734529637e-17
8.225676678734529637e-17
8.511512652524089691e-17
8.906385295318256527e-17
9.078060050772320050e-17
9.078060050772320050e-17
9.273461140226695561e-17
9.399080832043104707e-17
9.632076067139783170e-17
9.730985986686105889e-17
9.741677424775893229e-17
9.773459983252312646e-17
1.013196197243909886e-16
1.013196197243909886e-16
1.028088918752078801e-16
1.028088918752078801e-16
1.038643890422586541e-16
1.039761973912962218e-16
1.051583259839615137e-16
1.053579434151977812e-16
1.062511867154634050e-16
1.074446090807587501e-16
1.075675700302685035e-16
1.090901588103440724e-16
1.092740590746701714e-16
1.092740590746701714e-16
1.136142558964011940e-16
1.144164431548369804e-16
1.145109814432277630e-16
1.145109814432277630e-16
1.153788608124617218e-16
1.153788608124617218e-16
1.175109839128586633e-16
1.182336912464104130e-16
1.182336912464104130e-16
1.202354183303161563e-16
1.207433086969670374e-16
1.219013909654074975e-16
1.231849752821994616e-16
1.240344552135235967e-16
1.251060930639581542e-16
1.251060930639581542e-16
1.261136858121031085e-16
1.266803979112021994e-16
1.266803979112021994e-16
1.294502897634956897e-16
1.297892441145552773e-16
1.299489098251127129e-16
1.310334884566858804e-16
1.310334884566858804e-16
1.310334884566858804e-16
1.310334884566858804e-16
1.310334884566858804e-16
1.310334884566858804e-16
1.311328736558303932e-16
1.314475934531213299e-16
1.320408459179010391e-16
1.329665588144780613e-16
1.329665588144780613e-16
1.332072102862702107e-16
1.333998632243846000e-16
1.336151037077591204e-16
1.341168766142353652e-16
1.345313110123725137e-16
1.345313110123725137e-16
1.375412896478266340e-16
1.385429531653408082e-16
1.385429531653408082e-16
1.385527411016201967e-16
1.416122711644886936e-16
1.439138479117224591e-16
1.450464250769733868e-16
1.450464250769733868e-16
1.466284002781286602e-16
1.469242030062642426e-16
1.469242030062642426e-16
1.469242030062642426e-16
1.469242030062642426e-16
1.469242030062642426e-16
1.474422577682821753e-16
1.476979205461951065e-16
1.500239200767413793e-16
1.500271199789865649e-16
1.502384546993265129e-16
1.505334103945148410e-16
1.548644780833699101e-16
1.562562002730946896e-16
1.562562002730946896e-16
1.566900693716327230e-16
1.566900693716327230e-16
1.568925102460265007e-16
1.568925102460265007e-16
1.573350379035809086e-16
1.581756239889588736e-16
1.581756239889588736e-16
1.591160187899549785e-16
1.598375026314718109e-16
1.598375026314718109e-16
1.598913833383943870e-16
1.602584309488712587e-16
1.602584309488712587e-16
1.602584309488712587e-16
1.602584309488712587e-16
1.603421225097985850e-16
1.607419691182885788e-16
1.617119394863596381e-16
1.617119394863596381e-16
1.630001354269755614e-16
1.630939207971909932e-16
1.630939207971909932e-16
1.630939207971909932e-16
1.630939207971909932e-16
1.635723061828458413e-16
1.653621338577801420e-16
1.665225689955185335e-16
1.667471503700058085e-16
1.677293791871190979e-16
1.684325812341910167e-16
1.684325812341910167e-16
1.684325812341910167e-16
1.687520302987707734e-16
1.701555403636781670e-16
1.701555403636781670e-16
1.701555403636781670e-16
1.701555403636781670e-16
1.725069979400280328e-16
1.750673197239550051e-16
1.777264855470879530e-16
1.797259538764676930e-16
1.797259538764676930e-16
1.797873167077576657e-16
1.817562212649573048e-16
1.819719558508843738e-16
1.823228863066704317e-16
1.846888610865885061e-16
1.854546729856783218e-16
1.865782621902111512e-16
1.884415935020127444e-16
1.943901647184218282e-16
1.943901647184218282e-16
1.963821509234341470e-16
1.963821509234341470e-16
1.963821509234341470e-16
1.963821509234341470e-16
1.966190378043495914e-16
1.966190378043495914e-16
1.968233609741817094e-16
2.012555549854617640e-16
2.012555549854617640e-16
2.017354462074672892e-16
2.024271427236723535e-16
2.024271427236723535e-16
2.063680576255449139e-16
2.064646193815319042e-16
2.064646193815319042e-16
2.064646193815319042e-16
2.064646193815319042e-16
2.085870016030354212e-16
2.086143890016633184e-16
2.086143890016633184e-16
2.092392169724212324e-16
2.093860360166119860e-16
2.093860360166119860e-16
2.093860360166119860e-16
2.093860360166119860e-16
2.093860360166119860e-16
2.136104481401919595e-16
2.136104481401919595e-16
2.144781863372680261e-16
2.195840538859309845e-16
2.213648230140682655e-16
2.214875957340341750e-16
2.214875957340341750e-16
2.235925431940400574e-16
2.236646115806355944e-16
2.236646115806355944e-16
2.259520005260028750e-16
2.259520005260028750e-16
2.305090613109239682e-16
2.305090613109239682e-16
2.311923580837354110e-16
2.334176312796373435e-16
2.375398347609152815e-16
2.375398347609152815e-16
2.377870272093556451e-16
2.379762214296020957e-16
2.379762214296020957e-16
2.384746297329823301e-16
2.384746297329823301e-16
2.384746297329823301e-16
2.392074308758221853e-16
2.407986057959323459e-16
2.407986057959323459e-16
2.407986057959323459e-16
2.422504437962191740e-16
2.469525354446646088e-16
2.471264595431674754e-16
2.475255297047891363e-16
2.475255297047891363e-16
2.477873099428766792e-16
2.527472643020286056e-16
2.527472643020286056e-16
2.541630445803246833e-16
2.546454298437860073e-16
2.555843658658173992e-16
2.558597574527934536e-16
2.562026999173130385e-16
2.562026999173130385e-16
2.562026999173130385e-16
2.570042283723453776e-16
2.599378799277746827e-16
2.599378799277746827e-16
2.635572517113923081e-16
2.637903740014310969e-16
2.637903740014310969e-16
2.655397323244409980e-16
2.691656450847068868e-16
2.691656450847068868e-16
2.691656450847068868e-16
2.707366088575478790e-16
2.735869217824445637e-16
2.739342523482047908e-16
2.747749796057406480e-16
2.747749796057406480e-16
2.831492649535422164e-16
2.831492649535422164e-16
2.831492649535422164e-16
2.834735844575686853e-16
2.840094974975578798e-16
2.840094974975578798e-16
2.842914182968356697e-16
2.842914182968356697e-16
2.842914182968356697e-16
2.842914182968356697e-16
2.878958258317184526e-16
2.890791308590327102e-16
2.890791308590327102e-16
2.890791308590327102e-16
2.910158716929296679e-16
2.913108273881180206e-16
2.952643066120415034e-16
2.966521230387317105e-16
2.976435045174139476e-16
3.007751735529569521e-16
3.053927619005672918e-16
3.065927017138178937e-16
3.068654345584872997e-16
3.068654345584872997e-16
3.069290090869173363e-16
3.069290090869173363e-16
3.069290090869173363e-16
3.069290090869173363e-16
3.074697219802743215e-16
3.122016362470709850e-16
3.133520834546396531e-16
3.187660357091734059e-16
3.221835548357217301e-16
3.269836081973864007e-16
3.269836081973864007e-16
3.335525134041943494e-16
3.340022761348399042e-16
3.340022761348399042e-16
3.379235916354607302e-16
3.379235916354607302e-16
3.380904100686838633e-16
3.383233206004858385e-16
3.383233206004858385e-16
3.383295674684718390e-16
3.413662158774179911e-16
3.446709855072095653e-16
3.459482876629760928e-16
3.459482876629760928e-16
3.459482876629760928e-16
3.474192191976156281e-16
3.475976490408240225e-16
3.475976490408240225e-16
3.523282104077744044e-16
3.523282104077744044e-16
3.528533355420325853e-16
3.581813257167665052e-16
3.581813257167665052e-16
3.623979969003563045e-16
3.671682041149767890e-16
3.699126379214666861e-16
3.744152768395266905e-16
3.744152768395266905e-16
3.746277409371296278e-16
3.746277409371296278e-16
3.769985390991084504e-16
3.769985390991084504e-16
3.769985390991084504e-16
3.769985390991084504e-16
3.769985390991084504e-16
3.769985390991084504e-16
3.770742544331157821e-16
3.781837264218610234e-16
3.783012757719855150e-16
3.804401751359605155e-16
3.825009592392442642e-16
3.825009592392442642e-16
3.859163843121174593e-16
3.859163843121174593e-16
3.873767396992627945e-16
3.873767396992627945e-16
3.900864216262222587e-16
3.900864216262222587e-16
3.914605678822915115e-16
3.969287537741424968e-16
4.013940291277514332e-16
4.013940291277514332e-16
4.013940291277514332e-16
4.040514302989109510e-16
4.040514302989109510e-16
4.100190362279402745e-16
4.100190362279402745e-16
4.125886989029800508e-16
4.125886989029800508e-16
4.128410676638758683e-16
4.138815182317664121e-16
4.138815182317664121e-16
4.149352036894578043e-16
4.191682861364006556e-16
4.191682861364006556e-16
4.243680449343974772e-16
4.243680449343974772e-16
4.318153233075081353e-16
4.421257024501497420e-16
4.421257024501497420e-16
4.480533684228466999e-16
4.549010298197267135e-16
4.594253857214065880e-16
4.647320941933406944e-16
4.649514404336401221e-16
4.715107341693660598e-16
4.786550217986359773e-16
4.833517724337751580e-16
4.852329267305085522e-16
4.938904975417806707e-16
4.938904975417806707e-16
5.076664296376877979e-16
5.175013527169504365e-16
5.188549819527417792e-16
5.188549819527417792e-16
5.198314462400750886e-16
5.198314462400750886e-16
5.198314462400750886e-16
5.221650220097606861e-16
5.260924196775166137e-16
5.362468859361309372e-16
5.362468859361309372e-16
5.385896731891179251e-16
5.385896731891179251e-16
5.461296899056064011e-16
5.481930151077319620e-16
5.481930151077319620e-16
5.501324852700145388e-16
5.630364204754163211e-16
5.669033141091760584e-16
5.783499291288268170e-16
5.852612003471763525e-16
5.921358609192500969e-16
5.921358609192500969e-16
5.921358609192500969e-16
5.941252589680346641e-16
5.941252589680346641e-16
6.014648700420721472e-16
6.029003791294313727e-16
6.058873937605377481e-16
6.163651913180734433e-16
6.172170947047744559e-16
6.172170947047744559e-16
6.178474989757684689e-16
6.182527807123366943e-16
6.191029900331431982e-16
6.191029900331431982e-16
6.191029900331431982e-16
6.191029900331431982e-16
6.312190669541335958e-16
6.391097670751319294e-16
6.400644202640734406e-16
6.400644202640734406e-16
6.534346235782457579e-16
6.534346235782457579e-16
6.534346235782457579e-16
6.534346235782457579e-16
6.553588236187847999e-16
6.553588236187847999e-16
6.581330329862400111e-16
6.662747607326342607e-16
6.662747607326342607e-16
6.662747607326342607e-16
6.662747607326342607e-16
6.662747607326342607e-16
6.734222953215353526e-16
6.888109075629356968e-16
6.917704995023747142e-16
6.917704995023747142e-16
7.018254040966472213e-16
7.035262344903873777e-16
7.074075747416363528e-16
7.214934620745060618e-16
7.217194786992651172e-16
7.219173197141814883e-16
7.219173197141814883e-16
7.219585831594938895e-16
7.378067284212994590e-16
7.492986185284155979e-16
7.492986185284155979e-16
7.503054583583851767e-16
7.503054583583851767e-16
7.520327291208607840e-16
7.535890521644954427e-16
7.535890521644954427e-16
7.624124649682321252e-16
7.624711278820027741e-16
7.781310612464938001e-16
7.817894436030710380e-16
7.946147753274022593e-16
8.023671149693358790e-16
8.072489070104105896e-16
8.127935670366174722e-16
8.347720956076562731e-16
8.405938706975999648e-16
8.446333120013232311e-16
8.554226588647708987e-16
8.564169814300755192e-16
8.564169814300755192e-16
8.564169814300755192e-16
8.564169814300755192e-16
8.771788412871554457e-16
8.771788412871554457e-16
8.882131865484232296e-16
9.053581216059554642e-16
9.227790482321346593e-16
9.233793593048081873e-16
9.278258587614196369e-16
9.296625791214617151e-16
9.296625791214617151e-16
9.298805959906078679e-16
9.318059959944887221e-16
9.625023523595195823e-16
9.625023523595195823e-16
9.656011518109705679e-16
9.656011518109705679e-16
9.678180017347859708e-16
9.695015267748398074e-16
1.002140741433942262e-15
1.008279612719167803e-15
1.013805514494896917e-15
1.020165414321969917e-15
1.020165414321969917e-15
1.020445570469274277e-15
1.020445570469274277e-15
1.026898714506624121e-15
1.026898714506624121e-15
1.027682325861952756e-15
1.034013767734867286e-15
1.034013767734867286e-15
1.035941097091572617e-15
1.035941097091572617e-15
1.036527561528427814e-15
1.036527561528427814e-15
1.051786301266755754e-15
1.081711628245028719e-15
1.093625811333737140e-15
1.109731936949714136e-15
1.119739531224578576e-15
1.123185855353506885e-15
1.123185855353506885e-15
1.126394892613739005e-15
1.130933995123743768e-15
1.130933995123743768e-15
1.131506289405252123e-15
1.141304348904789531e-15
1.142405638790551154e-15
1.145200076951795252e-15
1.145200076951795252e-15
1.145200076951795252e-15
1.145871038807312353e-15
1.152890359665996114e-15
1.153510017206471838e-15
1.158802867278241232e-15
1.169043342674041402e-15
1.200279482549056642e-15
1.230352869710075119e-15
1.235363628399542586e-15
1.240963280863415316e-15
1.240963280863415316e-15
1.264354854502191336e-15
1.272223049428354939e-15
1.293915839669680164e-15
1.320011495406486666e-15
1.336407476873448623e-15
1.337381023602852457e-15
1.380726322963122218e-15
1.391955379923139986e-15
1.391955379923139986e-15
1.394397093565758448e-15
1.406549898776489522e-15
1.439095492766227419e-15
1.445505179307644566e-15
1.448922392561184099e-15
1.476096527115908850e-15
1.480753937776386620e-15
1.481206818058851985e-15
1.484532551754088054e-15
1.487442345214836347e-15
1.487442345214836347e-15
1.508101831728763487e-15
1.509390027669379336e-15
1.509390027669379336e-15
1.510560509559019795e-15
1.530005821400443811e-15
1.535377469065000813e-15
1.537755184662715463e-15
1.537755184662715463e-15
1.580323766574699411e-15
1.599776984056964400e-15
1.616239939948491939e-15
1.622972346042812975e-15
1.624485829218705510e-15
1.624485829218705510e-15
1.624485829218705510e-15
1.632476902743953479e-15
1.632476902743953479e-15
1.639810796345596897e-15
1.640798025009968361e-15
1.640798025009968361e-15
1.662535160955386165e-15
1.662535160955386165e-15
1.682159161455641303e-15
1.682159161455641303e-15
1.706626531641336065e-15
1.706928981225238343e-15
1.706928981225238343e-15
1.730802840130530569e-15
1.730802840130530569e-15
1.765381719063632745e-15
1.765381719063632745e-15
1.791942066486780060e-15
1.794300817957953318e-15
1.819537652872323029e-15
1.824964016512403382e-15
1.826680969943007715e-15
1.833999034616449515e-15
1.838578000614534433e-15
1.844026528283401143e-15
1.846138434354355554e-15
1.856481347797214290e-15
1.859205441048623457e-15
1.859205441048623457e-15
1.892762721779084786e-15
1.907371551959938908e-15
1.908967462029511128e-15
1.927977640105149492e-15
1.927977640105149492e-15
1.927977640105149492e-15
1.957429775656742855e-15
1.965249030901509367e-15
1.965249030901509367e-15
1.970634219328876057e-15
1.978251010170556032e-15
1.978251010170556032e-15
1.978251010170556032e-15
2.015400016470384237e-15
2.015400016470384237e-15
2.015400016470384237e-15
2.039921285009521146e-15
2.064419283671301716e-15
2.064419283671301716e-15
2.069134233750460286e-15
2.093128553681633191e-15
2.108502654601638418e-15
2.109783762523494498e-15
2.157163103352448976e-15
2.157163103352448976e-15
2.157163103352448976e-15
2.162837177072215298e-15
2.162837177072215298e-15
2.214600531031401355e-15
2.221553571561962467e-15
2.223314864814486089e-15
2.223392938899964517e-15
2.228648184238179636e-15
2.237536889164933772e-15
2.237536889164933772e-15
2.237536889164933772e-15
2.237536889164933772e-15
2.241681509608447604e-15
2.249699882299724658e-15
2.249699882299724658e-15
2.268895401772134104e-15
2.282894168237074893e-15
2.291176532863579800e-15
2.291176532863579800e-15
2.309453468633384717e-15
2.309649450881555681e-15
2.317117905078347746e-15
2.355250781321624447e-15
2.361016105194937554e-15
2.395234906892857914e-15
2.395234906892857914e-15
2.396694774059623990e-15
2.396694774059623990e-15
2.399948809945178994e-15
2.412264792523894794e-15
2.461987591173586038e-15
2.461987591173586038e-15
2.468609306531785869e-15
2.468609306531785869e-15
2.477273924186605327e-15
2.548167611374301587e-15
2.560328822210599423e-15
2.560328822210599423e-15
2.560328822210599423e-15
2.560328822210599423e-15
2.560328822210599423e-15
2.564212438862894342e-15
2.581674928925221489e-15
2.590286148211324590e-15
2.590286148211324590e-15
2.590286148211324590e-15
2.590286148211324590e-15
2.599583570063822080e-15
2.601727157519873274e-15
2.672454290972142368e-15
2.741749103474951018e-15
2.771221961922885668e-15
2.773491269067698345e-15
2.801810815689694301e-15
2.801810815689694301e-15
2.801810815689694301e-15
2.801810815689694301e-15
2.816298478983878431e-15
2.828400573979065943e-15
2.828400573979065943e-15
2.834750468229449501e-15
2.853124577501259089e-15
2.855876828715991173e-15
2.857546965929739840e-15
2.898549348629211249e-15
2.917708116283186962e-15
2.917708116283186962e-15
2.917708116283186962e-15
2.968612708241668326e-15
2.986627657897322225e-15
3.039758793601126501e-15
3.044908765684779224e-15
3.063121432829711222e-15
3.087493017706287376e-15
3.088318116029511606e-15
3.088318116029511606e-15
3.101281155311677333e-15
3.106170870640112884e-15
3.108248860100137785e-15
3.113928710114030565e-15
3.122981186508267241e-15
3.123945586458275465e-15
3.161147314676896962e-15
3.174772604316004385e-15
3.174772604316004385e-15
3.178276009054100529e-15
3.203529525811792598e-15
3.228823911909189686e-15
3.264167714533221501e-15
3.285375301950101046e-15
3.285375301950101046e-15
3.287140853896054094e-15
3.288574868911409047e-15
3.325288064995528338e-15
3.325288064995528338e-15
3.326530544685685413e-15
3.339116530780684703e-15
3.357214560251248593e-15
3.357214560251248593e-15
3.386436808708087665e-15
3.420506873773339644e-15
3.420506873773339644e-15
3.438232779317916302e-15
3.438232779317916302e-15
3.452842556528662795e-15
3.452842556528662795e-15
3.452842556528662795e-15
3.452842556528662795e-15
3.452842556528662795e-15
3.452842556528662795e-15
3.487645852135401249e-15
3.487645852135401249e-15
3.497782195418248343e-15
3.513008747904580817e-15
3.513008747904580817e-15
3.515548082094370141e-15
3.515548082094370141e-15
3.516829025315375322e-15
3.579334262882096757e-15
3.628004811324368586e-15
3.628066791783849183e-15
3.630129311128240510e-15
3.656179368258053419e-15
3.705891749578927777e-15
3.708779673119551582e-15
3.769687912414649892e-15
3.812990724837572284e-15
3.830120813289834611e-15
3.831150634770671653e-15
3.832029907909480820e-15
3.840410822466529292e-15
3.840410822466529292e-15
3.879790301803407644e-15
3.883411291184667420e-15
3.940976632603001381e-15
3.966234484522374444e-15
3.996113077634217586e-15
3.999513879624403870e-15
3.999513879624403870e-15
4.032881995545485291e-15
4.032881995545485291e-15
4.032881995545485291e-15
4.032881995545485291e-15
4.032909847635799170e-15
4.033465560070930089e-15
4.135240586207860838e-15
4.146297313138325376e-15
4.176593469964471734e-15
4.257496574900738504e-15
4.296111724646184834e-15
4.303006055205589382e-15
4.303006055205589382e-15
4.303006055205589382e-15
4.361896644373808476e-15
4.376626547326560759e-15
4.419754359213276204e-15
4.419754359213276204e-15
4.423067522704288505e-15
4.423067522704288505e-15
4.448084523157979282e-15
4.451889824555692120e-15
4.454395042140661698e-15
4.487994027479429118e-15
4.492762652389446642e-15
4.534813985397147383e-15
4.540267007046373487e-15
4.540267007046373487e-15
4.542940772423500093e-15
4.551162356553865820e-15
4.551162356553865820e-15
4.581836237134928393e-15
4.581836237134928393e-15
4.595087514670436733e-15
4.614076399278929150e-15
4.668736158872558527e-15
4.671909120764279982e-15
4.704109725293209227e-15
4.708105838508811357e-15
4.719261174191551557e-15
4.719261174191551557e-15
4.719261174191551557e-15
4.786188800186753349e-15
4.786188800186753349e-15
4.786188800186753349e-15
4.789918780356066335e-15
4.806713690812492505e-15
4.871249001655986086e-15
4.886709858749179098e-15
4.959231146214804492e-15
4.988355253552140208e-15
4.996379734880332359e-15
4.996379734880332359e-15
5.012285172509542578e-15
5.021595579259477530e-15
5.091221219891008317e-15
5.178373089814146744e-15
5.184195059015807877e-15
5.227024077089292920e-15
5.249789208100755643e-15
5.345643762162867216e-15
5.345643762162867216e-15
5.345643762162867216e-15
5.397164317657026643e-15
5.401025826161180461e-15
5.438757561717853182e-15
5.476727748813524566e-15
5.541228022492085631e-15
5.575909180653568566e-15
5.575909180653568566e-15
5.579151731595862882e-15
5.611843659350498694e-15
5.617306445407310589e-15
5.617306445407310589e-15
5.661220121521708048e-15
5.753653915379813657e-15
5.782782534344028239e-15
5.835602594256866926e-15
5.853957410000433719e-15
5.853957410000433719e-15
5.926955009385645071e-15
5.944836818990988882e-15
5.976519348170293586e-15
5.976519348170293586e-15
5.976519348170293586e-15
5.977040085203311321e-15
5.977070534273113403e-15
5.979083125731002247e-15
5.980491712111420099e-15
6.012808601323226046e-15
6.013142691117012087e-15
6.013142691117012087e-15
6.029006553545728170e-15
6.059406895424386807e-15
6.059406895424386807e-15
6.075289113174712655e-15
6.081598199848210132e-15
6.081598199848210132e-15
6.091809332022778203e-15
6.091809332022778203e-15
6.112102665016561714e-15
6.123034319297320998e-15
6.146568517990764447e-15
6.168253061425200521e-15
6.182758874164931285e-15
6.183768578613271037e-15
6.260257371344922021e-15
6.286474532193360442e-15
6.287660498904067893e-15
6.311879456090374216e-15
6.387340356694011846e-15
6.399309761625142893e-15
6.464929459929579191e-15
6.545846237977553461e-15
6.571018242519505327e-15
6.588917245717243664e-15
6.684148415882129356e-15
6.722216182349759172e-15
6.804892827223245414e-15
6.805494720600521952e-15
6.805494720600521952e-15
6.858890648215115027e-15
6.940686658226685838e-15
6.985998165167722730e-15
6.985998165167722730e-15
6.986024049671086743e-15
7.046973299478048211e-15
7.053999778941571007e-15
7.098849494107676696e-15
7.187837799105455463e-15
7.197645375961303299e-15
7.204693195949357957e-15
7.234828466513997965e-15
7.258388826172947232e-15
7.258388826172947232e-15
7.277822711892842459e-15
7.285657357843904923e-15
7.353650074830719793e-15
7.428417455444447177e-15
7.436187321021563370e-15
7.512731076780013264e-15
7.532932197884924594e-15
7.592649311803380357e-15
7.592649311803380357e-15
7.630220558145242332e-15
7.648659262502540585e-15
7.692091994485921001e-15
7.746874612091028430e-15
7.768326994970750915e-15
7.792004912803084211e-15
7.792338937892964471e-15
7.809101184641362147e-15
7.819232375140447435e-15
7.881377956047374431e-15
7.933175941301540032e-15
7.998060714998594557e-15
8.032823858890763289e-15
8.050686763191297806e-15
8.140197008126521384e-15
8.182903588763915555e-15
8.192962481471647689e-15
8.267123412964920595e-15
8.311976092746340885e-15
8.311976092746340885e-15
8.311976092746340885e-15
8.405267528051148181e-15
8.465916245862685666e-15
8.554393819404135350e-15
8.604793747367990102e-15
8.652558999937017060e-15
8.783422681553136723e-15
8.814025011378848672e-15
8.836906338840589162e-15
8.915665403393464272e-15
8.957728030173794808e-15
8.968482825151602920e-15
9.092123636244989009e-15
9.190918609302849024e-15
9.216554605552526271e-15
