1.336533571558318184e-19
3.119545401330098783e-19
4.457526543647093155e-19
5.349993477324644460e-19
6.242937921165717046e-19
6.242937921165717046e-19
6.689884685147471366e-19
6.689884685147471366e-19
7.584719464103182345e-19
8.927673210091918768e-19
1.251074638437489684e-18
1.251074638437489684e-18
1.251074638437489684e-18
1.251074638437489684e-18
1.430597136989794416e-18
1.700017793230678090e-18
1.744943961381702217e-18
1.834841564450763928e-18
1.969755594700504754e-18
2.059743183404283014e-18
2.329840112748416577e-18
2.374878538327188870e-18
2.600181573114878913e-18
2.960843169627149864e-18
3.141261985351156958e-18
3.321768467698838657e-18
3.502362267923030200e-18
3.592702653639957841e-18
3.592702653639957841e-18
3.818769756254146829e-18
3.909239569063018829e-18
4.090264799697752832e-18
4.361930548410052218e-18
4.679022556372867821e-18
4.860302590915709136e-18
6.012267399181557597e-18
6.012267399181557597e-18
7.827082546059853961e-18
7.827082546059853961e-18
8.086556972235421812e-18
9.409810665390473573e-18
9.409810665390473573e-18
1.048798949247328059e-17
1.065833722964331227e-17
1.079866235457177418e-17
1.109022991797108813e-17
1.138283274386149101e-17
1.154442780724322774e-17
1.175646838837255478e-17
1.175646838837255478e-17
1.306654601345920545e-17
1.348102746898231027e-17
1.348102746898231027e-17
1.374501940420990002e-17
1.430951980616893331e-17
1.515758801591432258e-17
1.557724578389287051e-17
1.661702578403348207e-17
1.661702578403348207e-17
1.664262500199494571e-17
1.834723175095826725e-17
1.874778422023763554e-17
1.907069200268535860e-17
1.907069200268535860e-17
1.916603026663742528e-17
1.960902849805142435e-17
1.960902849805142435e-17
1.960902849805142435e-17
1.960902849805142435e-17
2.005296787718459351e-17
2.188660597844631911e-17
2.237393226743329221e-17
2.250192835724060734e-17
2.390649721333207193e-17
2.444502193824197231e-17
2.466901509540477687e-17
2.485479765516921905e-17
2.545364994887800939e-17
2.545364994887800939e-17
2.545364994887800939e-17
2.560282186236668202e-17
2.560282186236668202e-17
2.597890449094759137e-17
2.636110457970311546e-17
2.707760033830833777e-17
2.716757406026112823e-17
2.724286587779484519e-17
2.728644101719248377e-17
2.855266115856574392e-17
2.887265138308403790e-17
2.904506964523624591e-17
2.942915202943011322e-17
2.979779959102956542e-17
3.202135519234401958e-17
3.231245218188374541e-17
3.261616055086036997e-17
3.319600166064189644e-17
3.407701004055828457e-17
3.614621741592862452e-17
3.662083821070678620e-17
3.691099405252734195e-17
3.691099405252734195e-17
3.709978828499313515e-17
3.809589903096419235e-17
3.809589903096419235e-17
3.814850918846587475e-17
3.838916066025801182e-17
3.890396846264479488e-17
4.302017212721302526e-17
4.302017212721302526e-17
4.416545478667275509e-17
4.416545478667275509e-17
4.416545478667275509e-17
4.416545478667275509e-17
4.416545478667275509e-17
4.454652549816527447e-17
4.454652549816527447e-17
4.766417143269260053e-17
4.766417143269260053e-17
5.012988434214986882e-17
5.090426068548413088e-17
5.173698818740702389e-17
5.177877514613823809e-17
5.177877514613823809e-17
5.177877514613823809e-17
5.272622855502813091e-17
5.272622855502813091e-17
5.280443793049128003e-17
5.293064583963217078e-17
5.304894810793201934e-17
5.446001088328576793e-17
5.585065075313349754e-17
5.590354325495092726e-17
5.590354325495092726e-17
5.590354325495092726e-17
5.681669182947702707e-17
5.765407801260981873e-17
5.765407801260981873e-17
5.765407801260981873e-17
5.765407801260981873e-17
5.973693202990814327e-17
5.973693202990814327e-17
6.019376513279395847e-17
6.104084513743422286e-17
6.133744784113110781e-17
6.159047540543034801e-17
6.222829121471283616e-17
6.222829121471283616e-17
6.222829121471283616e-17
6.222829121471283616e-17
6.222829121471283616e-17
6.267590106995076984e-17
6.296662160040282641e-17
6.296662160040282641e-17
6.326604774725722158e-17
6.505912238182265962e-17
6.531360872508661282e-17
6.531360872508661282e-17
6.579999386635441277e-17
6.579999386635441277e-17
6.666984964579861516e-17
6.666984964579861516e-17
6.666984964579861516e-17
6.836485668802638592e-17
6.836485668802638592e-17
6.910765752538244326e-17
6.939084887408112690e-17
7.025105788940383295e-17
7.132984846250410020e-17
7.185759704602949337e-17
7.410797535734033782e-17
7.497510180839894576e-17
7.497510180839894576e-17
7.497510180839894576e-17
7.502070041539279816e-17
7.502070041539279816e-17
7.502070041539279816e-17
7.520681237685894863e-17
7.540798270183184496e-17
7.572453773717515769e-17
7.580439412114685752e-17
7.869221178265251470e-17
8.246635530868788141e-17
8.316449868676925644e-17
8.352533472229958839e-17
8.479762526646151155e-17
8.530048049281481862e-17
8.534193804984431529e-17
8.879736190078226947e-17
9.243565075355523675e-17
9.405508363393354323e-17
9.405508363393354323e-17
9.688982056407793914e-17
9.746312069721122064e-17
9.977688530740825779e-17
1.002664703509212434e-16
1.002664703509212434e-16
1.012580635878402818e-16
1.049908907290040193e-16
1.051282982960030475e-16
1.058403236029422027e-16
1.058403236029422027e-16
1.069139378635870284e-16
1.070174641126958846e-16
1.084711138223421438e-16
1.084711138223421438e-16
1.085138889861784860e-16
1.094066617125845185e-16
1.094066617125845185e-16
1.121533072162144672e-16
1.125849646176124613e-16
1.125849646176124613e-16
1.159201097900403049e-16
1.163676725878922745e-16
1.166216412999106971e-16
1.166216412999106971e-16
1.177401012493740366e-16
1.178956259099671288e-16
1.198501073783704628e-16
1.207969019838569391e-16
1.207969019838569391e-16
1.228663446461570623e-16
1.229027200055030331e-16
1.234940901748444023e-16
1.248955061860766422e-16
1.264570114243399449e-16
1.276644098332649860e-16
1.276644098332649860e-16
1.286277686386088851e-16
1.295922097638298341e-16
1.295922097638298341e-16
1.319577374985812994e-16
1.322048358322497595e-16
1.323781952421211314e-16
1.335132193914418938e-16
1.335132193914418938e-16
1.335132193914418938e-16
1.335132193914418938e-16
1.335662060080312517e-16
1.335662060080312517e-16
1.335662060080312517e-16
1.340305212352844758e-16
1.340305212352844758e-16
1.350989591834738475e-16
1.353327873343019985e-16
1.357923497655734205e-16
1.362677234785269145e-16
1.371244031899027112e-16
1.373937126097436146e-16
1.373937126097436146e-16
1.373937126097436146e-16
1.405132878970952387e-16
1.415218217929593508e-16
1.415218217929593508e-16
1.415218217929593508e-16
1.445243653614320139e-16
1.475078506885914553e-16
1.480446813476068502e-16
1.480446813476068502e-16
1.495361651955638056e-16
1.498355442850322367e-16
1.498355442850322367e-16
1.498355442850322367e-16
1.498355442850322367e-16
1.498355442850322367e-16
1.507667158383804724e-16
1.522592820062144777e-16
1.538365514687739131e-16
1.545526707682914600e-16
1.545526707682914600e-16
1.546043397780739723e-16
1.587879296193348898e-16
1.596317156069580404e-16
1.596317156069580404e-16
1.603199298766021594e-16
1.603199298766021594e-16
1.606552608089429343e-16
1.612266786466378879e-16
1.614266254795758669e-16
1.621041577226073790e-16
1.621041577226073790e-16
1.624986397890980874e-16
1.635325846733798285e-16
1.636718745358171968e-16
1.636718745358171968e-16
1.647751114209229410e-16
1.649129189757026143e-16
1.649129189757026143e-16
1.649129189757026143e-16
1.649129189757026143e-16
1.664237669379815085e-16
1.673434329604628651e-16
1.678303827903621597e-16
1.687632013522189400e-16
1.697739704739160979e-16
1.697739704739160979e-16
1.697739704739160979e-16
1.697739704739160979e-16
1.704986542176781159e-16
1.727211510278085145e-16
1.731231152186666440e-16
1.733405438704882216e-16
1.744879676410090569e-16
1.748103107348252822e-16
1.748103107348252822e-16
1.748103107348252822e-16
1.750497622432754716e-16
1.760722486540762976e-16
1.761147179449038981e-16
1.761147179449038981e-16
1.761147179449038981e-16
1.773631974517707727e-16
1.791666952973260277e-16
1.828824170786938297e-16
1.847817472907537307e-16
1.847817472907537307e-16
1.851669825809035878e-16
1.861745518003555601e-16
1.866596663922024786e-16
1.870979118276346509e-16
1.894420990378539091e-16
1.908255391276499772e-16
1.918098149410524562e-16
1.940939333980956052e-16
1.993569255584742363e-16
1.996134824267203612e-16
2.021720395586739034e-16
2.021720395586739034e-16
2.021720395586739034e-16
2.021720395586739034e-16
2.026145201588423473e-16
2.033364745742187708e-16
2.040920750205555708e-16
2.068107684369261152e-16
2.068107684369261152e-16
2.068854485084423611e-16
2.075280641710926154e-16
2.076597777943906591e-16
2.114552383162652509e-16
2.120102801836466132e-16
2.122247677488457827e-16
2.126568016093314399e-16
2.126568016093314399e-16
2.136866525010348017e-16
2.142977397150928153e-16
2.142977397150928153e-16
2.143502087004366179e-16
2.144850751685938832e-16
2.152580397903493963e-16
2.153256141965859088e-16
2.153256141965859088e-16
2.153256141965859088e-16
2.187830144577341312e-16
2.187830144577341312e-16
2.205333609858491788e-16
2.241824259800066687e-16
2.248529466725303755e-16
2.261221784866049805e-16
2.261221784866049805e-16
2.279845921793803734e-16
2.285639627153023148e-16
2.285639627153023148e-16
2.304432700096368297e-16
2.304432700096368297e-16
2.337393340230260899e-16
2.337393340230260899e-16
2.355147386091640608e-16
2.400573763052888735e-16
2.449440505501568243e-16
2.449440505501568243e-16
2.449440505501568243e-16
2.449448975831040786e-16
2.449448975831040786e-16
2.449448975831040786e-16
2.449448975831040786e-16
2.449448975831040786e-16
2.461616604118348811e-16
2.478100335845777136e-16
2.478100335845777136e-16
2.478100335845777136e-16
2.478810431799891826e-16
2.514417579320094477e-16
2.520708681248896219e-16
2.529670289830846717e-16
2.529670289830846717e-16
2.530027690677202018e-16
2.574482450261870689e-16
2.574482450261870689e-16
2.582626436762791213e-16
2.582626436762791213e-16
2.583785460178950683e-16
2.587048772251712662e-16
2.588498845600026011e-16
2.588498845600026011e-16
2.590664897075699310e-16
2.609187625336712297e-16
2.647262697463512378e-16
2.649248048577104431e-16
2.694571369863103121e-16
2.696661188373523533e-16
2.696661188373523533e-16
2.707414271638916876e-16
2.743595754554743955e-16
2.746190969390359105e-16
2.746607897829952274e-16
2.763658200484321699e-16
2.786881020454877265e-16
2.797501872465726910e-16
2.804533657649516524e-16
2.804533657649516524e-16
2.894488556647923220e-16
2.900050739668226624e-16
2.900050739668226624e-16
2.903449224082154930e-16
2.906068202897679213e-16
2.915080633456464969e-16
2.915080633456464969e-16
2.915080633456464969e-16
2.917083160515932175e-16
2.917083160515932175e-16
2.957423575202777869e-16
2.965202866962519403e-16
2.965202866962519403e-16
2.965202866962519403e-16
2.986266223491436143e-16
2.990731028271185587e-16
3.027555550366136721e-16
3.039232605404826465e-16
3.050981422957103251e-16
3.087552423385202522e-16
3.130649812671896177e-16
3.131029801063511757e-16
3.141018672380937668e-16
3.143440716036225326e-16
3.143440716036225326e-16
3.143440716036225326e-16
3.143440716036225326e-16
3.143440716036225326e-16
3.147959401522897445e-16
3.172307481235187095e-16
3.180882042817628391e-16
3.228842342369280518e-16
3.254413325899168564e-16
3.295879470901607983e-16
3.295879470901607983e-16
3.369815800432787005e-16
3.369815800432787005e-16
3.378729057550665234e-16
3.413223533179877334e-16
3.413223533179877334e-16
3.429703382672964242e-16
3.429703382672964242e-16
3.438821457063227211e-16
3.442949566246443070e-16
3.468475257042346265e-16
3.496808156197607758e-16
3.505165312656920285e-16
3.505165312656920285e-16
3.505165312656920285e-16
3.508897786867689120e-16
3.508897786867689120e-16
3.508897786867689120e-16
3.549114322985998872e-16
3.549114322985998872e-16
3.561086898408508834e-16
3.610391039259673161e-16
3.610391039259673161e-16
3.633072699291704763e-16
3.677717453072181224e-16
3.699224560750687191e-16
3.740403067481455002e-16
3.740403067481455002e-16
3.740403067481455002e-16
3.740403067481455002e-16
3.759043439207364802e-16
3.759043439207364802e-16
3.759043439207364802e-16
3.759043439207364802e-16
3.759043439207364802e-16
3.759043439207364802e-16
3.765578768969291370e-16
3.774308855212325856e-16
3.777880746093511227e-16
3.780250791337314773e-16
3.792654412415205147e-16
3.797228155043448795e-16
3.804952624948548373e-16
3.804952624948548373e-16
3.811033145075185395e-16
3.811033145075185395e-16
3.844547650641810283e-16
3.851581788694897607e-16
3.879212003434332884e-16
3.939247110579489916e-16
3.995384689732628311e-16
3.995384689732628311e-16
4.015216319184079259e-16
4.018073878946413667e-16
4.018073878946413667e-16
4.060655166352606627e-16
4.060655166352606627e-16
4.090379317123733308e-16
4.090379317123733308e-16
4.091117059292099043e-16
4.098341309184458944e-16
4.098341309184458944e-16
4.098341309184458944e-16
4.148795297261520984e-16
4.148795297261520984e-16
4.207148808719448656e-16
4.207148808719448656e-16
4.277075613680027420e-16
4.400403140226393909e-16
4.400403140226393909e-16
4.459220402222942818e-16
4.494274390171202890e-16
4.577086213268028551e-16
4.597508648200188879e-16
4.602096390400754983e-16
4.671166398006493263e-16
4.731444203619731905e-16
4.759373820977328817e-16
4.802210629989276495e-16
4.882698641724002743e-16
4.882698641724002743e-16
4.970044208671007046e-16
5.025518161038664951e-16
5.037883783277393668e-16
5.037883783277393668e-16
5.063002545328219944e-16
5.063002545328219944e-16
5.063002545328219944e-16
5.093801957368499946e-16
5.100431872476203408e-16
5.174699368361066102e-16
5.174699368361066102e-16
5.174699368361066102e-16
5.174699368361066102e-16
5.284055557016332547e-16
5.287736856319871763e-16
5.287736856319871763e-16
5.309722067039716276e-16
5.402993100026623557e-16
5.414285460935101809e-16
5.541185584223443377e-16
5.576143104530487499e-16
5.685475293918914744e-16
5.685475293918914744e-16
5.687418763959004216e-16
5.706968754955492615e-16
5.706968754955492615e-16
5.739762341369232560e-16
5.750554011691111494e-16
5.800420488304481143e-16
5.910060432997077779e-16
5.923504257591581954e-16
5.923504257591581954e-16
5.923504257591581954e-16
5.923504257591581954e-16
5.944314680670971258e-16
5.944314680670971258e-16
5.944314680670971258e-16
5.944314680670971258e-16
6.048200683495483912e-16
6.092679089416596930e-16
6.129688782325295155e-16
6.129688782325295155e-16
6.238390402741878079e-16
6.238390402741878079e-16
6.238390402741878079e-16
6.238390402741878079e-16
6.238390402741878079e-16
6.244666563950638084e-16
6.280864399308085822e-16
6.331439560153991241e-16
6.331439560153991241e-16
6.331439560153991241e-16
6.333085980445216787e-16
6.333085980445216787e-16
6.398933968834371735e-16
6.559302599094563631e-16
6.561331831220562601e-16
6.561331831220562601e-16
6.638038899636982466e-16
6.638038899636982466e-16
6.665901107289193394e-16
6.760442924983911700e-16
6.771954926241352136e-16
6.771954926241352136e-16
6.774414262875012237e-16
6.779685866537021402e-16
7.019505187280214503e-16
7.195442753684799587e-16
7.195442753684799587e-16
7.224500336583823147e-16
7.225787356089790536e-16
7.225787356089790536e-16
7.249692037582885320e-16
7.249692037582885320e-16
7.286353741122419574e-16
7.286353741122419574e-16
7.353473514188836728e-16
7.384172752818757528e-16
7.455348813733071599e-16
7.505059648042383271e-16
7.551678341520356612e-16
7.624673582154096966e-16
7.853808935167523596e-16
7.934858812090594540e-16
8.007972990267344856e-16
8.085518268371151132e-16
8.102380341481686542e-16
8.111594648226234901e-16
8.111594648226234901e-16
8.111594648226234901e-16
8.291576444023564909e-16
8.291576444023564909e-16
8.445254572791631900e-16
8.596636771698779604e-16
8.735972750374392729e-16
8.745742804847111936e-16
8.800151025066272637e-16
8.857239869276563625e-16
8.857239869276563625e-16
8.866164067236677387e-16
8.895213532736623750e-16
9.227837253663212660e-16
9.227837253663212660e-16
9.232113593612197036e-16
9.232113593612197036e-16
9.232113593612197036e-16
9.257412585451244425e-16
9.492768689601465170e-16
9.533056400016036551e-16
9.567464760628944793e-16
9.614223802760539028e-16
9.644722400461079953e-16
9.649173323311971727e-16
9.649173323311971727e-16
9.741992134819816254e-16
9.741992134819816254e-16
9.774255149206873406e-16
9.802944155130376558e-16
9.802944155130376558e-16
9.879203354875935712e-16
9.879203354875935712e-16
9.900815635812058759e-16
9.900815635812058759e-16
9.964121348924801951e-16
1.019369557088402472e-15
1.033275161693491667e-15
1.055007903655495590e-15
1.074913895541107538e-15
1.077508398633760086e-15
1.077568220335659921e-15
1.082599378401940363e-15
1.086157034423873408e-15
1.086157034423873408e-15
1.086157034423873408e-15
1.088453352508226394e-15
1.090516636535139131e-15
1.097503976017890754e-15
1.097503976017890754e-15
1.097503976017890754e-15
1.099623223041054767e-15
1.115211688000621113e-15
1.115211688000621113e-15
1.122103930388523574e-15
1.131123707781692024e-15
1.155385478365960473e-15
1.186366131928260136e-15
1.188555935619495893e-15
1.191130062864028423e-15
1.193139813232240149e-15
1.211839983131356729e-15
1.220399145184243027e-15
1.247815019412810340e-15
1.261808350749672848e-15
1.277706606245351074e-15
1.277706606245351074e-15
1.313087825373393308e-15
1.329054484661735608e-15
1.329054484661735608e-15
1.329054484661735608e-15
1.332699926237174260e-15
1.362736326292829234e-15
1.370318729949719959e-15
1.375801574217297046e-15
1.398679087089688443e-15
1.415827927910255152e-15
1.415827927910255152e-15
1.416756370135217695e-15
1.416756370135217695e-15
1.416838791146724090e-15
1.428332816482728132e-15
1.432371446046543679e-15
1.432371446046543679e-15
1.432371446046543679e-15
1.456625881560775814e-15
1.464289576851909995e-15
1.464289576851909995e-15
1.464289576851909995e-15
1.507574466292955395e-15
1.527198219741934382e-15
1.543715973959410722e-15
1.547048789791233665e-15
1.554031917637941974e-15
1.561191981255854404e-15
1.561191981255854404e-15
1.569670616357019051e-15
1.569670616357019051e-15
1.578042948823303284e-15
1.578042948823303284e-15
1.578691176079229172e-15
1.595214494832595157e-15
1.597013616341256248e-15
1.622330242935691854e-15
1.622330242935691854e-15
1.625386043700723106e-15
1.625586784627049087e-15
1.625586784627049087e-15
1.649514136015829698e-15
1.649752199331394071e-15
1.684918225033447799e-15
1.684918225033447799e-15
1.708783372440164422e-15
1.718433218820451996e-15
1.751062686718487934e-15
1.758262931461835740e-15
1.758371769313384629e-15
1.768226915304262964e-15
1.769811755123788386e-15
1.778255873632352421e-15
1.778487825369915644e-15
1.788091579040656731e-15
1.796091099366684087e-15
1.796091099366684087e-15
1.834010835062434637e-15
1.848109592590364059e-15
1.848346379474334262e-15
1.856935552375115596e-15
1.865883990771171026e-15
1.868557026758815361e-15
1.916024470778630469e-15
1.921210224122131398e-15
1.921210224122131398e-15
1.931490280661695841e-15
1.935026831446026203e-15
1.935026831446026203e-15
1.935289341073595967e-15
1.957176054802456513e-15
1.957176054802456513e-15
1.958936383378567897e-15
1.985529212162373336e-15
2.027524235125601137e-15
2.032885836038255875e-15
2.046294673466300092e-15
2.060095175399850882e-15
2.065704168754836367e-15
2.065704168754836367e-15
2.109777981153650410e-15
2.109777981153650410e-15
2.109777981153650410e-15
2.111439206874933040e-15
2.111439206874933040e-15
2.169651722640182307e-15
2.182628208570385696e-15
2.182628208570385696e-15
2.184398313318430236e-15
2.197581057653463336e-15
2.197759258091915248e-15
2.197759258091915248e-15
2.197759258091915248e-15
2.198393962231551314e-15
2.210083475713173623e-15
2.231658663664814957e-15
2.231658663664814957e-15
2.238465014558996753e-15
2.253903448807780681e-15
2.264740588328842436e-15
2.264740588328842436e-15
2.281037590466613715e-15
2.281037590466613715e-15
2.282683434304861313e-15
2.333371356411869763e-15
2.336880084516752295e-15
2.372226357653547198e-15
2.372226357653547198e-15
2.382888143708007842e-15
2.384355169479612952e-15
2.384355169479612952e-15
2.397063616539396270e-15
2.434657679831274118e-15
2.434657679831274118e-15
2.436048649102823424e-15
2.436048649102823424e-15
2.461365581570267869e-15
2.534653425029898275e-15
2.538501672174472037e-15
2.538501672174472037e-15
2.538501672174472037e-15
2.538501672174472037e-15
2.538501672174472037e-15
2.552340455291500170e-15
2.570475218933977927e-15
2.575643466929902398e-15
2.575643466929902398e-15
2.575643466929902398e-15
2.575643466929902398e-15
2.607302523296873686e-15
2.607302523296873686e-15
2.675538997542954136e-15
2.758167585061029879e-15
2.785868056477701348e-15
2.786180758689569218e-15
2.809499158093179768e-15
2.809499158093179768e-15
2.809499158093179768e-15
2.809499158093179768e-15
2.814617366441310455e-15
2.850763521024628906e-15
2.850763521024628906e-15
2.857944054605433578e-15
2.896813543639812878e-15
2.896813543639812878e-15
2.897844423911833988e-15
2.925262656891872299e-15
2.936461344191427184e-15
2.936461344191427184e-15
2.937527517502917486e-15
2.978762334278157842e-15
3.000140857649531857e-15
3.051406603280898772e-15
3.051406603280898772e-15
3.072599520557705688e-15
3.097891694957962417e-15
3.099302822437222032e-15
3.099302822437222032e-15
3.110600689059857635e-15
3.119454589167522380e-15
3.119454589167522380e-15
3.128824108817481604e-15
3.130474252524371254e-15
3.130474252524371254e-15
3.166914862818152270e-15
3.186808849188171428e-15
3.186808849188171428e-15
3.196012438613067350e-15
3.221730335301918300e-15
3.241527624625966012e-15
3.292094603368887862e-15
3.331751768340307880e-15
3.333037087898207077e-15
3.334232651374563367e-15
3.334232651374563367e-15
3.364318102872906930e-15
3.365787257991226359e-15
3.369276457280936128e-15
3.371505300955997546e-15
3.384458522891017885e-15
3.384458522891017885e-15
3.421737336990012812e-15
3.444969427265601964e-15
3.444969427265601964e-15
3.449080919309401050e-15
3.449080919309401050e-15
3.458218210759654456e-15
3.458218210759654456e-15
3.458218210759654456e-15
3.458218210759654456e-15
3.458218210759654456e-15
3.458218210759654456e-15
3.515296508233317195e-15
3.515296508233317195e-15
3.535193453336478454e-15
3.550728943443802068e-15
3.555597971168935670e-15
3.560013724505996525e-15
3.560013724505996525e-15
3.563906270297276556e-15
3.651287106755056108e-15
3.681597821959983400e-15
3.681597821959983400e-15
3.684791889089307537e-15
3.696778446437620483e-15
3.721299756151970412e-15
3.721299756151970412e-15
3.785225303270386410e-15
3.819602506011616613e-15
3.834389007235330218e-15
3.835273080227507422e-15
3.836866425669545119e-15
3.836866425669545119e-15
3.836866425669545119e-15
3.876315132303342039e-15
3.889562345257138295e-15
3.931498481784012451e-15
3.959340137122906083e-15
3.974535419976268824e-15
3.974897550089913191e-15
3.979022871123010545e-15
4.022624362656785592e-15
4.027146589211751049e-15
4.027146589211751049e-15
4.027146589211751049e-15
4.029905081412296239e-15
4.029905081412296239e-15
4.129046940931835703e-15
4.159668734868815030e-15
4.173327835239733161e-15
4.272058260269490426e-15
4.306789011033600364e-15
4.310055275957331353e-15
4.310331608692026491e-15
4.310331608692026491e-15
4.350653000430598202e-15
4.369798397904788218e-15
4.417075041871061006e-15
4.417075041871061006e-15
4.420467402942641585e-15
4.420467402942641585e-15
4.438326251484724147e-15
4.442310176837362919e-15
4.450376612766223760e-15
4.483883183281141526e-15
4.492596752381704653e-15
4.514500871461196144e-15
4.514500871461196144e-15
4.514500871461196144e-15
4.514500871461196144e-15
4.534771952193594758e-15
4.536224019598638069e-15
4.547210101628432125e-15
4.547210101628432125e-15
4.551665406698390809e-15
4.561614061597342006e-15
4.618506652979492922e-15
4.618647183980484778e-15
4.651907967886367765e-15
4.666343497479083129e-15
4.682870627880711956e-15
4.682870627880711956e-15
4.682870627880711956e-15
4.769219837030468657e-15
4.770684456993216855e-15
4.770684456993216855e-15
4.780898527313320714e-15
4.784040825435916826e-15
4.850112848157447050e-15
4.874133379052598923e-15
4.956611056474992104e-15
4.977040720598070931e-15
4.977040720598070931e-15
4.977040720598070931e-15
4.988573453575112785e-15
5.008626570377924450e-15
5.061278226611850694e-15
5.164066327682389953e-15
5.164896105274430394e-15
5.224621895398421830e-15
5.242394334815538665e-15
5.329660039496397413e-15
5.329660039496397413e-15
5.329660039496397413e-15
5.387241162785547669e-15
5.387241162785547669e-15
5.411811344536301672e-15
5.431267747215378601e-15
5.495995499238750202e-15
5.530482130989940267e-15
5.530482130989940267e-15
5.551493397933686920e-15
5.594502481094542177e-15
5.602163944100930080e-15
5.602163944100930080e-15
5.621883974020493333e-15
5.696373751350103907e-15
5.725598285031248461e-15
5.755302292300098152e-15
5.782822216291193288e-15
5.785922053946221832e-15
5.825698032935014131e-15
5.845251956164317395e-15
5.877067313638749861e-15
5.877067313638749861e-15
5.879093119398833634e-15
5.883527460403347775e-15
5.883527460403347775e-15
5.884007460445558499e-15
5.884007460445558499e-15
5.936120115498541837e-15
5.936120115498541837e-15
5.936120115498541837e-15
5.942977532479748595e-15
5.979767064467152338e-15
5.992445183041685794e-15
6.023929921204547278e-15
6.035410791060089276e-15
6.039496472127689866e-15
6.043929933747304256e-15
6.043929933747304256e-15
6.072629433467876258e-15
6.091736455643817496e-15
6.109961022425223680e-15
6.148227694581127223e-15
6.167685132522695066e-15
6.169931543308152275e-15
6.237914466476514518e-15
6.271835553739994858e-15
6.297909763073151091e-15
6.338969320496561770e-15
6.417348458420640831e-15
6.434284046932389890e-15
6.494875392967183920e-15
6.574014942955313952e-15
6.600576843272197637e-15
6.643712854908416713e-15
6.741953244908407763e-15
6.790600702879606783e-15
6.841008195318254726e-15
6.846268658144137826e-15
6.849757969195139290e-15
6.907031322474686933e-15
6.979849415578986154e-15
7.002736563451152569e-15
7.011372761385939936e-15
7.016692287113374552e-15
7.072081806766276135e-15
7.080763915063239421e-15
7.102201736623094525e-15
7.193237590834355847e-15
7.198046420398501112e-15
7.198641734565002616e-15
7.226025897997606307e-15
7.251700490127029275e-15
7.251700490127029275e-15
7.279884473243338759e-15
7.302324249488284001e-15
7.392483121667214926e-15
7.465037863993170418e-15
7.481487605582504013e-15
7.533643132855181969e-15
7.543757882680046579e-15
7.617607532506289976e-15
7.631923809859726802e-15
7.666589244972126330e-15
7.702497686229189307e-15
7.749058649117850757e-15
7.821945425418043487e-15
7.832580079948412391e-15
7.857847860976223327e-15
7.857847860976223327e-15
7.879472162133372385e-15
7.892833021615345304e-15
7.960775151912254884e-15
8.018755198308695078e-15
8.072353922669164118e-15
8.108358372757928897e-15
8.114872920801781982e-15
8.190614071667496590e-15
8.247053494540692772e-15
8.254933724393315805e-15
8.321963506091261464e-15
8.356111357015502305e-15
8.360749009456051421e-15
8.364517485508165405e-15
8.435518401773028533e-15
8.490751779137146153e-15
8.565101025465764872e-15
8.613210555752638866e-15
8.664928187579193057e-15
8.792599054968889992e-15
8.799015494245191822e-15
8.806707409262467464e-15
8.869766315209117199e-15
8.909809077224342107e-15
8.911494122806179424e-15
9.058457212596431329e-15
9.140425746749273106e-15
9.165880872053843933e-15
