1.336533571558318184e-19
2.673792443887153212e-19
2.673792443887153212e-19
2.673792443887153212e-19
3.120264665807689505e-19
3.120264665807689505e-19
4.908051721734707746e-19
4.908051721734707746e-19
4.908051721734707746e-19
6.698656716386356952e-19
8.490193303527845990e-19
8.490193303527845990e-19
9.386887470498982251e-19
1.073261887178988773e-18
1.252784385731293505e-18
1.522205041972176986e-18
1.612057378274225432e-18
1.791852584412348662e-18
1.836823927828928809e-18
1.971805310884595813e-18
2.151869930447351265e-18
2.286985207183668528e-18
2.286985207183668528e-18
2.737812202824007408e-18
2.918231018548014503e-18
2.963357639134934927e-18
3.234248339471221857e-18
3.324588725188149498e-18
3.460164273718483248e-18
3.460164273718483248e-18
3.460164273718483248e-18
3.460164273718483248e-18
3.505441898503866480e-18
3.777235048186279633e-18
3.867875065457700291e-18
4.627851848688642326e-18
4.854574334237043640e-18
6.658283938029117555e-18
6.670424743606428936e-18
7.137234012315464968e-18
8.428771027334438354e-18
8.697845160245553915e-18
1.009102612893504334e-17
1.030193733280136413e-17
1.035068878465444428e-17
1.093307099327773365e-17
1.093307099327773365e-17
1.093307099327773365e-17
1.142105608566812796e-17
1.142105608566812796e-17
1.269856999967144751e-17
1.295277399861965492e-17
1.308274649863723214e-17
1.312613340849103609e-17
1.374851439517911221e-17
1.442077621098327627e-17
1.491638459989895774e-17
1.552653066623780439e-17
1.552653066623780439e-17
1.552653066623780439e-17
1.707274225406457177e-17
1.771328739173265746e-17
1.845425299103633563e-17
1.845425299103633563e-17
1.846855843636774296e-17
1.927352208057507869e-17
1.927352208057507869e-17
1.927352208057507869e-17
1.927352208057507869e-17
2.003651053650736866e-17
2.150187753525730825e-17
2.212463498103305363e-17
2.218166853281484216e-17
2.351056911228492361e-17
2.406462277456115181e-17
2.409041022206645008e-17
2.419967747226225483e-17
2.484088141333376018e-17
2.493998426816251332e-17
2.493998426816251332e-17
2.511851999048933606e-17
2.511851999048933606e-17
2.551737839387419575e-17
2.580734600615091687e-17
2.663922647512655558e-17
2.712909386295529158e-17
2.714678744007571611e-17
2.720485625434859357e-17
2.865667072594246435e-17
2.865667072594246435e-17
2.918390167822230843e-17
2.954483182852455615e-17
2.980242395926177922e-17
3.133442421652905505e-17
3.172631812679204262e-17
3.175304672201651097e-17
3.194362913514872854e-17
3.277946242454489143e-17
3.431287440339092853e-17
3.491953822316883912e-17
3.505553406858911222e-17
3.505553406858911222e-17
3.511934388394893823e-17
3.612354850030486917e-17
3.612354850030486917e-17
3.614255968423213304e-17
3.653078311839035608e-17
3.710121275098016947e-17
4.023307001606698709e-17
4.023307001606698709e-17
4.142089255243326965e-17
4.142089255243326965e-17
4.142089255243326965e-17
4.142089255243326965e-17
4.142089255243326965e-17
4.229757165284147050e-17
4.229757165284147050e-17
4.528138638170261711e-17
4.528138638170261711e-17
4.627429722542848866e-17
4.680755152311102861e-17
4.736687561261462032e-17
4.736687561261462032e-17
4.736687561261462032e-17
4.736687561261462032e-17
4.778841567603150840e-17
4.794370504969479885e-17
4.794370504969479885e-17
4.794370504969479885e-17
4.828261234336843476e-17
4.979748371214679303e-17
5.110229091000608481e-17
5.110229091000608481e-17
5.110229091000608481e-17
5.110229091000608481e-17
5.236653464116908596e-17
5.253208252497134379e-17
5.274064085953973322e-17
5.276802825816762432e-17
5.276802825816762432e-17
5.393702784015047456e-17
5.393702784015047456e-17
5.407598830088613770e-17
5.469253417171535258e-17
5.469253417171535258e-17
5.476952005514357813e-17
5.542851168810742380e-17
5.573800811555694863e-17
5.599235328666303433e-17
5.599235328666303433e-17
5.599235328666303433e-17
5.613625477292434962e-17
5.671571942361820682e-17
5.671571942361820682e-17
5.710036649644357495e-17
5.923117199003368323e-17
5.984461207338962823e-17
5.984461207338962823e-17
6.022836505588179033e-17
6.022836505588179033e-17
6.118805338512091261e-17
6.118805338512091261e-17
6.118805338512091261e-17
6.291858875374741226e-17
6.291858875374741226e-17
6.295463471139168407e-17
6.337598654526473444e-17
6.420838464548591607e-17
6.570786824905582327e-17
6.586687515620983614e-17
6.839348032309749827e-17
6.942126068981867596e-17
6.942126068981867596e-17
6.942126068981867596e-17
6.957513834190321130e-17
6.981663684664260267e-17
6.990675174075326988e-17
7.020603671544978522e-17
7.043727671005020922e-17
7.043727671005020922e-17
7.053077973594989363e-17
7.321813293327204128e-17
7.667835663757777394e-17
7.718549408605330424e-17
7.728106763693516036e-17
7.854013505564271376e-17
7.881410315669351587e-17
7.898435677909163024e-17
8.306089106729678217e-17
8.634667304185409301e-17
8.798398772889665556e-17
8.798398772889665556e-17
8.911025920442912769e-17
9.008491178240308006e-17
9.259688210225762349e-17
9.427993656845191826e-17
9.427993656845191826e-17
9.549406418356904202e-17
9.889188979409370378e-17
9.889188979409370378e-17
1.010273069115077590e-16
1.010273069115077590e-16
1.020528285237029211e-16
1.023272201412273504e-16
1.028849442796083431e-16
1.028849442796083431e-16
1.029889881599627422e-16
1.039330534370636240e-16
1.039846753894601722e-16
1.056767178163725529e-16
1.064057308396427582e-16
1.064057308396427582e-16
1.102400607623191443e-16
1.108507244599035308e-16
1.109445098301189625e-16
1.109445098301189625e-16
1.110482713661576143e-16
1.110482713661576143e-16
1.122739280408345869e-16
1.133540362207416873e-16
1.133540362207416873e-16
1.155103938749073045e-16
1.162749822819621780e-16
1.186126991016121188e-16
1.196965718723959242e-16
1.206366372716903301e-16
1.213978375469561865e-16
1.213978375469561865e-16
1.224160182069418195e-16
1.225412849683635279e-16
1.225412849683635279e-16
1.254614310540227283e-16
1.264208370389460909e-16
1.266124076571834303e-16
1.278286999120546415e-16
1.278286999120546415e-16
1.280851156081428989e-16
1.280851156081428989e-16
1.280851156081428989e-16
1.280851156081428989e-16
1.282629925270663020e-16
1.283736714988408557e-16
1.284921149392985903e-16
1.290002405928792424e-16
1.292282336278485166e-16
1.293885581418093750e-16
1.295027193601448740e-16
1.295027193601448740e-16
1.310252140254485148e-16
1.310252140254485148e-16
1.310252140254485148e-16
1.342034228157045172e-16
1.349322946668168426e-16
1.349322946668168426e-16
1.349322946668168426e-16
1.369544446562286172e-16
1.401638054359891971e-16
1.417403690377592457e-16
1.417403690377592457e-16
1.430779752336316534e-16
1.433356144217548282e-16
1.433356144217548282e-16
1.433356144217548282e-16
1.433356144217548282e-16
1.433356144217548282e-16
1.438184702590757434e-16
1.449004136770352446e-16
1.457830690654601896e-16
1.457830690654601896e-16
1.457830690654601896e-16
1.459064064740576184e-16
1.497068080214578684e-16
1.512794188028074051e-16
1.512794188028074051e-16
1.516604895142999122e-16
1.516604895142999122e-16
1.518507425257304307e-16
1.521479099180588226e-16
1.521479099180588226e-16
1.526337303706951279e-16
1.528638409880325380e-16
1.533600140655797264e-16
1.538997622825245473e-16
1.538997622825245473e-16
1.538997622825245473e-16
1.545571774930587698e-16
1.547334074034736283e-16
1.547334074034736283e-16
1.547941114313601783e-16
1.550201751135051484e-16
1.554824198157762008e-16
1.555984633295500399e-16
1.560071802552932219e-16
1.568830829088331145e-16
1.578447711769754871e-16
1.579285568526747167e-16
1.579285568526747167e-16
1.579285568526747167e-16
1.595698243601377911e-16
1.619245053674258000e-16
1.636223123241180989e-16
1.646714096866785140e-16
1.671061823648680183e-16
1.672622011280136590e-16
1.672787417991780999e-16
1.672787417991780999e-16
1.675743327690768687e-16
1.686709110340694886e-16
1.687985541934821103e-16
1.687985541934821103e-16
1.687985541934821103e-16
1.693388906277514079e-16
1.715600227736889969e-16
1.755813587481647518e-16
1.763719698896547131e-16
1.763719698896547131e-16
1.763806755060570517e-16
1.769435994855864804e-16
1.779218048962003118e-16
1.779971908285059445e-16
1.803426721168390662e-16
1.803891648141661246e-16
1.823772452561438956e-16
1.862663970334620156e-16
1.920517732353667544e-16
1.920517732353667544e-16
1.944530645834467319e-16
1.944530645834467319e-16
1.944530645834467319e-16
1.944530645834467319e-16
1.949187915322787295e-16
1.956959442613845501e-16
1.965710234106701705e-16
1.998349707581426887e-16
1.998349707581426887e-16
2.000423526580621248e-16
2.003656368995975079e-16
2.005230438556289402e-16
2.040670297069409329e-16
2.058906916423794415e-16
2.058906916423794415e-16
2.059250905915151687e-16
2.059250905915151687e-16
2.078631960896049360e-16
2.079405113747348730e-16
2.079405113747348730e-16
2.090419365504812230e-16
2.097822433463814815e-16
2.099775314981095618e-16
2.099775314981095618e-16
2.099775314981095618e-16
2.099775314981095618e-16
2.132159266850065836e-16
2.132159266850065836e-16
2.132713838143587582e-16
2.172718733668548547e-16
2.188103910720774058e-16
2.192284253602403850e-16
2.192284253602403850e-16
2.220619623270428332e-16
2.220619623270428332e-16
2.220619623270428332e-16
2.241313814606499744e-16
2.241313814606499744e-16
2.284125683203889433e-16
2.285918804895840774e-16
2.300673648263151045e-16
2.328357508422578930e-16
2.366202705218971496e-16
2.366202705218971496e-16
2.366612810337600617e-16
2.367546664161948483e-16
2.367546664161948483e-16
2.367546664161948483e-16
2.367546664161948483e-16
2.367546664161948483e-16
2.378511740951084975e-16
2.397861973344179892e-16
2.397861973344179892e-16
2.397861973344179892e-16
2.397884796176369745e-16
2.447905621015683237e-16
2.455064696428490570e-16
2.455064696428490570e-16
2.455064696428490570e-16
2.461143334259689030e-16
2.513970308667176753e-16
2.516411881137637274e-16
2.541078539352866567e-16
2.547414581085258308e-16
2.552812298541636337e-16
2.566022012640996724e-16
2.574296818674882024e-16
2.574296818674882024e-16
2.574296818674882024e-16
2.588044633982678959e-16
2.608476480392031605e-16
2.615958134185584786e-16
2.672346999779742122e-16
2.675076328165339531e-16
2.675076328165339531e-16
2.687953581832902606e-16
2.727980594329264209e-16
2.732364460405164853e-16
2.732501867972164103e-16
2.747972924753763899e-16
2.767248571190114425e-16
2.775152329735716328e-16
2.777767779247293554e-16
2.777767779247293554e-16
2.859325287721393143e-16
2.859325287721393143e-16
2.859325287721393143e-16
2.860130439595144369e-16
2.868444773833234541e-16
2.868996286396669117e-16
2.869132752815949086e-16
2.869132752815949086e-16
2.875273976970472338e-16
2.875273976970472338e-16
2.905452819733423778e-16
2.920057550039526478e-16
2.920057550039526478e-16
2.920057550039526478e-16
2.930819103634392363e-16
2.936564104599144655e-16
2.970842351539877335e-16
2.975223394172620630e-16
2.993995291292284421e-16
3.034933570067733611e-16
3.064997475165481293e-16
3.066542251503036323e-16
3.072078435317597670e-16
3.072078435317597670e-16
3.072078435317597670e-16
3.072078435317597670e-16
3.072078435317597670e-16
3.072078435317597670e-16
3.079715731415208829e-16
3.109565643050310014e-16
3.123257107138421285e-16
3.167858332836885683e-16
3.220058738150335291e-16
3.256782792726264763e-16
3.256782792726264763e-16
3.322136913849783947e-16
3.329729976004594322e-16
3.336803759905351798e-16
3.357257840929569869e-16
3.357257840929569869e-16
3.374368141751036310e-16
3.374815304561107807e-16
3.380103495951667204e-16
3.386271307529257432e-16
3.409661887080755362e-16
3.435921084880287527e-16
3.459649183532573043e-16
3.459649183532573043e-16
3.459649183532573043e-16
3.463951875617695315e-16
3.467340595624036944e-16
3.467340595624036944e-16
3.502775277824701317e-16
3.508914266753391646e-16
3.520274978514975162e-16
3.573532998577843790e-16
3.573532998577843790e-16
3.613251314622317214e-16
3.662927444109484220e-16
3.710973035173186697e-16
3.763374728455073987e-16
3.771501068436259718e-16
3.771501068436259718e-16
3.771501068436259718e-16
3.786576372601947702e-16
3.786576372601947702e-16
3.786576372601947702e-16
3.786576372601947702e-16
3.786576372601947702e-16
3.786576372601947702e-16
3.789869213184398795e-16
3.796166197286445303e-16
3.796263841362309122e-16
3.797467334008199442e-16
3.830509148132870418e-16
3.830509148132870418e-16
3.872074466576217857e-16
3.872074466576217857e-16
3.875225664426933428e-16
3.879482240273815861e-16
3.900146079595944158e-16
3.902126960257870366e-16
3.924951204169356770e-16
3.992256442158183475e-16
4.020388759205796498e-16
4.025416605608539985e-16
4.029945643720122716e-16
4.052951764428338727e-16
4.052951764428338727e-16
4.062493355292228847e-16
4.073933005818757813e-16
4.076940913929229861e-16
4.085222896214473569e-16
4.085222896214473569e-16
4.092452675349683876e-16
4.092452675349683876e-16
4.094261796552861021e-16
4.144688726632996937e-16
4.144688726632996937e-16
4.205413224482446943e-16
4.205413224482446943e-16
4.244209451049062034e-16
4.368594827631777118e-16
4.374799343970414868e-16
4.463200172797539989e-16
4.492812562277015116e-16
4.594237699102823467e-16
4.623979614037149235e-16
4.631768199630617314e-16
4.703869526396341920e-16
4.819148122361424913e-16
4.894624404848097774e-16
4.918196272979000884e-16
4.960390631029148935e-16
4.961176724661586446e-16
5.044402888041777007e-16
5.101295738239550651e-16
5.119589767604804977e-16
5.119589767604804977e-16
5.136192789805638118e-16
5.136192789805638118e-16
5.136192789805638118e-16
5.153502731587034240e-16
5.170444919897163462e-16
5.260912273828659009e-16
5.260912273828659009e-16
5.260912273828659009e-16
5.260912273828659009e-16
5.372519099610859397e-16
5.405861610431805649e-16
5.405861610431805649e-16
5.420567984691578865e-16
5.501845031145365254e-16
5.529226782886938941e-16
5.654502485211990814e-16
5.706366312572371623e-16
5.793501533004140780e-16
5.801078713291189644e-16
5.813351750123045309e-16
5.826097713683783967e-16
5.826097713683783967e-16
5.871717731788251728e-16
5.877926248004696176e-16
5.899416415024257057e-16
6.001607175519611269e-16
6.016186259550366766e-16
6.016186259550366766e-16
6.019942380097580440e-16
6.019942380097580440e-16
6.052211747231742000e-16
6.052211747231742000e-16
6.052211747231742000e-16
6.052211747231742000e-16
6.162450026586801772e-16
6.219812744783371980e-16
6.219812744783371980e-16
6.219812744783371980e-16
6.379135171710240028e-16
6.379135171710240028e-16
6.379135171710240028e-16
6.379135171710240028e-16
6.405285549304742776e-16
6.405285549304742776e-16
6.513831527417267723e-16
6.546507235079180787e-16
6.546507235079180787e-16
6.546507235079180787e-16
6.562482864681721812e-16
6.562482864681721812e-16
6.697812848090682229e-16
6.896449368116639347e-16
6.913726840301723725e-16
6.932488384796476904e-16
7.028029230795096137e-16
7.028552391283490454e-16
7.074336404378023950e-16
7.216559177216998137e-16
7.223621961453787687e-16
7.238212398078905470e-16
7.238212398078905470e-16
7.238212398078905470e-16
7.377415439639186176e-16
7.546146343849413266e-16
7.546146343849413266e-16
7.559277295649025384e-16
7.559277295649025384e-16
7.581168509240418415e-16
7.591065265724830421e-16
7.591065265724830421e-16
7.665193883499382549e-16
7.665193883499382549e-16
7.838062778943877456e-16
7.888426593305096546e-16
7.965154190506140948e-16
8.037400395198885180e-16
8.106851273522225435e-16
8.164771268812009705e-16
8.364027711076238564e-16
8.412133653237432910e-16
8.490282559959623648e-16
8.590462852461630637e-16
8.607771970738772265e-16
8.607771970738772265e-16
8.607771970738772265e-16
8.607771970738772265e-16
8.775578609067040986e-16
8.775578609067040986e-16
8.901575230544977309e-16
9.015097409579155497e-16
9.215017890380992587e-16
9.215017890380992587e-16
9.254915965639826990e-16
9.269454815605587908e-16
9.269454815605587908e-16
9.298946149959684937e-16
9.392581407113911568e-16
9.677145184474080197e-16
9.677145184474080197e-16
9.749735908053773736e-16
9.749735908053773736e-16
9.763381844120970088e-16
9.788006503619232014e-16
1.005374003270114883e-15
1.013026075386917274e-15
1.014424503254141167e-15
1.026964237820916557e-15
1.028223964043027558e-15
1.030673277453478352e-15
1.030673277453478352e-15
1.041513652169824802e-15
1.041513652169824802e-15
1.046639636750985100e-15
1.047803801186560686e-15
1.047803801186560686e-15
1.048409535622965918e-15
1.048409535622965918e-15
1.048409535622965918e-15
1.048409535622965918e-15
1.053858422104400671e-15
1.083326127768573120e-15
1.095202694359380885e-15
1.113776203422016701e-15
1.120035747491359734e-15
1.121347889759255383e-15
1.121347889759255383e-15
1.123811608611982591e-15
1.126632340087631107e-15
1.126854015668535385e-15
1.128796026929659725e-15
1.135847652683803936e-15
1.135847652683803936e-15
1.138347893950208395e-15
1.138347893950208395e-15
1.138347893950208395e-15
1.138347893950208395e-15
1.147880679200750885e-15
1.149392791830277421e-15
1.155043672140939368e-15
1.161281805099671273e-15
1.189235174672830643e-15
1.210192252095559728e-15
1.212506104938355417e-15
1.219002253544298086e-15
1.219002253544298086e-15
1.237028138160014130e-15
1.243413537208103300e-15
1.269339833412844856e-15
1.283204198101314608e-15
1.296828423067064478e-15
1.296828423067064478e-15
1.332031747629663640e-15
1.344898131041070548e-15
1.344898131041070548e-15
1.344898131041070548e-15
1.344898131041070548e-15
1.376960869193487578e-15
1.391400992763507061e-15
1.393094493969384093e-15
1.420532526344564474e-15
1.431251304775594017e-15
1.431251304775594017e-15
1.432634650750618231e-15
1.434836089380532158e-15
1.435381766828107783e-15
1.444177968698413921e-15
1.447142513427725100e-15
1.447142513427725100e-15
1.447142513427725100e-15
1.464761457534017946e-15
1.480757510042064509e-15
1.482680345418410643e-15
1.482680345418410643e-15
1.525636115502061832e-15
1.543170968059646730e-15
1.562763310703498239e-15
1.565260316774618002e-15
1.569916762758683534e-15
1.573650460461487532e-15
1.574619254394909638e-15
1.581034093720089183e-15
1.581236346364939105e-15
1.586435552238650984e-15
1.586435552238650984e-15
1.586435552238650984e-15
1.620983273300075319e-15
1.621800507157671397e-15
1.645368598933351398e-15
1.645368598933351398e-15
1.670239697961877621e-15
1.670239697961877621e-15
1.670239697961877621e-15
1.685182923809526623e-15
1.685182923809526623e-15
1.721670832658369425e-15
1.721670832658369425e-15
1.752625716419683611e-15
1.766251141348775490e-15
1.793941660128316721e-15
1.795575045523631655e-15
1.795575045523631655e-15
1.803611129438549086e-15
1.806544310420118898e-15
1.808268175404285721e-15
1.808268175404285721e-15
1.835420098872838201e-15
1.841754658297572641e-15
1.841754658297572641e-15
1.887464020731456062e-15
1.892000993894746112e-15
1.895864552336275838e-15
1.906735708465212615e-15
1.919332794221125147e-15
1.921095875654315107e-15
1.958785912484855420e-15
1.962801495693897821e-15
1.962801495693897821e-15
1.969545860246425732e-15
1.974974241471929103e-15
1.974974241471929103e-15
1.974974241471929103e-15
2.004460440688783008e-15
2.004460440688783008e-15
2.004460440688783008e-15
2.023656266034201097e-15
2.058129612897117952e-15
2.064846831220120705e-15
2.080298141546137635e-15
2.088636333878908967e-15
2.102449823650984455e-15
2.103123797179202861e-15
2.141935099755844342e-15
2.141935099755844342e-15
2.141935099755844342e-15
2.149706962330777634e-15
2.149706962330777634e-15
2.206919596877005826e-15
2.218779975727043930e-15
2.218779975727043930e-15
2.219161493483702923e-15
2.226670069984197872e-15
2.227388724500383942e-15
2.227388724500383942e-15
2.227388724500383942e-15
2.228178918007573664e-15
2.232101986395821293e-15
2.240053019967791630e-15
2.240053019967791630e-15
2.259832527482120290e-15
2.277933727444063095e-15
2.297458707439915127e-15
2.297458707439915127e-15
2.304025018608322158e-15
2.304025018608322158e-15
2.305244187245910268e-15
2.336329849364976309e-15
2.340605636389676679e-15
2.375993437669579804e-15
2.375993437669579804e-15
2.387434546975073606e-15
2.387859792807634603e-15
2.391177556158123916e-15
2.402584142988843818e-15
2.440062098063042046e-15
2.440062098063042046e-15
2.451274343771926289e-15
2.451274343771926289e-15
2.456515118963959410e-15
2.519705923822364400e-15
2.519705923822364400e-15
2.519705923822364400e-15
2.519705923822364400e-15
2.519705923822364400e-15
2.519705923822364400e-15
2.525112511595995444e-15
2.540994079366178221e-15
2.557571631756861439e-15
2.557571631756861439e-15
2.557571631756861439e-15
2.557571631756861439e-15
2.568718644164460523e-15
2.573395160123637430e-15
2.633514241174037721e-15
2.694480625751661617e-15
2.732248101392970311e-15
2.734744913352373126e-15
2.741171675842720012e-15
2.741171675842720012e-15
2.741171675842720012e-15
2.741171675842720012e-15
2.747242984486055446e-15
2.770920208221946599e-15
2.770920208221946599e-15
2.780846440276488712e-15
2.806546855146455964e-15
2.806546855146455964e-15
2.806546855146455964e-15
2.843238657766483795e-15
2.854826133188828404e-15
2.854826133188828404e-15
2.857523756660635875e-15
2.899494680360079950e-15
2.927129889064600212e-15
2.978276973615099562e-15
2.978276973615099562e-15
3.000397009627888936e-15
3.017482293566545326e-15
3.017482293566545326e-15
3.017482293566545326e-15
3.017482293566545326e-15
3.019282556216815934e-15
3.020058926616880281e-15
3.024145713533051248e-15
3.040429974883574375e-15
3.046190004800967142e-15
3.057563045597671563e-15
3.070213141498866164e-15
3.070574565751721022e-15
3.086359230599868434e-15
3.107013734913056969e-15
3.125389797066383795e-15
3.167524545172869219e-15
3.219293657779661868e-15
3.222790862707157927e-15
3.222790862707157927e-15
3.226478808866463813e-15
3.260563573482654469e-15
3.265748638611885754e-15
3.272775347480164835e-15
3.285759462589066802e-15
3.295352422471903685e-15
3.297659199060285787e-15
3.320442703039878535e-15
3.361772534559542800e-15
3.361772534559542800e-15
3.365154231251030342e-15
3.365154231251030342e-15
3.376231039920952438e-15
3.376231039920952438e-15
3.376231039920952438e-15
3.376231039920952438e-15
3.376231039920952438e-15
3.376231039920952438e-15
3.400812300745013369e-15
3.400812300745013369e-15
3.416154679104709580e-15
3.423870484568619767e-15
3.423870484568619767e-15
3.430999496193972959e-15
3.430999496193972959e-15
3.430999496193972959e-15
3.514546873290716756e-15
3.559458160105262439e-15
3.559458160105262439e-15
3.567441139760125577e-15
3.576671446015899347e-15
3.625735235386106879e-15
3.627385461443422176e-15
3.696621899258948954e-15
3.739130418299930204e-15
3.739199986762896357e-15
3.744013180899590244e-15
3.745918699157903777e-15
3.754073550032807179e-15
3.754073550032807179e-15
3.791822567414473361e-15
3.815167136606850253e-15
3.850443311885086180e-15
3.894567610976860789e-15
3.913698026555796244e-15
3.923640216946351733e-15
3.923640216946351733e-15
3.962804520503761443e-15
3.963589584755881724e-15
3.963589584755881724e-15
3.963589584755881724e-15
3.965348042800901123e-15
3.965348042800901123e-15
4.074620857532595118e-15
4.107335293423152503e-15
4.124553514477141903e-15
4.209446550464929795e-15
4.252288388735002189e-15
4.260243457477818561e-15
4.274267576109444092e-15
4.274267576109444092e-15
4.326510591885879340e-15
4.361036531259777925e-15
4.417862989368137225e-15
4.417862989368137225e-15
4.417862989368137225e-15
4.417862989368137225e-15
4.433719675545494012e-15
4.442400286829365790e-15
4.443349210781567152e-15
4.476336503042431723e-15
4.477173065721310329e-15
4.527017807704539749e-15
4.527017807704539749e-15
4.527017807704539749e-15
4.536129005834279566e-15
4.549711279140447784e-15
4.550359300520309950e-15
4.560932859858271690e-15
4.560932859858271690e-15
4.560932859858271690e-15
4.579344967969243133e-15
4.626768754499235307e-15
4.628937317662883926e-15
4.661645489038935839e-15
4.678351990431492341e-15
4.715658897789904404e-15
4.718362685779272229e-15
4.718362685779272229e-15
4.801769349527653010e-15
4.801769349527653010e-15
4.801769349527653010e-15
4.805866347896576549e-15
4.816915786814390490e-15
4.872923011126250165e-15
4.887330576867359561e-15
4.954795989374729028e-15
4.977306628160754460e-15
4.984932786363326593e-15
4.984932786363326593e-15
4.996466086970086659e-15
5.016859305147740397e-15
5.064289203255734116e-15
5.177247978913264264e-15
5.185098800840749023e-15
5.228406904278505309e-15
5.229958798045686748e-15
5.333215887730122425e-15
5.333215887730122425e-15
5.333215887730122425e-15
5.402571968949448873e-15
5.408776464700479915e-15
5.445084426105417092e-15
5.470418122766609148e-15
5.541263558487178355e-15
5.588087569222262127e-15
5.588154987750907649e-15
5.608668008151038667e-15
5.653794226634863682e-15
5.658026244408449029e-15
5.658026244408449029e-15
5.676954786742708919e-15
5.765216366882608756e-15
5.777571786491844242e-15
5.820017319221720031e-15
5.860390874072627346e-15
5.860390874072627346e-15
5.891298129877177949e-15
5.907713840153203103e-15
5.939859678708136438e-15
5.939859678708136438e-15
5.939859678708136438e-15
5.939859678708136438e-15
5.939859678708136438e-15
5.939859678708136438e-15
5.939859678708136438e-15
5.972313131395081222e-15
5.975617742206194940e-15
5.975617742206194940e-15
6.005948406801681780e-15
6.049670679939779369e-15
6.056013324411638904e-15
6.090293903634062783e-15
6.101254204098524786e-15
6.101254204098524786e-15
6.103884291398222145e-15
6.103884291398222145e-15
6.142647607205532197e-15
6.149222232825821003e-15
6.173058095833038414e-15
6.195630123920133075e-15
6.226550499912106779e-15
6.231950820230145905e-15
6.324597807575336475e-15
6.351810602713713122e-15
6.362063004215767474e-15
6.382750042829172942e-15
6.483189303890456554e-15
6.507430195700792554e-15
6.572530577517050266e-15
6.667997796353163761e-15
6.680568394682955125e-15
6.701814960320841392e-15
6.788693591532411632e-15
6.836700019086649781e-15
6.877943335602229123e-15
6.883902435908746517e-15
6.883902435908746517e-15
6.966012812787213657e-15
7.030624330126180524e-15
7.055456803864094977e-15
7.055456803864094977e-15
7.055456803864094977e-15
7.102954132265080796e-15
7.113657787628698429e-15
7.147386489592946400e-15
7.233815131610201346e-15
7.251288753685394625e-15
7.275284161818618040e-15
7.302772319133103904e-15
7.321169848277687706e-15
7.325580522358152271e-15
7.349545510832440443e-15
7.354847001816706962e-15
7.438418945810007975e-15
7.480268840853852567e-15
7.489536560672550901e-15
7.545886750977623316e-15
7.551736545799818726e-15
7.625551873145178064e-15
7.627639471135197986e-15
7.639727745964346571e-15
7.669424950499839415e-15
7.695370999042337126e-15
7.763801593828757079e-15
7.801104239552653269e-15
7.814712479712610752e-15
7.814712479712610752e-15
7.849378682448618729e-15
7.875603569531613609e-15
7.952068233588613634e-15
8.021940043170439414e-15
8.096732605367827352e-15
8.125988241040004688e-15
8.130855730576835339e-15
8.221093026830553197e-15
8.264115809572896345e-15
8.284191249223172370e-15
8.392455409474450550e-15
8.444140415827101637e-15
8.455898912495452021e-15
8.466758327806591828e-15
8.547048404411629086e-15
8.610947252345686313e-15
8.694024917321223921e-15
8.754343774621537954e-15
8.812308777359905042e-15
8.936430735519284069e-15
8.978105477090417786e-15
8.985408295170809403e-15
9.036825292063906862e-15
9.075433242029301531e-15
9.076816099783946534e-15
9.197214721688691812e-15
9.296548451817303846e-15
9.345767212923819184e-15
