[Problem]
Name = benchmark3

[TimeLoop]
TEnd = 0 # [s]
DtInitial = 1 # [s]

[RootSystem.Grid]
File =  ../../../grids/RootSystem.dgf
InitialT = 14 # days
orderIdx = 0 # Parameter positions in Magdalena's DGF
radiusIdx = 4
ctIdx = 7
krIdx = 6
kxIdx = 5

[RootSystem.Conductivity]
Kx0 = 0.06736268 0.074759246 0.08296797 0.09207803 0.102188394 0.113408897 0.125861436 0.13968129 0.155018593 0.172039965 0.190930319 0.211894875 0.235161384 0.260982605 0.289639051 0.321442035 0.356737056      # axial conductivity (cm^3 / day) # setting overrides kr, kx from grid data, age is calculated from grid data   
KxAge0 = 0	2	4	6	8	10	12	14	16	18	20	22	24	26	28	30	32 # days

Kr0 = 0.00114 0.00109 0.00103 0.000983 0.000935 0.00089 0.000847 0.000806 0.000767 0.00073 0.000695 0.000662 0.00063 0.000599 0.00057 0.000543 0.000517  
KrAge0 = 0	2	4	6	8	10	12	14	16	18	20	22	24	26	28	30	32 # days

Kx1 = 0.06736268 0.074759246 0.08296797 0.09207803 0.102188394 0.113408897 0.125861436 0.13968129 0.155018593 0.172039965 0.190930319 0.211894875 0.235161384 0.260982605 0.289639051 0.321442035 0.356737056   
KxAge1 = 0	2	4	6	8	10	12	14	16	18	20	22	24	26	28	30	32 # days

Kr1 = 0.00114 0.00109 0.00103 0.000983 0.000935 0.00089 0.000847 0.000806 0.000767 0.00073 0.000695 0.000662 0.00063 0.000599 0.00057 0.000543 0.000517  
KrAge1 = 0	2	4	6	8	10	12	14	16	18	20	22	24	26	28	30	32 # days

Kx2 = 0.000407 0.0005 0.000615 0.000756 0.00093 0.00114 0.00141 0.00173 0.00212 0.00261 0.00321 0.00395 0.00486 0.00597 0.00734 0.00903 0.0111 0.0136   
KxAge2 = 0 1 2 3 4  5  6  7  8  9 10 11  12  13  14 15 16 17 # days

Kr2 =  0.00411 0.00389 0.00367 0.00347 0.00328 0.0031 0.00293 0.00277 0.00262 0.00248 0.00234 0.00221 0.00209 0.00198 0.00187 0.00177 0.00167 0.00158
KrAge2 = 0 1 2 3 4  5  6  7  8  9 10 11  12  13  14 15 16 17 # days

Kx3 = 0.000407 0.0005 0.000615 0.000756 0.00093 0.00114 0.00141 0.00173 0.00212 0.00261 0.00321 0.00395 0.00486 0.00597 0.00734 0.00903 0.0111 0.0136   
KxAge3 = 0 1 2 3 4  5  6  7  8  9 10 11  12  13  14 15 16 17 # days

Kr3 =  0.00411 0.00389 0.00367 0.00347 0.00328 0.0031 0.00293 0.00277 0.00262 0.00248 0.00234 0.00221 0.00209 0.00198 0.00187 0.00177 0.00167 0.00158
KrAge3 = 0 1 2 3 4  5  6  7  8  9 10 11  12  13  14 15 16 17 # days

[RootSystem.Collar]
P = -500 # cm pressure head

[Soil.IC]
P = -200 # cm pressure head

[Vtk]
AddProcessRank = "false"
AddVelocity = "true"

