[Problem]
Name = soybean_2007_reducedkxkr

[TimeLoop]
TEnd = 604800 # 7 days [s]
DtInitial = 360 # [s]
PeriodicCheckTimes = 7200
MaxTimeStepSize = 3600 

[RootSystem.Grid]
File =  ../../../grids/Glycine_max_Moraes2020_opt2_154days.dgf
InitialT = 1 # days
orderIdx = 0 # Parameter positions in Magdalena's DGF
radiusIdx = 4		
ctIdx = 7
krIdx = 6
kxIdx = 5
Grow = true

[RootSystem.Conductivity]
# artificial shoot
ShootKx = 0.0356832
ShootKr = 0
ShootRadius = 0.2

# tap root
Kx0 =	1.e-6	1.e-3	0.0067392	0.0074736	0.0082944	0.0092448	0.0101952	0.0113184	0.0126144	0.0139968	0.0154656	0.0171936	0.0190944	0.021168	0.0235008	0.0260928	0.028944	0.0321408	0.0356832	0.0356832   
KxAge0 = -154	0	0	2	4	6	8	10	12	14	16	18	20	22	24	26	28	30	32	1e20

Kr0 =	0	0	1.14048e-4	1.08864e-4	1.0368e-4	9.8486e-5	9.3312e-5	8.8992e-5	8.47584e-5	8.06112e-5	7.67232e-5	7.3008e-5	6.9552e-5	6.61824e-5	6.29856e-5	5.99616e-5	5.7024e-5	5.42592e-5	5.16672e-5	5.16672e-5
KrAge0 = -1e20	0	0	2	4	6	8	10	12	14	16	18	20	22	24	26	28	30	32	1e20

# 1st order laterals
Kx1 =	1.e-6	1.e-6	4.06944e-5	5.00256e-5	6.15168e-5	7.56e-5	9.3312e-5	1.14048e-4	1.40832e-4	1.728e-4	2.12544e-4	2.60928e-4	3.21408e-4	3.94848e-4	4.85568e-4	5.97024e-4	7.344e-4	8.9856e-4	0.0110592	0.00136512	0.00136512
KxAge1 = -154	0	0	1	2	3	4	5	6	7	8	9	10	11	12	13	14	15	16	17	1e20

Kr1 =	0	0	4.11264e-4	3.888e-4	3.672e-4	3.47328e-4	3.2832e-4	3.10176e-4	2.92896e-4	2.77344e-4	2.61792e-4	2.47968e-4	2.34144e-4	2.21184e-4	2.09952e-4	1.97856e-4	1.86634e-4	1.76256e-4	1.66752e-4	1.58112e-4	1.58112e-4  
KrAge1 = -1e20	0	0	1	2	3	4	5	6	7	8	9	10	11	12	13	14	15	16	17	1e20

# 2nd order laterals
Kx2 =	1.e-6	1.e-6	4.06944e-5	5.00256e-5	6.15168e-5	7.56e-5	9.3312e-5	1.14048e-4	1.40832e-4	1.728e-4	2.12544e-4	2.60928e-4	3.21408e-4	3.94848e-4	4.85568e-4	5.97024e-4	7.344e-4	8.9856e-4	0.0110592	0.00136512	0.00136512
KxAge2 = -154	0	0	1	2	3	4	5	6	7	8	9	10	11	12	13	14	15	16	17	1e20

Kr2 =	0	0	4.11264e-4	3.888e-4	3.672e-4	3.47328e-4	3.2832e-4	3.10176e-4	2.92896e-4	2.77344e-4	2.61792e-4	2.47968e-4	2.34144e-4	2.21184e-4	2.09952e-4	1.97856e-4	1.86634e-4	1.76256e-4	1.66752e-4	1.58112e-4	1.58112e-4  
KrAge2 = -1e20	0	0	1	2	3	4	5	6	7	8	9	10	11	12	13	14	15	16	17	1e20

# basal roots
Kx3 =	1.e-6	1.e-3	0.0067392	0.0074736	0.0082944	0.0092448	0.0101952	0.0113184	0.0126144	0.0139968	0.0154656	0.0171936	0.0190944	0.021168	0.0235008	0.0260928	0.028944	0.0321408	0.0356832	0.0356832   
KxAge3 = -154	0	0	2	4	6	8	10	12	14	16	18	20	22	24	26	28	30	32	1e20

Kr3 =	0	0	1.14048e-4	1.08864e-4	1.0368e-4	9.8486e-5	9.3312e-5	8.8992e-5	8.47584e-5	8.06112e-5	7.67232e-5	7.3008e-5	6.9552e-5	6.61824e-5	6.29856e-5	5.99616e-5	5.7024e-5	5.42592e-5	5.16672e-5	5.16672e-5
KrAge3 = -1e20	0	0	2	4	6	8	10	12	14	16	18	20	22	24	26	28	30	32	1e20

# shoot borne root
Kx4 =	1.e-6	1.e-3	0.0067392	0.0074736	0.0082944	0.0092448	0.0101952	0.0113184	0.0126144	0.0139968	0.0154656	0.0171936	0.0190944	0.021168	0.0235008	0.0260928	0.028944	0.0321408	0.0356832	0.0356832   
KxAge4 = -154	0	0	2	4	6	8	10	12	14	16	18	20	22	24	26	28	30	32	1e20

Kr4 =	0	0	1.14048e-4	1.08864e-4	1.0368e-4	9.8486e-5	9.3312e-5	8.8992e-5	8.47584e-5	8.06112e-5	7.67232e-5	7.3008e-5	6.9552e-5	6.61824e-5	6.29856e-5	5.99616e-5	5.7024e-5	5.42592e-5	5.16672e-5	5.16672e-5
KrAge4 = -1e20	0	0	2	4	6	8	10	12	14	16	18	20	22	24	26	28	30	32	1e20

[RootSystem.Collar]
CSVFile = input/soybean_transpiration_2007.csv # kg/day 
Sinusoidal = True
CritCollarP = -1.5e4

#[Soil.IC]
#P = -5000

[Vtk]
AddProcessRank = "false"
AddVelocity = "true"

