1.336533571558318184e-19
2.673792443887153212e-19
2.673792443887153212e-19
2.673792443887153212e-19
3.120264665807689505e-19
3.120264665807689505e-19
4.908051721734707746e-19
4.908051721734707746e-19
4.908051721734707746e-19
6.698656716386356952e-19
8.490193303527845990e-19
8.490193303527845990e-19
9.386887470498982251e-19
1.073261887178988773e-18
1.252784385731293505e-18
1.522205041972176986e-18
1.612057378274225432e-18
1.791852584412348662e-18
1.836823927828928809e-18
1.971805310884595813e-18
2.151869930447351265e-18
2.286985207183668528e-18
2.286985207183668528e-18
2.737812202824007408e-18
2.918231018548014503e-18
2.963357639134934927e-18
3.234248339471221857e-18
3.324588725188149498e-18
3.460164273718483248e-18
3.460164273718483248e-18
3.460164273718483248e-18
3.460164273718483248e-18
3.505441898503866480e-18
3.777235048186279633e-18
3.867875065457700291e-18
4.627851848688642326e-18
5.340677131189094719e-18
7.000202904404102945e-18
7.000202904404102945e-18
7.598019935621804353e-18
8.551873149002063850e-18
8.551873149002063850e-18
9.428740478954099332e-18
9.794470482624122447e-18
9.885950040927586884e-18
1.032028971332520833e-17
1.046541469162144563e-17
1.052301293203473805e-17
1.141079757552916213e-17
1.141079757552916213e-17
1.299889023685905795e-17
1.332123333067527711e-17
1.352819171412107834e-17
1.369195141725691025e-17
1.461107627979974344e-17
1.541039303769205255e-17
1.583861524991505926e-17
1.664188482822788639e-17
1.664188482822788639e-17
1.664188482822788639e-17
1.805567693196722943e-17
1.834028000224467434e-17
1.889621595995924577e-17
1.890007466560784801e-17
1.890007466560784801e-17
1.954080803281976833e-17
1.954080803281976833e-17
1.954080803281976833e-17
1.960019445389948513e-17
1.978597701366392731e-17
2.164493198857136615e-17
2.198562746291142951e-17
2.200990907406605382e-17
2.364336505546001413e-17
2.400043650011365962e-17
2.455383135898646814e-17
2.478262436951704501e-17
2.529818509007916351e-17
2.529818509007916351e-17
2.529818509007916351e-17
2.542307539241321492e-17
2.542307539241321492e-17
2.605063269155673570e-17
2.640375131578986316e-17
2.704740224093121565e-17
2.726283095384955834e-17
2.734809893720649227e-17
2.748089488038158279e-17
2.843164230628857395e-17
2.843164230628857395e-17
2.905214099753830684e-17
2.945692863155394662e-17
2.965955773549155596e-17
3.126835564664322579e-17
3.186381980856299893e-17
3.186381980856299893e-17
3.222540876226866940e-17
3.261203224530429961e-17
3.396304979617490865e-17
3.457564284658359935e-17
3.475436679845425672e-17
3.478871869020401377e-17
3.478871869020401377e-17
3.586454464798889098e-17
3.589014386595035154e-17
3.629624910677283066e-17
3.653445359449512061e-17
3.664117974584916245e-17
3.943845899677053143e-17
3.943845899677053143e-17
4.093431918162162583e-17
4.093431918162162583e-17
4.093431918162162583e-17
4.093431918162162583e-17
4.111539600279021455e-17
4.231630049245298088e-17
4.231630049245298088e-17
4.418231407525420453e-17
4.418231407525420453e-17
4.528308044759712571e-17
4.591609640351184155e-17
4.660793409187477338e-17
4.674910624975048805e-17
4.674910624975048805e-17
4.674910624975048805e-17
4.714024724183814325e-17
4.728650159739738372e-17
4.728650159739738372e-17
4.728650159739738372e-17
4.746136684361943886e-17
4.877756192888070581e-17
5.007314587909211606e-17
5.007314587909211606e-17
5.007314587909211606e-17
5.007314587909211606e-17
5.099481184047671061e-17
5.171864855129146814e-17
5.241067446919823151e-17
5.260393915333008565e-17
5.260393915333008565e-17
5.408229399060459323e-17
5.408229399060459323e-17
5.486796410656891468e-17
5.609211494489521022e-17
5.621277008249298397e-17
5.645549207926730507e-17
5.708356700965636877e-17
5.725956163314143169e-17
5.738242846787926929e-17
5.738242846787926929e-17
5.738242846787926929e-17
5.761964475049643744e-17
5.787431932330423451e-17
5.787431932330423451e-17
5.843896089742114146e-17
6.046779303563902233e-17
6.098255378063984133e-17
6.098255378063984133e-17
6.129576774158010091e-17
6.129576774158010091e-17
6.161556973655456334e-17
6.161556973655456334e-17
6.161556973655456334e-17
6.354294615064575971e-17
6.354294615064575971e-17
6.380340878192645706e-17
6.384241935488611893e-17
6.442898967085972191e-17
6.626018078805160347e-17
6.656351269794055877e-17
6.867728341781366526e-17
7.000143120130193229e-17
7.000143120130193229e-17
7.000143120130193229e-17
7.013756821888007905e-17
7.018806079401362569e-17
7.026048211100386837e-17
7.069877460382200475e-17
7.069877460382200475e-17
7.076691369869001187e-17
7.124445205139760572e-17
7.444331903408943500e-17
7.900981482489524795e-17
7.901362647315789230e-17
7.923427855591763754e-17
7.985835360850022534e-17
8.010964004951900522e-17
8.010964004951900522e-17
8.355979347322960205e-17
8.750475531029459010e-17
8.884749076123648769e-17
8.884749076123648769e-17
9.151338579056151818e-17
9.224056357577933502e-17
9.447155424407524634e-17
9.619536040650966330e-17
9.619536040650966330e-17
9.700375923989197720e-17
1.014382120056980351e-16
1.014382120056980351e-16
1.030215518710461180e-16
1.030215518710461180e-16
1.038228450391486861e-16
1.039833577826533760e-16
1.051806859109832936e-16
1.055087700058864552e-16
1.059270631096721997e-16
1.065562203599383133e-16
1.065765962080583806e-16
1.081401249139179032e-16
1.081401249139179032e-16
1.081401249139179032e-16
1.111426214250046147e-16
1.116694288608108254e-16
1.120891336861753312e-16
1.120891336861753312e-16
1.123171737785305696e-16
1.123914773909591524e-16
1.144555555112600148e-16
1.157828561396075035e-16
1.157828561396075035e-16
1.177223733592760197e-16
1.177223733592760197e-16
1.187189546791066681e-16
1.199654577757632991e-16
1.209250519902304933e-16
1.223459968166355462e-16
1.223459968166355462e-16
1.236206872874813401e-16
1.243928519336755630e-16
1.245527999885487582e-16
1.270602998567372469e-16
1.278768396178903924e-16
1.282477459340158479e-16
1.294673322059041729e-16
1.294673322059041729e-16
1.294673322059041729e-16
1.294673322059041729e-16
1.294673322059041729e-16
1.294673322059041729e-16
1.294673322059041729e-16
1.300731960501207932e-16
1.300731960501207932e-16
1.305415111551804932e-16
1.305681926930190036e-16
1.308166556908802733e-16
1.308166556908802733e-16
1.319709733684440531e-16
1.324702051760785351e-16
1.328092065845240867e-16
1.328092065845240867e-16
1.362492897276395601e-16
1.370688882188800237e-16
1.370688882188800237e-16
1.373161277247063513e-16
1.408515961891598369e-16
1.428862634432365944e-16
1.438531044951414142e-16
1.438531044951414142e-16
1.455439704874048292e-16
1.469317869140950363e-16
1.469317869140950363e-16
1.471330042964538967e-16
1.471330042964538967e-16
1.471330042964538967e-16
1.483508494450617490e-16
1.495040377453625149e-16
1.519388339522450012e-16
1.519388339522450012e-16
1.519388339522450012e-16
1.521660740690389493e-16
1.566587838786617223e-16
1.571572627681208781e-16
1.571572627681208781e-16
1.582874870640738744e-16
1.582874870640738744e-16
1.585831956774375533e-16
1.591136265319625769e-16
1.595439663265537255e-16
1.608286800206087035e-16
1.609072658551595219e-16
1.612691371531809397e-16
1.617554752370627756e-16
1.617554752370627756e-16
1.625390512993519495e-16
1.628502653213889588e-16
1.628502653213889588e-16
1.630151779304807697e-16
1.631567736048301054e-16
1.631567736048301054e-16
1.633982956382624664e-16
1.636301944362663132e-16
1.636301944362663132e-16
1.641732366702282478e-16
1.651057023016903470e-16
1.651057023016903470e-16
1.651057023016903470e-16
1.651057023016903470e-16
1.659991338314998023e-16
1.689402675112965287e-16
1.701462306699498388e-16
1.711659406949791309e-16
1.731236220656276506e-16
1.736609703558885760e-16
1.736609703558885760e-16
1.736609703558885760e-16
1.736609703558885760e-16
1.750200347197581009e-16
1.754200930864849083e-16
1.754200930864849083e-16
1.754200930864849083e-16
1.766897484170331405e-16
1.793275737156338812e-16
1.825271700878080547e-16
1.840758521883976574e-16
1.840758521883976574e-16
1.842694933316171931e-16
1.844090420096773391e-16
1.852497927959061783e-16
1.863114780092104977e-16
1.875179587991093630e-16
1.886052667590681250e-16
1.896261061613604064e-16
1.930866592673678505e-16
1.980292847441405245e-16
1.980292847441405245e-16
1.990347128525313790e-16
1.990347128525313790e-16
1.990347128525313790e-16
1.991245924597122629e-16
1.992888227367076691e-16
2.000356234518702024e-16
2.000740693361983449e-16
2.022119804950681990e-16
2.022119804950681990e-16
2.026210503512060620e-16
2.030174147131351105e-16
2.032279494579137682e-16
2.065345307970647611e-16
2.073540822309192607e-16
2.075098892358280879e-16
2.080014036321653777e-16
2.081747159846508103e-16
2.089456100814241517e-16
2.089456100814241517e-16
2.089456100814241517e-16
2.092430127606823392e-16
2.097698201964885499e-16
2.099381444660623601e-16
2.099381444660623601e-16
2.099381444660623601e-16
2.099381444660623601e-16
2.132748660609198268e-16
2.132748660609198268e-16
2.142362249273604756e-16
2.172848376766865701e-16
2.179135478817860745e-16
2.183762631579167181e-16
2.183762631579167181e-16
2.198100546506884529e-16
2.203334033686267251e-16
2.203334033686267251e-16
2.231149183952519552e-16
2.231149183952519552e-16
2.276419330392385275e-16
2.276419330392385275e-16
2.285776691590247584e-16
2.316782097337561674e-16
2.365353789976280605e-16
2.365353789976280605e-16
2.367141264781916753e-16
2.371964411555740779e-16
2.371964411555740779e-16
2.371964411555740779e-16
2.371964411555740779e-16
2.371964411555740779e-16
2.382160805945243993e-16
2.396659657132939905e-16
2.396659657132939905e-16
2.396659657132939905e-16
2.409839489792216819e-16
2.460968516070854523e-16
2.470849155400575936e-16
2.472196408360569914e-16
2.472196408360569914e-16
2.492708017039122011e-16
2.550823771054494052e-16
2.550823771054494052e-16
2.562711525538813303e-16
2.565953426500964351e-16
2.565953426500964351e-16
2.579331488398591531e-16
2.588036869513997603e-16
2.588036869513997603e-16
2.588036869513997603e-16
2.604145553875335833e-16
2.630944735178742615e-16
2.630944735178742615e-16
2.664163485074617712e-16
2.677274143376535360e-16
2.677274143376535360e-16
2.692858608458295205e-16
2.735604126141483472e-16
2.741449124051397784e-16
2.741449124051397784e-16
2.754659073437688239e-16
2.776590168163680996e-16
2.787101847039106863e-16
2.806086678830233084e-16
2.806086678830233084e-16
2.894209163219413141e-16
2.894209163219413141e-16
2.894209163219413141e-16
2.894209163219413141e-16
2.897728114541395118e-16
2.898250686812465008e-16
2.900543557943296386e-16
2.900543557943296386e-16
2.904090037836064128e-16
2.904090037836064128e-16
2.919561565191523564e-16
2.938796977562879511e-16
2.938796977562879511e-16
2.938796977562879511e-16
2.955770811965066475e-16
2.961843802909950235e-16
3.003871224883410908e-16
3.015639571250860557e-16
3.021234223867475211e-16
3.070929411595955438e-16
3.098990436703841553e-16
3.100503919879734188e-16
3.103350068225973424e-16
3.103350068225973424e-16
3.103350068225973424e-16
3.103350068225973424e-16
3.103350068225973424e-16
3.103350068225973424e-16
3.109155067357822731e-16
3.147328842351670699e-16
3.154975314639544108e-16
3.186839635324066819e-16
3.237747962462558764e-16
3.285721320438814559e-16
3.286567294594884792e-16
3.346364997227881046e-16
3.347316615215428492e-16
3.353450074901268908e-16
3.389664380343802091e-16
3.389664380343802091e-16
3.398982801554783463e-16
3.398982801554783463e-16
3.400439345293666006e-16
3.402549869053908135e-16
3.419899221396044342e-16
3.460617153961742627e-16
3.483061056551218597e-16
3.483061056551218597e-16
3.483061056551218597e-16
3.491701616117466954e-16
3.494977868971367814e-16
3.494977868971367814e-16
3.525762340291606079e-16
3.527119357659186242e-16
3.530903477351044829e-16
3.554660751582624604e-16
3.554660751582624604e-16
3.568036813541348928e-16
3.624513676447248684e-16
3.653633257452272608e-16
3.703348444569784845e-16
3.707662195140606943e-16
3.710205176277808407e-16
3.710205176277808407e-16
3.723160545206062930e-16
3.723160545206062930e-16
3.723160545206062930e-16
3.723160545206062930e-16
3.723654177184768134e-16
3.723654177184768134e-16
3.726437150990358151e-16
3.740790830142371484e-16
3.746523360899844536e-16
3.753123865141323671e-16
3.753123865141323671e-16
3.759914010648215743e-16
3.768732094202992650e-16
3.768732094202992650e-16
3.775174485627650818e-16
3.775174485627650818e-16
3.792347843346302184e-16
3.792347843346302184e-16
3.826691735340447072e-16
3.892382199130105480e-16
3.927188665228223243e-16
3.932770612350629083e-16
3.944007445543676658e-16
3.965765369089341924e-16
3.965765369089341924e-16
4.003611859963848131e-16
4.026408928234943130e-16
4.085908992901751031e-16
4.085908992901751031e-16
4.088635850774585451e-16
4.110979521131969826e-16
4.110979521131969826e-16
4.111882081794655297e-16
4.175190030133230918e-16
4.175190030133230918e-16
4.228600633770070107e-16
4.228600633770070107e-16
4.286147111058807991e-16
4.428933925490228389e-16
4.428933925490228389e-16
4.516879003534344683e-16
4.557513762170360754e-16
4.632046308781634776e-16
4.639073623513758052e-16
4.639073623513758052e-16
4.710705082280686096e-16
4.788229066917346228e-16
4.796324113736870056e-16
4.823340464876475539e-16
4.900345641832942411e-16
4.900345641832942411e-16
4.984228491034184628e-16
5.046494941778032314e-16
5.071515000961810705e-16
5.071515000961810705e-16
5.099886134243163921e-16
5.099886134243163921e-16
5.099886134243163921e-16
5.143729147810371427e-16
5.152748401690120737e-16
5.213569131893856625e-16
5.213569131893856625e-16
5.221030315724518157e-16
5.221030315724518157e-16
5.357964367777341406e-16
5.375625004727593568e-16
5.380079456882431906e-16
5.401765382627580557e-16
5.547358111340245118e-16
5.577042380976772074e-16
5.695244417044531258e-16
5.732634333631774637e-16
5.820094720600517418e-16
5.820094720600517418e-16
5.838096994172829143e-16
5.859447871329952212e-16
5.859447871329952212e-16
5.878877865992246581e-16
5.914249961869586163e-16
5.958339203208821350e-16
6.043993998278334043e-16
6.062399083074450709e-16
6.062399083074450709e-16
6.062399083074450709e-16
6.062399083074450709e-16
6.062399083074450709e-16
6.062399083074450709e-16
6.062399083074450709e-16
6.062399083074450709e-16
6.162713195017777498e-16
6.212170507660236814e-16
6.219483696012058416e-16
6.219483696012058416e-16
6.348820450745334525e-16
6.348820450745334525e-16
6.349309612272373884e-16
6.349309612272373884e-16
6.361537826944103351e-16
6.369509465768950385e-16
6.446077126679467651e-16
6.506863622634918021e-16
6.506863622634918021e-16
6.506863622634918021e-16
6.537108816312071376e-16
6.537108816312071376e-16
6.641290457163868541e-16
6.828205805851799917e-16
6.864786217757090519e-16
6.864786217757090519e-16
6.948653773307896638e-16
6.959244626235198022e-16
7.027475777114492084e-16
7.194943425798661412e-16
7.208420955245859072e-16
7.226007359169761696e-16
7.241338302584670171e-16
7.245859399762372886e-16
7.391629887750496063e-16
7.588256116248302646e-16
7.588256116248302646e-16
7.621491336229263682e-16
7.621491336229263682e-16
7.621491336229263682e-16
7.659003954950394147e-16
7.659003954950394147e-16
7.767911863182672634e-16
7.767911863182672634e-16
7.910003287093090505e-16
7.940605705151401981e-16
8.024422203438442283e-16
8.078825541453809892e-16
8.120429858705770662e-16
8.260301821007451706e-16
8.463372970264412333e-16
8.513267681309356468e-16
8.542504082275022712e-16
8.628294637903025667e-16
8.660687530675327822e-16
8.667383326123373066e-16
8.667383326123373066e-16
8.667383326123373066e-16
8.807864681573218058e-16
8.807864681573218058e-16
8.919651854787104345e-16
9.092473398736978658e-16
9.272612366203409859e-16
9.285214804736974433e-16
9.321701219513812568e-16
9.344648283202649859e-16
9.344648283202649859e-16
9.344648283202649859e-16
9.376574366706243853e-16
9.755227740282070005e-16
9.755227740282070005e-16
9.825045372107224006e-16
9.825045372107224006e-16
9.860234650040115192e-16
9.885830338697631160e-16
1.014072066962004506e-15
1.016159556131819772e-15
1.018997351792051449e-15
1.024923241348428449e-15
1.026901886784521537e-15
1.029171299808452621e-15
1.029171299808452621e-15
1.039400399081197350e-15
1.041853830012919431e-15
1.043739701812595216e-15
1.049423234066939079e-15
1.049423234066939079e-15
1.051353575096345715e-15
1.051353575096345715e-15
1.051353575096345715e-15
1.051353575096345715e-15
1.055886171922741551e-15
1.080907389894648930e-15
1.091471525991072072e-15
1.109999407035847654e-15
1.127760329157750712e-15
1.132157194836522336e-15
1.133542876034324591e-15
1.134643889457943817e-15
1.144037208380851413e-15
1.144037208380851413e-15
1.144037208380851413e-15
1.147448692397650600e-15
1.148984916055307638e-15
1.153127971840738523e-15
1.153127971840738523e-15
1.153343912302729166e-15
1.155371015082013028e-15
1.159114065440276359e-15
1.162581412456381506e-15
1.166377667071644247e-15
1.176658188302895140e-15
1.207209402043110160e-15
1.238580602497999836e-15
1.242868142104843162e-15
1.246903083546034140e-15
1.249041253520526723e-15
1.261258556760887199e-15
1.272408316143391571e-15
1.297850762423533975e-15
1.306764948924784809e-15
1.326925656558417242e-15
1.326925656558417242e-15
1.361714729070249848e-15
1.374585565286803129e-15
1.374585565286803129e-15
1.374585565286803129e-15
1.378226395238417798e-15
1.408116493881127548e-15
1.421883132143307836e-15
1.425088775389577650e-15
1.450634771447521892e-15
1.460616678271826109e-15
1.460616678271826109e-15
1.466222907005386637e-15
1.466222907005386637e-15
1.466407371958344218e-15
1.478571894458178911e-15
1.482371848960412601e-15
1.482371848960412601e-15
1.482793200794285701e-15
1.501692341085581591e-15
1.506960415443643798e-15
1.508620552962876312e-15
1.508966777680066507e-15
1.553358997998796005e-15
1.563661506793635975e-15
1.581192312416028458e-15
1.583303306750130031e-15
1.589092682829841344e-15
1.596129503153928274e-15
1.596736708133644623e-15
1.607268268754638009e-15
1.607268268754638009e-15
1.623024046249980234e-15
1.623024046249980234e-15
1.623541736317256933e-15
1.647809547893447858e-15
1.650159511397793550e-15
1.683799154318028782e-15
1.683799154318028782e-15
1.694166049381206656e-15
1.694966624924173334e-15
1.694966624924173334e-15
1.721126366938482189e-15
1.721126366938482189e-15
1.764115606587896303e-15
1.764115606587896303e-15
1.793107832659996826e-15
1.798467504219827481e-15
1.824491144509597501e-15
1.833726338851337849e-15
1.838411678070381857e-15
1.849206130660206205e-15
1.853247113093319658e-15
1.859173308522705301e-15
1.859173308522705301e-15
1.873450719416426311e-15
1.874109099303372871e-15
1.874109099303372871e-15
1.911025724466991332e-15
1.916006666420280908e-15
1.917329761294758174e-15
1.929096113605477762e-15
1.932617129570268771e-15
1.934278637635867284e-15
1.968858210665412196e-15
1.977552827403780112e-15
1.978631241517792581e-15
1.996024657219705877e-15
2.010625705285357100e-15
2.011069615253624134e-15
2.011069615253624134e-15
2.035386154752975336e-15
2.039077271403660137e-15
2.039077271403660137e-15
2.058976722312623822e-15
2.092615765251187951e-15
2.104314949025625009e-15
2.117973578822683993e-15
2.138931356224029300e-15
2.150974247145507551e-15
2.154190413599712264e-15
2.190220001155838131e-15
2.190220001155838131e-15
2.190220001155838131e-15
2.192539036193262661e-15
2.192539036193262661e-15
2.234075320229473584e-15
2.241184003064092674e-15
2.243919378323785453e-15
2.243919378323785453e-15
2.248464668880043724e-15
2.250748804983606640e-15
2.250748804983606640e-15
2.250748804983606640e-15
2.250748804983606640e-15
2.268038017986487791e-15
2.275243556685755937e-15
2.275243556685755937e-15
2.278490592785149517e-15
2.293841917930351101e-15
2.303772479264401315e-15
2.303772479264401315e-15
2.312358652256827921e-15
2.315436281766770641e-15
2.319331621590342269e-15
2.349109476603194248e-15
2.368748353119585540e-15
2.407298598965448509e-15
2.407298598965448509e-15
2.417736415391439064e-15
2.417736415391439064e-15
2.424140602100872150e-15
2.435630468740392278e-15
2.483139787951537271e-15
2.483139787951537271e-15
2.488746769603273027e-15
2.492217328285969912e-15
2.500103716773979616e-15
2.577447830434986679e-15
2.586933105372230570e-15
2.586933105372230570e-15
2.586933105372230570e-15
2.586933105372230570e-15
2.586933105372230570e-15
2.590990910820824125e-15
2.600204882281497201e-15
2.612046179361528929e-15
2.612046179361528929e-15
2.613454018705944646e-15
2.613454018705944646e-15
2.627286766713223591e-15
2.628052596258833174e-15
2.698560295238204201e-15
2.754212306872155682e-15
2.791385147737971992e-15
2.793008727550487721e-15
2.815936732998012579e-15
2.815936732998012579e-15
2.815936732998012579e-15
2.815936732998012579e-15
2.825690764430812629e-15
2.848747565943706056e-15
2.848747565943706056e-15
2.848747565943706056e-15
2.865269043576846302e-15
2.865269043576846302e-15
2.865269043576846302e-15
2.885944100203352332e-15
2.895214546409348851e-15
2.895214546409348851e-15
2.906560035106574748e-15
2.955774608105740123e-15
2.978797792998539394e-15
3.017504298776651311e-15
3.021406261927296652e-15
3.040693766824908442e-15
3.071537024584555431e-15
3.071537024584555431e-15
3.071537024584555431e-15
3.077092790153848745e-15
3.079348503596292728e-15
3.084087505881849505e-15
3.098081260735185443e-15
3.108875783911088466e-15
3.110312081209662454e-15
3.142277775267886375e-15
3.155003827672191663e-15
3.155003827672191663e-15
3.164839927186103156e-15
3.190087920583118206e-15
3.206527247784721362e-15
3.255010901936485345e-15
3.308340743334673113e-15
3.320876189797153028e-15
3.325082402476713562e-15
3.325082402476713562e-15
3.368873558804594108e-15
3.370533384568644690e-15
3.374711562810520186e-15
3.384019113765344996e-15
3.388073866366024620e-15
3.388073866366024620e-15
3.424927175816835822e-15
3.460555234462923814e-15
3.460555234462923814e-15
3.465557316946855015e-15
3.465557316946855015e-15
3.470882542500163732e-15
3.470882542500163732e-15
3.473954795703760860e-15
3.473954795703760860e-15
3.473954795703760860e-15
3.473954795703760860e-15
3.515466933418801747e-15
3.516046768646409942e-15
3.537502236725999642e-15
3.546049987362791162e-15
3.546049987362791162e-15
3.558453508443736220e-15
3.558453508443736220e-15
3.577486797578053708e-15
3.654204095093746010e-15
3.695955513734212949e-15
3.698630279080791525e-15
3.699130363803546254e-15
3.710866305278590334e-15
3.749704236453511122e-15
3.749704236453511122e-15
3.827950099037295640e-15
3.863290795873854715e-15
3.882550725143294826e-15
3.888010887750839705e-15
3.888189711699655875e-15
3.888189711699655875e-15
3.888189711699655875e-15
3.914553135726913142e-15
3.925849490631024606e-15
3.961465714344544191e-15
3.983301823736979582e-15
3.994279270736449801e-15
3.994364356372436232e-15
3.994364356372436232e-15
4.030744892030868368e-15
4.030744892030868368e-15
4.030744892030868368e-15
4.030744892030868368e-15
4.031116980663815869e-15
4.031116980663815869e-15
4.154715887155005235e-15
4.178978463597007919e-15
4.217255335441318246e-15
4.307717660114689471e-15
4.352338867555666605e-15
4.357936402437171397e-15
4.362353749843181248e-15
4.362353749843181248e-15
4.424117221835037489e-15
4.439815254035635389e-15
4.500492259218306957e-15
4.500492259218306957e-15
4.500492259218306957e-15
4.500492259218306957e-15
4.542215872825845537e-15
4.546407321250561612e-15
4.548096869636018453e-15
4.591333778189905515e-15
4.592185199238400803e-15
4.634341981965861021e-15
4.634415715007484771e-15
4.634415715007484771e-15
4.642871121406505312e-15
4.660634561098557571e-15
4.662759360893264455e-15
4.687257277204619378e-15
4.687257277204619378e-15
4.692613790037417695e-15
4.706293813298567744e-15
4.752575775886967967e-15
4.752575775886967967e-15
4.783655497011056650e-15
4.801138486447141694e-15
4.828215576907673336e-15
4.832121075244438727e-15
4.832121075244438727e-15
4.913492830569639988e-15
4.914870294371419139e-15
4.914870294371419139e-15
4.925789078457119104e-15
4.941469170029319947e-15
5.006677695600683616e-15
5.023456688896309035e-15
5.095920992808624870e-15
5.130899850699115196e-15
5.131861377207493413e-15
5.131861377207493413e-15
5.139994669917454457e-15
5.173815713178386960e-15
5.238297066846705705e-15
5.333465659511526539e-15
5.339164744231930018e-15
5.398057983319195729e-15
5.428192874483661972e-15
5.532893387719557782e-15
5.532893387719557782e-15
5.532893387719557782e-15
5.574962852526285685e-15
5.576841277494633658e-15
5.612367233377537774e-15
5.637034297462721223e-15
5.696316995240526831e-15
5.722446870520185433e-15
5.722446870520185433e-15
5.732177387965439046e-15
5.773192823207340932e-15
5.789835976535136890e-15
5.789835976535136890e-15
5.830531992123324971e-15
5.932719764474671427e-15
5.941236195480020456e-15
5.951054251427503328e-15
5.982103102906403538e-15
5.982166974484582433e-15
6.053183646150481465e-15
6.072990961638824537e-15
6.112881216548330256e-15
6.113306365325032582e-15
6.113306365325032582e-15
6.113306365325032582e-15
6.113306365325032582e-15
6.113306365325032582e-15
6.113306365325032582e-15
6.157829066951765224e-15
6.157829066951765224e-15
6.157829066951765224e-15
6.166420157441024063e-15
6.206894715088717770e-15
6.208852896444092102e-15
6.236945367650144836e-15
6.271686809264127413e-15
6.275998230494344956e-15
6.279113820609322956e-15
6.279113820609322956e-15
6.309745643651684879e-15
6.316717039503856544e-15
6.339988702099950233e-15
6.364168475189185914e-15
6.377115462020566830e-15
6.384285531215168702e-15
6.472658431483727488e-15
6.517803264104785390e-15
6.549539497525815489e-15
6.583000213559202986e-15
6.678317189926297250e-15
6.696053801026179176e-15
6.759089516504811377e-15
6.862628079943358604e-15
6.902705861476996558e-15
6.943890397435340661e-15
7.051163461493339871e-15
7.088126632293844298e-15
7.153986437969047588e-15
7.172964981716975084e-15
7.172964981716975084e-15
7.224922220929570282e-15
7.275939530032855012e-15
7.290901320019263948e-15
7.291311945710225072e-15
7.295885714808247927e-15
7.344173066133399674e-15
7.347555409863943445e-15
7.369002195855824183e-15
7.461347101252940847e-15
7.471155116330694546e-15
7.475946452311611114e-15
7.490019216515971670e-15
7.517372863233782630e-15
7.517372863233782630e-15
7.532128624220119323e-15
7.539591363885603474e-15
7.610168816616398656e-15
7.700559264073805485e-15
7.726154552743541770e-15
7.800431492457547994e-15
7.811176623024715039e-15
7.882950883311507791e-15
7.889515712172256733e-15
7.899931996903084532e-15
7.906341959906644864e-15
7.956188548892273509e-15
8.026626226481337918e-15
8.076599391011935430e-15
8.103880416418865122e-15
8.104919619966027741e-15
8.131109040485442795e-15
8.162556668017302699e-15
8.212279128442031621e-15
8.285265289941367804e-15
8.353532810297834598e-15
8.402724681049361058e-15
8.413604386917109578e-15
8.500809840497421969e-15
8.550052289115594379e-15
8.576577978773982942e-15
8.632411384866457615e-15
8.656938973800746041e-15
8.670825937798822945e-15
8.674317351726759521e-15
8.740158728553187136e-15
8.794755916528923759e-15
8.874420479890020425e-15
8.941034906629715597e-15
8.990760987532077057e-15
9.119600228052306446e-15
9.132233959747534304e-15
9.160210269796348215e-15
9.219252760206441318e-15
9.245916907399753464e-15
9.256702074979110510e-15
9.374916572430887818e-15
9.475729498547549244e-15
9.507362682175503491e-15
