1.782044762077757578e-19
3.119303634406592847e-19
3.119303634406592847e-19
3.119303634406592847e-19
8.030498075532490627e-19
8.923918046686166971e-19
9.817811574649675610e-19
1.071217670116583152e-18
1.115959409064368653e-18
1.115959409064368653e-18
1.295113067778517557e-18
1.295113067778517557e-18
1.295113067778517557e-18
1.519401634660335329e-18
1.564282259298411560e-18
1.788799472832481224e-18
1.968504145436578117e-18
2.058401748505639828e-18
2.283258465588541334e-18
2.553221231699875728e-18
2.688269696371942510e-18
2.868423398687032450e-18
2.913484005644570613e-18
3.093814803900706088e-18
3.319338323555714956e-18
3.319338323555714956e-18
3.409635223667810728e-18
3.454805416526274548e-18
3.590380965056608684e-18
3.635594385579446328e-18
3.726064198388318329e-18
3.726064198388318329e-18
3.952452322315234484e-18
4.224245471997647638e-18
4.405525506540488953e-18
5.567466480629555157e-18
6.327349149088579877e-18
8.144140706177136789e-18
8.144140706177136789e-18
8.373968979198804128e-18
9.642824334185746036e-18
9.657694468148654179e-18
1.048750441214211656e-17
1.118094205162763659e-17
1.129679733585764111e-17
1.166328025770300121e-17
1.185602731058931242e-17
1.188755575918155617e-17
1.204265690330101045e-17
1.204265690330101045e-17
1.334511123186237242e-17
1.379846208818725773e-17
1.386217778877516489e-17
1.437011521281199315e-17
1.450253469689941441e-17
1.522919485087168832e-17
1.530194556956364238e-17
1.613109671015368663e-17
1.613109671015368663e-17
1.613109671015368663e-17
1.829394828358158466e-17
1.861685606602930772e-17
1.899717385934648857e-17
1.909081805740404665e-17
1.935415118922821828e-17
2.031308660029200204e-17
2.031308660029200204e-17
2.031308660029200204e-17
2.031308660029200204e-17
2.066460527340253668e-17
2.232911912952915262e-17
2.302302734287425923e-17
2.305003828241448107e-17
2.420623825541660103e-17
2.464857768342718044e-17
2.481826661719379091e-17
2.484960683624220002e-17
2.507491760021184391e-17
2.507491760021184391e-17
2.507491760021184391e-17
2.541231905753480585e-17
2.541231905753480585e-17
2.579903665534235185e-17
2.605182893271180261e-17
2.673491394728643795e-17
2.697396546795598527e-17
2.697396546795598527e-17
2.703570475833363342e-17
2.803463894746220701e-17
2.803463894746220701e-17
2.848347229473507042e-17
2.890651819450263555e-17
2.929370636616976658e-17
3.080340142249268327e-17
3.147274568036741209e-17
3.164111700732718630e-17
3.223084016816001089e-17
3.312144825481194981e-17
3.480374980283090606e-17
3.526011233185714239e-17
3.538443794555969299e-17
3.538443794555969299e-17
3.538443794555969299e-17
3.632511509087155140e-17
3.632511509087155140e-17
3.653649686859745723e-17
3.672500875674749694e-17
3.696377793310129386e-17
4.082107186012546183e-17
4.082107186012546183e-17
4.267070947261310028e-17
4.267070947261310028e-17
4.267070947261310028e-17
4.267070947261310028e-17
4.280105843171834676e-17
4.339586379023469715e-17
4.339586379023469715e-17
4.634909121822277317e-17
4.634909121822277317e-17
4.805736844329086540e-17
4.866977326415572455e-17
4.911070097058754576e-17
4.911070097058754576e-17
4.911070097058754576e-17
4.911070097058754576e-17
4.933704699704827550e-17
4.933704699704827550e-17
4.933704699704827550e-17
4.933704699704827550e-17
4.941902096338811108e-17
5.091695167322138335e-17
5.227738070128370547e-17
5.237855408109463647e-17
5.237855408109463647e-17
5.237855408109463647e-17
5.365409158488769700e-17
5.424212067982601299e-17
5.449373652254649808e-17
5.449373652254649808e-17
5.450187745031732971e-17
5.577440328140904230e-17
5.577440328140904230e-17
5.605124188300331869e-17
5.673413866803411631e-17
5.683470030182758245e-17
5.758611264081406263e-17
5.850476692949731540e-17
5.871407818224104335e-17
5.879656977982642186e-17
5.879656977982642186e-17
5.879656977982642186e-17
5.898564635660796239e-17
5.923302703459218214e-17
5.923302703459218214e-17
5.945885542980736895e-17
6.123917751277802844e-17
6.142256014585858446e-17
6.142256014585858446e-17
6.207204618685880127e-17
6.207204618685880127e-17
6.299305334483997307e-17
6.299305334483997307e-17
6.299305334483997307e-17
6.537556879592248837e-17
6.537556879592248837e-17
6.596882126070220998e-17
6.651600454462848800e-17
6.773041450406135909e-17
6.920589884079238623e-17
6.964442662054031820e-17
7.184515938966487031e-17
7.236999041526082514e-17
7.236999041526082514e-17
7.236999041526082514e-17
7.244608220835583235e-17
7.275115524152526030e-17
7.281520034381487575e-17
7.298950090140543007e-17
7.317824807648525922e-17
7.330516184641552444e-17
7.358152987415022195e-17
7.617646236544973509e-17
7.963645078282567215e-17
8.036809901970955610e-17
8.036809901970955610e-17
8.129564715433897902e-17
8.190141688378368359e-17
8.190141688378368359e-17
8.529401912446695204e-17
8.973675399020170905e-17
9.144150191132290425e-17
9.144150191132290425e-17
9.359649490129572414e-17
9.425289837803184285e-17
9.462427526801688950e-17
9.513978893119304703e-17
9.513978893119304703e-17
9.634714028273213639e-17
1.002571855394158666e-16
1.002571855394158666e-16
1.021034350201144940e-16
1.021034350201144940e-16
1.034464057579861872e-16
1.037056448972319671e-16
1.052886083034923746e-16
1.054639441235740148e-16
1.058560262633808401e-16
1.066477197247478636e-16
1.066477197247478636e-16
1.085846958455746169e-16
1.088964980849361152e-16
1.089115564484428611e-16
1.125358692575861447e-16
1.135349446188725920e-16
1.136105658381080203e-16
1.136105658381080203e-16
1.145559487220157476e-16
1.145559487220157476e-16
1.162296858257902451e-16
1.174276727575235854e-16
1.174276727575235854e-16
1.194867627949128255e-16
1.196108060642996164e-16
1.209099663758438816e-16
1.216245798390107514e-16
1.228928234479802346e-16
1.238684171736733571e-16
1.238684171736733571e-16
1.245740897335081173e-16
1.250180761700272382e-16
1.251679068869193213e-16
1.282497892081181290e-16
1.284798998254555391e-16
1.286368832650133443e-16
1.295856542807100888e-16
1.295856542807100888e-16
1.295856542807100888e-16
1.295856542807100888e-16
1.295856542807100888e-16
1.295856542807100888e-16
1.296716751822423643e-16
1.299354318305401507e-16
1.303200318459795671e-16
1.303582895007638782e-16
1.304243580706497136e-16
1.305987056856262320e-16
1.305987056856262320e-16
1.308603447515558827e-16
1.322619019349459901e-16
1.323046770987823322e-16
1.323046770987823322e-16
1.355050969752107780e-16
1.366780023202281883e-16
1.366780023202281883e-16
1.367985633430540586e-16
1.394985279198131050e-16
1.424407439194868813e-16
1.436919527547393504e-16
1.436919527547393504e-16
1.456174939307781707e-16
1.459411075740152774e-16
1.459411075740152774e-16
1.459411075740152774e-16
1.459411075740152774e-16
1.459411075740152774e-16
1.464949730067476618e-16
1.467820230610949415e-16
1.480526195393623560e-16
1.480526195393623560e-16
1.480526195393623560e-16
1.483115763342923763e-16
1.520185689705648577e-16
1.529528463113863510e-16
1.529528463113863510e-16
1.534765479597193042e-16
1.534765479597193042e-16
1.536264257339973513e-16
1.536920237300235955e-16
1.538089142767446890e-16
1.551562613515105212e-16
1.552835986379144259e-16
1.561802300699690668e-16
1.565241254465543128e-16
1.565241254465543128e-16
1.571734938440896195e-16
1.575074836409305914e-16
1.575074836409305914e-16
1.575074836409305914e-16
1.575074836409305914e-16
1.577178536848583996e-16
1.589452044254298808e-16
1.602730932711018461e-16
1.603785018156490424e-16
1.609521313504840353e-16
1.622649853613422368e-16
1.622649853613422368e-16
1.622649853613422368e-16
1.622649853613422368e-16
1.627966632365951598e-16
1.653491264370670478e-16
1.662204409954759632e-16
1.684847247643375575e-16
1.699353392725894929e-16
1.701320862032822862e-16
1.701320862032822862e-16
1.701320862032822862e-16
1.706086834082706976e-16
1.719040556002453005e-16
1.719040556002453005e-16
1.719040556002453005e-16
1.719040556002453005e-16
1.731648641422333265e-16
1.760329647590223515e-16
1.787981979301059431e-16
1.794716126518660939e-16
1.795386458981640691e-16
1.803925962811542713e-16
1.806238598044476773e-16
1.813760956476884421e-16
1.815541372674626947e-16
1.837198828701270552e-16
1.857875373517607664e-16
1.866939331914018138e-16
1.898801887946567320e-16
1.949556572719904637e-16
1.949723155866197901e-16
1.973913005118202043e-16
1.973913005118202043e-16
1.973913005118202043e-16
1.973913005118202043e-16
1.973913005118202043e-16
1.976495514459608378e-16
1.982595092827558622e-16
2.014524940922028754e-16
2.014524940922028754e-16
2.014524940922028754e-16
2.031654299984808663e-16
2.032832146355351781e-16
2.064808110688061259e-16
2.073157973252550345e-16
2.073157973252550345e-16
2.073565019641092050e-16
2.073565019641092050e-16
2.089946636840990218e-16
2.096873013480232439e-16
2.096873013480232439e-16
2.104083616730664491e-16
2.104083616730664491e-16
2.106684949026454474e-16
2.108619948737070910e-16
2.108619948737070910e-16
2.110118255905991740e-16
2.146523731978981569e-16
2.146523731978981569e-16
2.160113669756887357e-16
2.200354322785500851e-16
2.207695274995038038e-16
2.218915402816070101e-16
2.218915402816070101e-16
2.232107940969556075e-16
2.233103910543369092e-16
2.233103910543369092e-16
2.268412008375804962e-16
2.268412008375804962e-16
2.315730327539517595e-16
2.315730327539517595e-16
2.321132044873702322e-16
2.350958663102754013e-16
2.384080710070484573e-16
2.387704834650084124e-16
2.388884798602995378e-16
2.397489476912450214e-16
2.397489476912450214e-16
2.398646618033171615e-16
2.398646618033171615e-16
2.398646618033171615e-16
2.414937885052029161e-16
2.440814035729858822e-16
2.440814035729858822e-16
2.440814035729858822e-16
2.447341130449242420e-16
2.500494094897958262e-16
2.508183036476659173e-16
2.508997364540672156e-16
2.508997364540672156e-16
2.527139869123139988e-16
2.585333620755738198e-16
2.585671139856526276e-16
2.589961361734369308e-16
2.590877569038982874e-16
2.597797240000726080e-16
2.601605829533283015e-16
2.608223745007566877e-16
2.608223745007566877e-16
2.608223745007566877e-16
2.620631365963263455e-16
2.638157418789674210e-16
2.638157418789674210e-16
2.677135522153019402e-16
2.679942024651588486e-16
2.679942024651588486e-16
2.698612983678370975e-16
2.736099838480688958e-16
2.740418765363966609e-16
2.740418765363966609e-16
2.763022780709166895e-16
2.798650868766121329e-16
2.814796257888507574e-16
2.822591313872544847e-16
2.822591313872544847e-16
2.896752812995535473e-16
2.896752812995535473e-16
2.896752812995535473e-16
2.899348027831150622e-16
2.905955825967453446e-16
2.905955825967453446e-16
2.908649155452792547e-16
2.908649155452792547e-16
2.923755282206283779e-16
2.923755282206283779e-16
2.943074692011575449e-16
2.955052679033470536e-16
2.955052679033470536e-16
2.955052679033470536e-16
2.970377857918598539e-16
2.985742329721002333e-16
3.011415192491490962e-16
3.017256661097458218e-16
3.023855871260823711e-16
3.054739516021969996e-16
3.073587763750351461e-16
3.073587763750351461e-16
3.079955098644406090e-16
3.079955098644406090e-16
3.079955098644406090e-16
3.079955098644406090e-16
3.079955098644406090e-16
3.079955098644406090e-16
3.097781965810556908e-16
3.129457115803526323e-16
3.141982144937189649e-16
3.196202488542910696e-16
3.244842532034734398e-16
3.280800374723793089e-16
3.280800374723793089e-16
3.346379900726053944e-16
3.348132788353010705e-16
3.356461122163423827e-16
3.381791524807598891e-16
3.381791524807598891e-16
3.412004366531905290e-16
3.412004366531905290e-16
3.412004366531905290e-16
3.418107709490732165e-16
3.454106374462110356e-16
3.483475124325785084e-16
3.510545003241918881e-16
3.510545003241918881e-16
3.510545003241918881e-16
3.510545003241918881e-16
3.513957016654310003e-16
3.513957016654310003e-16
3.544944422951494940e-16
3.544944422951494940e-16
3.547820570381282930e-16
3.606483601795352782e-16
3.606639479386340333e-16
3.623317558117777507e-16
3.657112290417785528e-16
3.670630465682104521e-16
3.717199866548286313e-16
3.717839846997322951e-16
3.718660998382299982e-16
3.718660998382299982e-16
3.756586428021751639e-16
3.756621250487361092e-16
3.756621250487361092e-16
3.756621250487361092e-16
3.756621250487361092e-16
3.756621250487361092e-16
3.763336339463649131e-16
3.777546258301559301e-16
3.777546258301559301e-16
3.787176081764121414e-16
3.807902036835714863e-16
3.821974312819696208e-16
3.838430280689408702e-16
3.838430280689408702e-16
3.839396604110067818e-16
3.839396604110067818e-16
3.846498740085865553e-16
3.846498740085865553e-16
3.872716292098824710e-16
3.924031195051998720e-16
3.960043741952234580e-16
3.960043741952234580e-16
3.972000317863518244e-16
3.987365495526711252e-16
3.987365495526711252e-16
4.053084193747944639e-16
4.053084193747944639e-16
4.067155528584206703e-16
4.067155528584206703e-16
4.079458799786540203e-16
4.090602812285784165e-16
4.090602812285784165e-16
4.096029117104132027e-16
4.151929527032039218e-16
4.153653356723166506e-16
4.187609378213547698e-16
4.187609378213547698e-16
4.206705500722466326e-16
4.356027291985418437e-16
4.356027291985418437e-16
4.431571454751336921e-16
4.498650699644098021e-16
4.588418192602924703e-16
4.588418192602924703e-16
4.597054634647901576e-16
4.680158213537669837e-16
4.770822032055542863e-16
4.792831124398761789e-16
4.813796601564884151e-16
4.893136413082220688e-16
4.899292930887181023e-16
5.004662535447502344e-16
5.052374136714363307e-16
5.057314809309618374e-16
5.057314809309618374e-16
5.099317408511985353e-16
5.099317408511985353e-16
5.099317408511985353e-16
5.130990087992191778e-16
5.133764944398704106e-16
5.197539819649454154e-16
5.197539819649454154e-16
5.215230455683254577e-16
5.215230455683254577e-16
5.282452284455469493e-16
5.320632765126816229e-16
5.330954802736829159e-16
5.360467312914607545e-16
5.479738492791344723e-16
5.487875185397441559e-16
5.618883889053825631e-16
5.670981591622420654e-16
5.756417099273366510e-16
5.756417099273366510e-16
5.760920491109601545e-16
5.779220167361171556e-16
5.779220167361171556e-16
5.823298350214706918e-16
5.849591194045199681e-16
5.876919300366781253e-16
6.004601517409753634e-16
6.010401810803007029e-16
6.010401810803007029e-16
6.010401810803007029e-16
6.010401810803007029e-16
6.010401810803007029e-16
6.010401810803007029e-16
6.010401810803007029e-16
6.010401810803007029e-16
6.085455988537632153e-16
6.150543882500091154e-16
6.150808815583037696e-16
6.150808815583037696e-16
6.353890611573570902e-16
6.353890611573570902e-16
6.353890611573570902e-16
6.353890611573570902e-16
6.366680103216321130e-16
6.390796307659299916e-16
6.428145401964223795e-16
6.436635495538869727e-16
6.436635495538869727e-16
6.436635495538869727e-16
6.457760967817251125e-16
6.457760967817251125e-16
6.529613596298184568e-16
6.711768149248686643e-16
6.721951602857051469e-16
6.721951602857051469e-16
6.805907743936923943e-16
6.805907743936923943e-16
6.871050930327884047e-16
7.058318738836644252e-16
7.062194973361516744e-16
7.074645593003633352e-16
7.097320488536433298e-16
7.097320488536433298e-16
7.229487921500314873e-16
7.392918575864831065e-16
7.392918575864831065e-16
7.393027160782930908e-16
7.393027160782930908e-16
7.410146167220799466e-16
7.446389354133964449e-16
7.446389354133964449e-16
7.492544473538513735e-16
7.500023950927966880e-16
7.578633020063099897e-16
7.583440873186487332e-16
7.688810654212005340e-16
7.774764675434481995e-16
7.884703552171380132e-16
7.892625310167111189e-16
8.132465159694928827e-16
8.186243987376894062e-16
8.226204237206926996e-16
8.311930912433491518e-16
8.319413036800904833e-16
8.319413036800904833e-16
8.319413036800904833e-16
8.319413036800904833e-16
8.450367153889577508e-16
8.450367153889577508e-16
8.598074170953360830e-16
8.745685661523648469e-16
8.925146532058417082e-16
8.929101234774376369e-16
8.962967023727182711e-16
8.992302833420685563e-16
8.992302833420685563e-16
8.992302833420685563e-16
9.037097700262370089e-16
9.407139572207776863e-16
9.407139572207776863e-16
9.418074532269900307e-16
9.418074532269900307e-16
9.438111096637200782e-16
9.455581151174320726e-16
9.664199719196739214e-16
9.678556457078840457e-16
9.735676123876934200e-16
9.771617378837443152e-16
9.821546677061066180e-16
9.838384986191692950e-16
9.838384986191692950e-16
9.960814657813970373e-16
9.960814657813970373e-16
9.994351162708531606e-16
1.000157105979269045e-15
1.001142875864675772e-15
1.005083626065697532e-15
1.005083626065697532e-15
1.005855084851102343e-15
1.005855084851102343e-15
1.013736997005272913e-15
1.041605157416807777e-15
1.054793360408612115e-15
1.075573290301900067e-15
1.089879770895797030e-15
1.092303926251279634e-15
1.093079814313137862e-15
1.099868789267554368e-15
1.104328629493085072e-15
1.104328629493085072e-15
1.108442974390907852e-15
1.116507010393084477e-15
1.116507010393084477e-15
1.122912250011528539e-15
1.122912250011528539e-15
1.122912250011528539e-15
1.122912250011528539e-15
1.129588787224370325e-15
1.130700900308902595e-15
1.140428326672116099e-15
1.156478559877920691e-15
1.190649451274761980e-15
1.222594151856675111e-15
1.230526415413821397e-15
1.236437364250156660e-15
1.238199839819502623e-15
1.257063469430919416e-15
1.267192477643730196e-15
1.289969034776720722e-15
1.305008345924323884e-15
1.322409008463674757e-15
1.324269698679689395e-15
1.360978377254756728e-15
1.370094404648730237e-15
1.370094404648730237e-15
1.370094404648730237e-15
1.373073231294679755e-15
1.408581605361755450e-15
1.415498664638577923e-15
1.417818123192475883e-15
1.450030080315767612e-15
1.461000568704289624e-15
1.461432131990915690e-15
1.463195983988800941e-15
1.464079627582331033e-15
1.464505826326957887e-15
1.479025665108791104e-15
1.486829332594459058e-15
1.486829332594459058e-15
1.486829332594459058e-15
1.508498058865039697e-15
1.514267341440946678e-15
1.514387737762921773e-15
1.514387737762921773e-15
1.552004094491397538e-15
1.564400845190937851e-15
1.581427877967950839e-15
1.583546260311647929e-15
1.588351713508351346e-15
1.591513946316074378e-15
1.591513946316074378e-15
1.601687212000379195e-15
1.603596024275709718e-15
1.613426971005858813e-15
1.613426971005858813e-15
1.614525749203644920e-15
1.638860511675708469e-15
1.638860511675708469e-15
1.663445254746330444e-15
1.663445254746330444e-15
1.679504587674144929e-15
1.681236458296098041e-15
1.681236458296098041e-15
1.703475173036275044e-15
1.703475173036275044e-15
1.740266860840173298e-15
1.740266860840173298e-15
1.761658936738703382e-15
1.774314032487156256e-15
1.807744493562459211e-15
1.811015687747369404e-15
1.811015687747369404e-15
1.832603298848904064e-15
1.836144267145341463e-15
1.844273736442693680e-15
1.844386921220270536e-15
1.856952760871906488e-15
1.858996551376685997e-15
1.858996551376685997e-15
1.891474106268500955e-15
1.891785979093941436e-15
1.898208477008685607e-15
1.913053582324437764e-15
1.924002724306254428e-15
1.924994588123142637e-15
1.960696273931735971e-15
1.976377465470333903e-15
1.976377465470333903e-15
1.987530801214170951e-15
1.991323208888131316e-15
1.991323208888131316e-15
1.991323208888131316e-15
2.015509064144502099e-15
2.015509064144502099e-15
2.018066697775256325e-15
2.035198609701224327e-15
2.061420020419832044e-15
2.068444323479254212e-15
2.079647322411797333e-15
2.103336975179754706e-15
2.106976946334075740e-15
2.106976946334075740e-15
2.155818060153927221e-15
2.155818060153927221e-15
2.155818060153927221e-15
2.162859262697081455e-15
2.162859262697081455e-15
2.196954421113395842e-15
2.204617751709788888e-15
2.212500875591647848e-15
2.217705228366949034e-15
2.223890562938635289e-15
2.235060751108818883e-15
2.235060751108818883e-15
2.235060751108818883e-15
2.235113202447642869e-15
2.235113202447642869e-15
2.241954805206080837e-15
2.241954805206080837e-15
2.248718745631167426e-15
2.261170524061413220e-15
2.280303721908293694e-15
2.280303721908293694e-15
2.296340267296957565e-15
2.296340267296957565e-15
2.309251578747608288e-15
2.347806618564666005e-15
2.353485786246462430e-15
2.391603262960184233e-15
2.391603262960184233e-15
2.400061863379277237e-15
2.400061863379277237e-15
2.402067607987509372e-15
2.404562408243662458e-15
2.447145636767026274e-15
2.447145636767026274e-15
2.461446211658985610e-15
2.461446211658985610e-15
2.469546046567530109e-15
2.532687499992411353e-15
2.533363985208605474e-15
2.533363985208605474e-15
2.533363985208605474e-15
2.533363985208605474e-15
2.533363985208605474e-15
2.542855848179883741e-15
2.565766742385439325e-15
2.591276116032761396e-15
2.591276116032761396e-15
2.591276116032761396e-15
2.591276116032761396e-15
2.613485431671060846e-15
2.617460669053816973e-15
2.676559104813641880e-15
2.731880438314289492e-15
2.773144701248793512e-15
2.776591684181125021e-15
2.797620059425754501e-15
2.797620059425754501e-15
2.797620059425754501e-15
2.800197427747745015e-15
2.801898005208035633e-15
2.823157049876460877e-15
2.823157049876460877e-15
2.823185572534524929e-15
2.847349775511181523e-15
2.847349775511181523e-15
2.847349775511181523e-15
2.879632283420371708e-15
2.893587551214166778e-15
2.893587551214166778e-15
2.895254165006141972e-15
2.956624843115228898e-15
2.974138966894299221e-15
3.023464454152168995e-15
3.025077357820245504e-15
3.037217381068515406e-15
3.051079351712474625e-15
3.051079351712474625e-15
3.051079351712474625e-15
3.060881564026322658e-15
3.068479143690185088e-15
3.069591568529899290e-15
3.069591568529899290e-15
3.073023940143890663e-15
3.075198873701163555e-15
3.117705398685414548e-15
3.140218575629194901e-15
3.140218575629194901e-15
3.147926993083509373e-15
3.172941158329696320e-15
3.187291102301699269e-15
3.232372383923020338e-15
3.268391636500755360e-15
3.270215604309202512e-15
3.270215604309202512e-15
3.272593996356840229e-15
3.323865994738366434e-15
3.327704577472298736e-15
3.334443401017629762e-15
3.334612219389756096e-15
3.349674294547816520e-15
3.349674294547816520e-15
3.379101307337481031e-15
3.388197688272816792e-15
3.388197688272816792e-15
3.398837951455374414e-15
3.398837951455374414e-15
3.411118635112447732e-15
3.411118635112447732e-15
3.415516771340640435e-15
3.415516771340640435e-15
3.415516771340640435e-15
3.415516771340640435e-15
3.421168486919903058e-15
3.421168486919903058e-15
3.459706039035903790e-15
3.464602195344042289e-15
3.464602195344042289e-15
3.474225536651688632e-15
3.474225536651688632e-15
3.474225536651688632e-15
3.546337545444025747e-15
3.594551578420766451e-15
3.594551578420766451e-15
3.599750119608901841e-15
3.609622959176900885e-15
3.633638049061801385e-15
3.633638049061801385e-15
3.708654345600729443e-15
3.739997270448830822e-15
3.762318317967915877e-15
3.768075624439096511e-15
3.777159458698901067e-15
3.777159458698901067e-15
3.777159458698901067e-15
3.815424207384153817e-15
3.820333622110786319e-15
3.873612423891728332e-15
3.904546649460606618e-15
3.921991204776709998e-15
3.938285159948740240e-15
3.938285159948740240e-15
3.970826177607693885e-15
3.970826177607693885e-15
3.970826177607693885e-15
3.970826177607693885e-15
3.978134266115312687e-15
3.981125445325076265e-15
4.076197217418286986e-15
4.095169508416055587e-15
4.132374218896511945e-15
4.202312976433124099e-15
4.243478789434029673e-15
4.243478789434029673e-15
4.251819893442557192e-15
4.251819893442557192e-15
4.312597577902487039e-15
4.340954352798949163e-15
4.401257434110620584e-15
4.401257434110620584e-15
4.401276645288438522e-15
4.401276645288438522e-15
4.426156538165966192e-15
4.435875253030603895e-15
4.437010759518130382e-15
4.473274192871604611e-15
4.473274192871604611e-15
4.513310010981313745e-15
4.516813203961173075e-15
4.516813203961173075e-15
4.523590985139904905e-15
4.546510796720099815e-15
4.551563377661337765e-15
4.558111636440056045e-15
4.558111636440056045e-15
4.575605643186629078e-15
4.601819330611765993e-15
4.659351914207299631e-15
4.659351914207299631e-15
4.698289730566090646e-15
4.701810493597431820e-15
4.737983735588542937e-15
4.737983735588542937e-15
4.737983735588542937e-15
4.828029425930983454e-15
4.828029425930983454e-15
4.828029425930983454e-15
4.848537605302533809e-15
4.849792514024757104e-15
4.912525926973818454e-15
4.931713323164977021e-15
4.991293997133931825e-15
5.018170364314657352e-15
5.033386167129385090e-15
5.033386167129385090e-15
5.036367628988948398e-15
5.071023914380865869e-15
5.117194336259110988e-15
5.220158326074017075e-15
5.224998948784551214e-15
5.284044433220826544e-15
5.297792260292969564e-15
5.398227395009721758e-15
5.398227395009721758e-15
5.398227395009721758e-15
5.442365611323393176e-15
5.445216250708904768e-15
5.468675531102815284e-15
5.497888173970745782e-15
5.582872701281183715e-15
5.620256303355448471e-15
5.620256303355448471e-15
5.635091117809108856e-15
5.690069332380039012e-15
5.698333112280177081e-15
5.698333112280177081e-15
5.730535749099961974e-15
5.826203826505866828e-15
5.844491314894473481e-15
5.890188257119550024e-15
5.926402600796208893e-15
5.926580698296629240e-15
5.968938333711707135e-15
5.993641217290864574e-15
6.024894759575424707e-15
6.024894759575424707e-15
6.028617551729032609e-15
6.028617551729032609e-15
6.028617551729032609e-15
6.030924593015210729e-15
6.030924593015210729e-15
6.060300083849423760e-15
6.061136196542049137e-15
6.061136196542049137e-15
6.086403692284457348e-15
6.106701063390173342e-15
6.112087463545228422e-15
6.150560847033301747e-15
6.168096002522808841e-15
6.173825321613690351e-15
6.174796253717087300e-15
6.174796253717087300e-15
6.218361416948902241e-15
6.227619884109085769e-15
6.244546622891187731e-15
6.265412588391441328e-15
6.300837556182992077e-15
6.309208815152658823e-15
6.398848829652923733e-15
6.433477507064716633e-15
6.462209367561394933e-15
6.488529416443145150e-15
6.590549346863123693e-15
6.605827183076891231e-15
6.666705540931906461e-15
6.740941181907561144e-15
6.747568741204879661e-15
6.788856376954772374e-15
6.876223281485222092e-15
6.925233263675673058e-15
6.988930488357417712e-15
6.999406274211703679e-15
6.999406274211703679e-15
7.070290729328492235e-15
7.131300839040930898e-15
7.154459769786788196e-15
7.156915582998674430e-15
7.158003561526383635e-15
7.218862467034477276e-15
7.232629081767964606e-15
7.258226117443154602e-15
7.339686558294367336e-15
7.340638123342355184e-15
7.347375938094974110e-15
7.364134496720746230e-15
7.370357344852302168e-15
7.370357344852302168e-15
7.395239272961772721e-15
7.398036884555482772e-15
7.482009633951512680e-15
7.567188131806872636e-15
7.569512984313635462e-15
7.649586196955482465e-15
7.656994267702829771e-15
7.731685121242642201e-15
7.731685121242642201e-15
7.745089085290152471e-15
7.762564604366216153e-15
7.798462651823155005e-15
7.854435418364146166e-15
7.873541478804762401e-15
7.894543319565884403e-15
7.908012034576474895e-15
7.921877122772253431e-15
7.931372267996201520e-15
7.982481071363223528e-15
8.056586713369081383e-15
8.117204676237808143e-15
8.141896877790353074e-15
8.147130020862601565e-15
8.229400634022430801e-15
8.291893636668802964e-15
8.305926160925996046e-15
8.377626888165055284e-15
8.418368222957007916e-15
8.430447492178919029e-15
8.430447492178919029e-15
8.502160330812688478e-15
8.541767435548708398e-15
8.626776129767923470e-15
8.703432373266421235e-15
8.735089132644741252e-15
8.854580199921716962e-15
8.881639546806655337e-15
8.905523558342967446e-15
8.982674792602189837e-15
9.031986215583831374e-15
9.046261905941877880e-15
9.185617507547436189e-15
9.277756495705771912e-15
9.293192312387462508e-15
