-101.40656604897438,-101.40664977045428,-101.40681572420843,-101.40706093175989,-101.40738092697441,-101.40776976284977,-101.4082200287025,-101.40872288463291,-101.40926812161939,-101.40984425671016,-101.41043867327488,-101.41103781583736,-101.41162744727237,-101.41219297276467,-101.41271982971877,-101.4131939357839,-101.41360217881966,-101.41393292388062,-101.41417650462319,-101.41432566163859,-101.4143758897857,-101.41432566163859,-101.41417650462319,-101.41393292388062,-101.41360217881966,-101.4131939357839,-101.41271982971877,-101.41219297276467,-101.41162744727237,-101.41103781583736,-101.41043867327488,-101.40984425671016,-101.40926812161939,-101.40872288463291,-101.4082200287025,-101.40776976284977,-101.40738092697441,-101.40706093175989,-101.40681572420843,-101.40664977045428,-101.40656604897438,-101.40664977045428,-101.40673498229326,-101.40690391678831,-101.40715359376131,-101.40747954016298,-101.4078757916433,-101.40833490286495,-101.4088479736241,-101.40940469948828,-101.4099934570367,-101.41060143460288,-101.41121481934151,-101.41181905003204,-101.41239914186734,-101.41294008419513,-101.41342730472248,-101.41384718439024,-101.41418759694488,-101.41443843781552,-101.41459210035856,-101.414643856053,-101.41459210035856,-101.41443843781552,-101.41418759694488,-101.41384718439024,-101.41342730472248,-101.41294008419513,-101.41239914186734,-101.41181905003204,-101.41121481934151,-101.41060143460288,-101.4099934570367,-101.40940469948828,-101.4088479736241,-101.40833490286495,-101.4078757916433,-101.40747954016298,-101.40715359376131,-101.40690391678831,-101.40673498229326,-101.40664977045428,-101.40681572420843,-101.40690391678831,-101.40707881455526,-101.40733743742139,-101.40767530372642,-101.40808642129737,-101.40856328383465,-101.40909687998004,-101.40967672442818,-101.41029092232547,-101.4109262796941,-101.41156847333147,-101.41220229299047,-101.41281196603127,-101.4133815694952,-101.41389552628043,-101.41433917088727,-101.41469935695889,-101.41496506554846,-101.41512796266719,-101.41518285061748,-101.41512796266719,-101.41496506554846,-101.41469935695889,-101.41433917088727,-101.41389552628043,-101.4133815694952,-101.41281196603127,-101.41220229299047,-101.41156847333147,-101.4109262796941,-101.41029092232547,-101.40967672442818,-101.40909687998004,-101.40856328383465,-101.40808642129737,-101.40767530372642,-101.40733743742139,-101.40707881455526,-101.40690391678831,-101.40681572420843,-101.40706093175989,-101.40715359376131,-101.40733743742139,-101.4076094915347,-101.40796527464533,-101.40839877021338,-101.40890240171771,-101.4094670153219,-101.4100818802238,-101.4107347194809,-101.4114117866855,-101.41209800589652,-101.41277719302148,-101.4134323753903,-101.41404622148576,-101.41460158362499,-101.41508214234429,-101.41547312296619,-101.41576203468561,-101.41593936489924,-101.41599915210588,-101.41593936489924,-101.41576203468561,-101.41547312296619,-101.41508214234429,-101.41460158362499,-101.41404622148576,-101.4134323753903,-101.41277719302148,-101.41209800589652,-101.4114117866855,-101.4107347194809,-101.4100818802238,-101.4094670153219,-101.40890240171771,-101.40839877021338,-101.40796527464533,-101.4076094915347,-101.40733743742139,-101.40715359376131,-101.40706093175989,-101.40738092697441,-101.40747954016298,-101.40767530372642,-101.40796527464533,-101.40834499638264,-101.4088084527688,-101.40934801420809,-101.4099543838219,-101.41061655425358,-101.41132178955735,-101.41205565072374,-101.41280208746866,-101.41354362207832,-101.41426165195715,-101.41493689422417,-101.4155499861486,-101.41608223769896,-101.41651650678304,-101.41683813642685,-101.41703586253723,-101.41710258083695,-101.41703586253723,-101.41683813642685,-101.41651650678304,-101.41608223769896,-101.4155499861486,-101.41493689422417,-101.41426165195715,-101.41354362207832,-101.41280208746866,-101.41205565072374,-101.41132178955735,-101.41061655425358,-101.4099543838219,-101.40934801420809,-101.4088084527688,-101.40834499638264,-101.40796527464533,-101.40767530372642,-101.40747954016298,-101.40738092697441,-101.40776976284977,-101.4078757916433,-101.40808642129737,-101.40839877021338,-101.4088084527688,-101.40930950680765,-101.40989430333008,-101.41055344539755,-101.41127566697307,-101.41204774733174,-101.41285446281363,-101.41367860469076,-101.41450109883762,-101.41530126791274,-101.41605727704398,-101.41674679574379,-101.41734788804827,-101.41784010718193,-101.41820572217557,-101.41843095047328,-101.41850702932838,-101.41843095047328,-101.41820572217557,-101.41784010718193,-101.41734788804827,-101.41674679574379,-101.41605727704398,-101.41530126791274,-101.41450109883762,-101.41367860469076,-101.41285446281363,-101.41204774733174,-101.41127566697307,-101.41055344539755,-101.40989430333008,-101.40930950680765,-101.4088084527688,-101.40839877021338,-101.40808642129737,-101.4078757916433,-101.40776976284977,-101.4082200287025,-101.40833490286495,-101.40856328383465,-101.40890240171771,-101.40934801420809,-101.40989430333008,-101.41053374159688,-101.4112569329623,-101.41205243806226,-101.41290659937873,-101.41380339045564,-101.4147243241609,-101.41564846747694,-101.41655262233948,-101.41741173968167,-101.41819963085244,-101.41889001904016,-101.41945792594821,-101.41988131381869,-101.4201428100937,-101.42023125879676,-101.4201428100937,-101.41988131381869,-101.41945792594821,-101.41889001904016,-101.41819963085244,-101.41741173968167,-101.41655262233948,-101.41564846747694,-101.4147243241609,-101.41380339045564,-101.41290659937873,-101.41205243806226,-101.4112569329623,-101.41053374159688,-101.40989430333008,-101.40934801420809,-101.40890240171771,-101.40856328383465,-101.40833490286495,-101.4082200287025,-101.40872288463291,-101.4088479736241,-101.40909687998004,-101.4094670153219,-101.4099543838219,-101.41055344539755,-101.4112569329623,-101.41205562592481,-101.41293808620219,-101.41389037000715,-101.4148957395295,-101.41593441411844,-101.41698342067147,-101.41801662597484,-101.41900505494546,-101.41991760892469,-101.4207222831492,-101.42138792536096,-101.42188646596854,-101.42219539071847,-101.42230006063518,-101.42219539071847,-101.42188646596854,-101.42138792536096,-101.4207222831492,-101.41991760892469,-101.41900505494546,-101.41801662597484,-101.41698342067147,-101.41593441411844,-101.4148957395295,-101.41389037000715,-101.41293808620219,-101.41205562592481,-101.4112569329623,-101.41055344539755,-101.4099543838219,-101.4094670153219,-101.40909687998004,-101.4088479736241,-101.40872288463291,-101.40926812161939,-101.40940469948828,-101.40967672442818,-101.4100818802238,-101.41061655425358,-101.41127566697307,-101.41205243806226,-101.41293808620219,-101.41392146259801,-101.41498862526238,-101.416122373555,-101.41730178256539,-101.4185018063563,-101.41969305784434,-101.42084191708871,-101.42191115732928,-101.42286128656224,-101.42365274769193,-101.42424896592986,-101.42461996478859,-101.42474594318766,-101.42461996478859,-101.42424896592986,-101.42365274769193,-101.42286128656224,-101.42191115732928,-101.42084191708871,-101.41969305784434,-101.4185018063563,-101.41730178256539,-101.416122373555,-101.41498862526238,-101.41392146259801,-101.41293808620219,-101.41205243806226,-101.41127566697307,-101.41061655425358,-101.4100818802238,-101.40967672442818,-101.40940469948828,-101.40926812161939,-101.40984425671016,-101.4099934570367,-101.41029092232547,-101.4107347194809,-101.41132178955735,-101.41204774733174,-101.41290659937873,-101.41389037000715,-101.41498862526238,-101.41618789020801,-101.41747096671729,-101.41881618202568,-101.42019663703017,-101.42157958191778,-101.42292612513502,-101.4241915693712,-101.42532673419515,-101.42628060911558,-101.42700449695747,-101.42745738081442,-101.42761160739741,-101.42745738081442,-101.42700449695747,-101.42628060911558,-101.42532673419515,-101.4241915693712,-101.42292612513502,-101.42157958191778,-101.42019663703017,-101.41881618202568,-101.41747096671729,-101.41618789020801,-101.41498862526238,-101.41389037000715,-101.41290659937873,-101.41204774733174,-101.41132178955735,-101.4107347194809,-101.41029092232547,-101.4099934570367,-101.40984425671016,-101.41043867327488,-101.41060143460288,-101.4109262796941,-101.4114117866855,-101.41205565072374,-101.41285446281363,-101.41380339045564,-101.4148957395295,-101.416122373555,-101.41747096671729,-101.41892507464593,-101.42046302811288,-101.42205669877329,-101.42367026447579,-101.42525922518945,-101.42677008923525,-101.42814133318103,-101.42930634793855,-101.43019894498143,-101.43076138170734,-101.43095365740663,-101.43076138170734,-101.43019894498143,-101.42930634793855,-101.42814133318103,-101.42677008923525,-101.42525922518945,-101.42367026447579,-101.42205669877329,-101.42046302811288,-101.41892507464593,-101.41747096671729,-101.416122373555,-101.4148957395295,-101.41380339045564,-101.41285446281363,-101.41205565072374,-101.4114117866855,-101.4109262796941,-101.41060143460288,-101.41043867327488,-101.41103781583736,-101.41121481934151,-101.41156847333147,-101.41209800589652,-101.41280208746866,-101.41367860469076,-101.4147243241609,-101.41593441411844,-101.41730178256539,-101.41881618202568,-101.42046302811288,-101.42222188920903,-101.4240646420505,-101.42595337559106,-101.42783829408998,-101.42965615009915,-101.43133012896328,-101.43277251397522,-101.43389159653809,-101.43460360892658,-101.43484833182939,-101.43460360892658,-101.43389159653809,-101.43277251397522,-101.43133012896328,-101.42965615009915,-101.42783829408998,-101.42595337559106,-101.4240646420505,-101.42222188920903,-101.42046302811288,-101.41881618202568,-101.41730178256539,-101.41593441411844,-101.4147243241609,-101.41367860469076,-101.41280208746866,-101.41209800589652,-101.41156847333147,-101.41121481934151,-101.41103781583736,-101.41162744727237,-101.41181905003204,-101.41220229299047,-101.41277719302148,-101.41354362207832,-101.41450109883762,-101.41564846747694,-101.41698342067147,-101.4185018063563,-101.42019663703017,-101.42205669877329,-101.4240646420505,-101.4261944446833,-101.42840820318492,-101.43065239213811,-101.43285412208016,-101.43491861915233,-101.4367301446909,-101.43815953171188,-101.43908137350753,-101.43940071215847,-101.43908137350753,-101.43815953171188,-101.4367301446909,-101.43491861915233,-101.43285412208016,-101.43065239213811,-101.42840820318492,-101.4261944446833,-101.4240646420505,-101.42205669877329,-101.42019663703017,-101.4185018063563,-101.41698342067147,-101.41564846747694,-101.41450109883762,-101.41354362207832,-101.41277719302148,-101.41220229299047,-101.41181905003204,-101.41162744727237,-101.41219297276467,-101.41239914186734,-101.41281196603127,-101.4134323753903,-101.41426165195715,-101.41530126791274,-101.41655262233948,-101.41801662597484,-101.41969305784434,-101.42157958191778,-101.42367026447579,-101.42595337559106,-101.42840820318492,-101.43100059196478,-101.43367702833963,-101.43635749949657,-101.4389283493883,-101.44123827501369,-101.44310345335617,-101.4443301384546,-101.44476028739498,-101.4443301384546,-101.44310345335617,-101.44123827501369,-101.4389283493883,-101.43635749949657,-101.43367702833963,-101.43100059196478,-101.42840820318492,-101.42595337559106,-101.42367026447579,-101.42157958191778,-101.41969305784434,-101.41801662597484,-101.41655262233948,-101.41530126791274,-101.41426165195715,-101.4134323753903,-101.41281196603127,-101.41239914186734,-101.41219297276467,-101.41271982971877,-101.41294008419513,-101.4133815694952,-101.41404622148576,-101.41493689422417,-101.41605727704398,-101.41741173968167,-101.41900505494546,-101.42084191708871,-101.42292612513502,-101.42525922518945,-101.42783829408998,-101.43065239213811,-101.43367702833963,-101.43686584227632,-101.44013884095793,-101.44336748661979,-101.44635977752087,-101.44885462345256,-101.45054429107516,-101.45114904867555,-101.45054429107516,-101.44885462345256,-101.44635977752087,-101.44336748661979,-101.44013884095793,-101.43686584227632,-101.43367702833963,-101.43065239213811,-101.42783829408998,-101.42525922518945,-101.42292612513502,-101.42084191708871,-101.41900505494546,-101.41741173968167,-101.41605727704398,-101.41493689422417,-101.41404622148576,-101.4133815694952,-101.41294008419513,-101.41271982971877,-101.4131939357839,-101.41342730472248,-101.41389552628043,-101.41460158362499,-101.4155499861486,-101.41674679574379,-101.41819963085244,-101.41991760892469,-101.42191115732928,-101.4241915693712,-101.42677008923525,-101.42965615009915,-101.43285412208016,-101.43635749949657,-101.44013884095793,-101.44413308717617,-101.44821173684912,-101.45214770692372,-101.45558017522647,-101.45801273551851,-101.45891678063083,-101.45801273551851,-101.45558017522647,-101.45214770692372,-101.44821173684912,-101.44413308717617,-101.44013884095793,-101.43635749949657,-101.43285412208016,-101.42965615009915,-101.42677008923525,-101.4241915693712,-101.42191115732928,-101.41991760892469,-101.41819963085244,-101.41674679574379,-101.4155499861486,-101.41460158362499,-101.41389552628043,-101.41342730472248,-101.4131939357839,-101.41360217881966,-101.41384718439024,-101.41433917088727,-101.41508214234429,-101.41608223769896,-101.41734788804827,-101.41889001904016,-101.4207222831492,-101.42286128656224,-101.42532673419515,-101.42814133318103,-101.43133012896328,-101.43491861915233,-101.4389283493883,-101.44336748661979,-101.44821173684912,-101.45336778100295,-101.45860861220504,-101.46347550334275,-101.46717992560885,-101.46866300801743,-101.46717992560885,-101.46347550334275,-101.45860861220504,-101.45336778100295,-101.44821173684912,-101.44336748661979,-101.4389283493883,-101.43491861915233,-101.43133012896328,-101.42814133318103,-101.42532673419515,-101.42286128656224,-101.4207222831492,-101.41889001904016,-101.41734788804827,-101.41608223769896,-101.41508214234429,-101.41433917088727,-101.41384718439024,-101.41360217881966,-101.41393292388062,-101.41418759694488,-101.41469935695889,-101.41547312296619,-101.41651650678304,-101.41784010718193,-101.41945792594821,-101.42138792536096,-101.42365274769193,-101.42628060911558,-101.42930634793855,-101.43277251397522,-101.4367301446909,-101.44123827501369,-101.44635977752087,-101.45214770692372,-101.45860861220504,-101.4656136195715,-101.47270419284492,-101.47874016068268,-101.48154762820285,-101.47874016068268,-101.47270419284492,-101.4656136195715,-101.45860861220504,-101.45214770692372,-101.44635977752087,-101.44123827501369,-101.4367301446909,-101.43277251397522,-101.42930634793855,-101.42628060911558,-101.42365274769193,-101.42138792536096,-101.41945792594821,-101.41784010718193,-101.41651650678304,-101.41547312296619,-101.41469935695889,-101.41418759694488,-101.41393292388062,-101.41417650462319,-101.41443843781552,-101.41496506554846,-101.41576203468561,-101.41683813642685,-101.41820572217557,-101.41988131381869,-101.42188646596854,-101.42424896592986,-101.42700449695747,-101.43019894498143,-101.43389159653809,-101.43815953171188,-101.44310345335617,-101.44885462345256,-101.45558017522647,-101.46347550334275,-101.47270419284492,-101.48316000379721,-101.49370339905457,-101.50022377518226,-101.49370339905457,-101.48316000379721,-101.47270419284492,-101.46347550334275,-101.45558017522647,-101.44885462345256,-101.44310345335617,-101.43815953171188,-101.43389159653809,-101.43019894498143,-101.42700449695747,-101.42424896592986,-101.42188646596854,-101.41988131381869,-101.41820572217557,-101.41683813642685,-101.41576203468561,-101.41496506554846,-101.41443843781552,-101.41417650462319,-101.41432566163859,-101.41459210035856,-101.41512796266719,-101.41593936489924,-101.41703586253723,-101.41843095047328,-101.4201428100937,-101.42219539071847,-101.42461996478859,-101.42745738081442,-101.43076138170734,-101.43460360892658,-101.43908137350753,-101.4443301384546,-101.45054429107516,-101.45801273551851,-101.46717992560885,-101.47874016068268,-101.49370339905457,-101.51286979098792,-101.5321322024358,-101.51286979098792,-101.49370339905457,-101.47874016068268,-101.46717992560885,-101.45801273551851,-101.45054429107516,-101.4443301384546,-101.43908137350753,-101.43460360892658,-101.43076138170734,-101.42745738081442,-101.42461996478859,-101.42219539071847,-101.4201428100937,-101.41843095047328,-101.41703586253723,-101.41593936489924,-101.41512796266719,-101.41459210035856,-101.41432566163859,-101.4143758897857,-101.414643856053,-101.41518285061748,-101.41599915210588,-101.41710258083695,-101.41850702932838,-101.42023125879676,-101.42230006063518,-101.42474594318766,-101.42761160739741,-101.43095365740663,-101.43484833182939,-101.43940071215847,-101.44476028739498,-101.45114904867555,-101.45891678063083,-101.46866300801743,-101.48154762820285,-101.50022377518226,-101.5321322024358,-101.60284231192031,-101.5321322024358,-101.50022377518226,-101.48154762820285,-101.46866300801743,-101.45891678063083,-101.45114904867555,-101.44476028739498,-101.43940071215847,-101.43484833182939,-101.43095365740663,-101.42761160739741,-101.42474594318766,-101.42230006063518,-101.42023125879676,-101.41850702932838,-101.41710258083695,-101.41599915210588,-101.41518285061748,-101.414643856053,-101.4143758897857,-101.41432566163859,-101.41459210035856,-101.41512796266719,-101.41593936489924,-101.41703586253723,-101.41843095047328,-101.4201428100937,-101.42219539071847,-101.42461996478859,-101.42745738081442,-101.43076138170734,-101.43460360892658,-101.43908137350753,-101.4443301384546,-101.45054429107516,-101.45801273551851,-101.46717992560885,-101.47874016068268,-101.49370339905457,-101.51286979098792,-101.5321322024358,-101.51286979098792,-101.49370339905457,-101.47874016068268,-101.46717992560885,-101.45801273551851,-101.45054429107516,-101.4443301384546,-101.43908137350753,-101.43460360892658,-101.43076138170734,-101.42745738081442,-101.42461996478859,-101.42219539071847,-101.4201428100937,-101.41843095047328,-101.41703586253723,-101.41593936489924,-101.41512796266719,-101.41459210035856,-101.41432566163859,-101.41417650462319,-101.41443843781552,-101.41496506554846,-101.41576203468561,-101.41683813642685,-101.41820572217557,-101.41988131381869,-101.42188646596854,-101.42424896592986,-101.42700449695747,-101.43019894498143,-101.43389159653809,-101.43815953171188,-101.44310345335617,-101.44885462345256,-101.45558017522647,-101.46347550334275,-101.47270419284492,-101.48316000379721,-101.49370339905457,-101.50022377518226,-101.49370339905457,-101.48316000379721,-101.47270419284492,-101.46347550334275,-101.45558017522647,-101.44885462345256,-101.44310345335617,-101.43815953171188,-101.43389159653809,-101.43019894498143,-101.42700449695747,-101.42424896592986,-101.42188646596854,-101.41988131381869,-101.41820572217557,-101.41683813642685,-101.41576203468561,-101.41496506554846,-101.41443843781552,-101.41417650462319,-101.41393292388062,-101.41418759694488,-101.41469935695889,-101.41547312296619,-101.41651650678304,-101.41784010718193,-101.41945792594821,-101.42138792536096,-101.42365274769193,-101.42628060911558,-101.42930634793855,-101.43277251397522,-101.4367301446909,-101.44123827501369,-101.44635977752087,-101.45214770692372,-101.45860861220504,-101.4656136195715,-101.47270419284492,-101.47874016068268,-101.48154762820285,-101.47874016068268,-101.47270419284492,-101.4656136195715,-101.45860861220504,-101.45214770692372,-101.44635977752087,-101.44123827501369,-101.4367301446909,-101.43277251397522,-101.42930634793855,-101.42628060911558,-101.42365274769193,-101.42138792536096,-101.41945792594821,-101.41784010718193,-101.41651650678304,-101.41547312296619,-101.41469935695889,-101.41418759694488,-101.41393292388062,-101.41360217881966,-101.41384718439024,-101.41433917088727,-101.41508214234429,-101.41608223769896,-101.41734788804827,-101.41889001904016,-101.4207222831492,-101.42286128656224,-101.42532673419515,-101.42814133318103,-101.43133012896328,-101.43491861915233,-101.4389283493883,-101.44336748661979,-101.44821173684912,-101.45336778100295,-101.45860861220504,-101.46347550334275,-101.46717992560885,-101.46866300801743,-101.46717992560885,-101.46347550334275,-101.45860861220504,-101.45336778100295,-101.44821173684912,-101.44336748661979,-101.4389283493883,-101.43491861915233,-101.43133012896328,-101.42814133318103,-101.42532673419515,-101.42286128656224,-101.4207222831492,-101.41889001904016,-101.41734788804827,-101.41608223769896,-101.41508214234429,-101.41433917088727,-101.41384718439024,-101.41360217881966,-101.4131939357839,-101.41342730472248,-101.41389552628043,-101.41460158362499,-101.4155499861486,-101.41674679574379,-101.41819963085244,-101.41991760892469,-101.42191115732928,-101.4241915693712,-101.42677008923525,-101.42965615009915,-101.43285412208016,-101.43635749949657,-101.44013884095793,-101.44413308717617,-101.44821173684912,-101.45214770692372,-101.45558017522647,-101.45801273551851,-101.45891678063083,-101.45801273551851,-101.45558017522647,-101.45214770692372,-101.44821173684912,-101.44413308717617,-101.44013884095793,-101.43635749949657,-101.43285412208016,-101.42965615009915,-101.42677008923525,-101.4241915693712,-101.42191115732928,-101.41991760892469,-101.41819963085244,-101.41674679574379,-101.4155499861486,-101.41460158362499,-101.41389552628043,-101.41342730472248,-101.4131939357839,-101.41271982971877,-101.41294008419513,-101.4133815694952,-101.41404622148576,-101.41493689422417,-101.41605727704398,-101.41741173968167,-101.41900505494546,-101.42084191708871,-101.42292612513502,-101.42525922518945,-101.42783829408998,-101.43065239213811,-101.43367702833963,-101.43686584227632,-101.44013884095793,-101.44336748661979,-101.44635977752087,-101.44885462345256,-101.45054429107516,-101.45114904867555,-101.45054429107516,-101.44885462345256,-101.44635977752087,-101.44336748661979,-101.44013884095793,-101.43686584227632,-101.43367702833963,-101.43065239213811,-101.42783829408998,-101.42525922518945,-101.42292612513502,-101.42084191708871,-101.41900505494546,-101.41741173968167,-101.41605727704398,-101.41493689422417,-101.41404622148576,-101.4133815694952,-101.41294008419513,-101.41271982971877,-101.41219297276467,-101.41239914186734,-101.41281196603127,-101.4134323753903,-101.41426165195715,-101.41530126791274,-101.41655262233948,-101.41801662597484,-101.41969305784434,-101.42157958191778,-101.42367026447579,-101.42595337559106,-101.42840820318492,-101.43100059196478,-101.43367702833963,-101.43635749949657,-101.4389283493883,-101.44123827501369,-101.44310345335617,-101.4443301384546,-101.44476028739498,-101.4443301384546,-101.44310345335617,-101.44123827501369,-101.4389283493883,-101.43635749949657,-101.43367702833963,-101.43100059196478,-101.42840820318492,-101.42595337559106,-101.42367026447579,-101.42157958191778,-101.41969305784434,-101.41801662597484,-101.41655262233948,-101.41530126791274,-101.41426165195715,-101.4134323753903,-101.41281196603127,-101.41239914186734,-101.41219297276467,-101.41162744727237,-101.41181905003204,-101.41220229299047,-101.41277719302148,-101.41354362207832,-101.41450109883762,-101.41564846747694,-101.41698342067147,-101.4185018063563,-101.42019663703017,-101.42205669877329,-101.4240646420505,-101.4261944446833,-101.42840820318492,-101.43065239213811,-101.43285412208016,-101.43491861915233,-101.4367301446909,-101.43815953171188,-101.43908137350753,-101.43940071215847,-101.43908137350753,-101.43815953171188,-101.4367301446909,-101.43491861915233,-101.43285412208016,-101.43065239213811,-101.42840820318492,-101.4261944446833,-101.4240646420505,-101.42205669877329,-101.42019663703017,-101.4185018063563,-101.41698342067147,-101.41564846747694,-101.41450109883762,-101.41354362207832,-101.41277719302148,-101.41220229299047,-101.41181905003204,-101.41162744727237,-101.41103781583736,-101.41121481934151,-101.41156847333147,-101.41209800589652,-101.41280208746866,-101.41367860469076,-101.4147243241609,-101.41593441411844,-101.41730178256539,-101.41881618202568,-101.42046302811288,-101.42222188920903,-101.4240646420505,-101.42595337559106,-101.42783829408998,-101.42965615009915,-101.43133012896328,-101.43277251397522,-101.43389159653809,-101.43460360892658,-101.43484833182939,-101.43460360892658,-101.43389159653809,-101.43277251397522,-101.43133012896328,-101.42965615009915,-101.42783829408998,-101.42595337559106,-101.4240646420505,-101.42222188920903,-101.42046302811288,-101.41881618202568,-101.41730178256539,-101.41593441411844,-101.4147243241609,-101.41367860469076,-101.41280208746866,-101.41209800589652,-101.41156847333147,-101.41121481934151,-101.41103781583736,-101.41043867327488,-101.41060143460288,-101.4109262796941,-101.4114117866855,-101.41205565072374,-101.41285446281363,-101.41380339045564,-101.4148957395295,-101.416122373555,-101.41747096671729,-101.41892507464593,-101.42046302811288,-101.42205669877329,-101.42367026447579,-101.42525922518945,-101.42677008923525,-101.42814133318103,-101.42930634793855,-101.43019894498143,-101.43076138170734,-101.43095365740663,-101.43076138170734,-101.43019894498143,-101.42930634793855,-101.42814133318103,-101.42677008923525,-101.42525922518945,-101.42367026447579,-101.42205669877329,-101.42046302811288,-101.41892507464593,-101.41747096671729,-101.416122373555,-101.4148957395295,-101.41380339045564,-101.41285446281363,-101.41205565072374,-101.4114117866855,-101.4109262796941,-101.41060143460288,-101.41043867327488,-101.40984425671016,-101.4099934570367,-101.41029092232547,-101.4107347194809,-101.41132178955735,-101.41204774733174,-101.41290659937873,-101.41389037000715,-101.41498862526238,-101.41618789020801,-101.41747096671729,-101.41881618202568,-101.42019663703017,-101.42157958191778,-101.42292612513502,-101.4241915693712,-101.42532673419515,-101.42628060911558,-101.42700449695747,-101.42745738081442,-101.42761160739741,-101.42745738081442,-101.42700449695747,-101.42628060911558,-101.42532673419515,-101.4241915693712,-101.42292612513502,-101.42157958191778,-101.42019663703017,-101.41881618202568,-101.41747096671729,-101.41618789020801,-101.41498862526238,-101.41389037000715,-101.41290659937873,-101.41204774733174,-101.41132178955735,-101.4107347194809,-101.41029092232547,-101.4099934570367,-101.40984425671016,-101.40926812161939,-101.40940469948828,-101.40967672442818,-101.4100818802238,-101.41061655425358,-101.41127566697307,-101.41205243806226,-101.41293808620219,-101.41392146259801,-101.41498862526238,-101.416122373555,-101.41730178256539,-101.4185018063563,-101.41969305784434,-101.42084191708871,-101.42191115732928,-101.42286128656224,-101.42365274769193,-101.42424896592986,-101.42461996478859,-101.42474594318766,-101.42461996478859,-101.42424896592986,-101.42365274769193,-101.42286128656224,-101.42191115732928,-101.42084191708871,-101.41969305784434,-101.4185018063563,-101.41730178256539,-101.416122373555,-101.41498862526238,-101.41392146259801,-101.41293808620219,-101.41205243806226,-101.41127566697307,-101.41061655425358,-101.4100818802238,-101.40967672442818,-101.40940469948828,-101.40926812161939,-101.40872288463291,-101.4088479736241,-101.40909687998004,-101.4094670153219,-101.4099543838219,-101.41055344539755,-101.4112569329623,-101.41205562592481,-101.41293808620219,-101.41389037000715,-101.4148957395295,-101.41593441411844,-101.41698342067147,-101.41801662597484,-101.41900505494546,-101.41991760892469,-101.4207222831492,-101.42138792536096,-101.42188646596854,-101.42219539071847,-101.42230006063518,-101.42219539071847,-101.42188646596854,-101.42138792536096,-101.4207222831492,-101.41991760892469,-101.41900505494546,-101.41801662597484,-101.41698342067147,-101.41593441411844,-101.4148957395295,-101.41389037000715,-101.41293808620219,-101.41205562592481,-101.4112569329623,-101.41055344539755,-101.4099543838219,-101.4094670153219,-101.40909687998004,-101.4088479736241,-101.40872288463291,-101.4082200287025,-101.40833490286495,-101.40856328383465,-101.40890240171771,-101.40934801420809,-101.40989430333008,-101.41053374159688,-101.4112569329623,-101.41205243806226,-101.41290659937873,-101.41380339045564,-101.4147243241609,-101.41564846747694,-101.41655262233948,-101.41741173968167,-101.41819963085244,-101.41889001904016,-101.41945792594821,-101.41988131381869,-101.4201428100937,-101.42023125879676,-101.4201428100937,-101.41988131381869,-101.41945792594821,-101.41889001904016,-101.41819963085244,-101.41741173968167,-101.41655262233948,-101.41564846747694,-101.4147243241609,-101.41380339045564,-101.41290659937873,-101.41205243806226,-101.4112569329623,-101.41053374159688,-101.40989430333008,-101.40934801420809,-101.40890240171771,-101.40856328383465,-101.40833490286495,-101.4082200287025,-101.40776976284977,-101.4078757916433,-101.40808642129737,-101.40839877021338,-101.4088084527688,-101.40930950680765,-101.40989430333008,-101.41055344539755,-101.41127566697307,-101.41204774733174,-101.41285446281363,-101.41367860469076,-101.41450109883762,-101.41530126791274,-101.41605727704398,-101.41674679574379,-101.41734788804827,-101.41784010718193,-101.41820572217557,-101.41843095047328,-101.41850702932838,-101.41843095047328,-101.41820572217557,-101.41784010718193,-101.41734788804827,-101.41674679574379,-101.41605727704398,-101.41530126791274,-101.41450109883762,-101.41367860469076,-101.41285446281363,-101.41204774733174,-101.41127566697307,-101.41055344539755,-101.40989430333008,-101.40930950680765,-101.4088084527688,-101.40839877021338,-101.40808642129737,-101.4078757916433,-101.40776976284977,-101.40738092697441,-101.40747954016298,-101.40767530372642,-101.40796527464533,-101.40834499638264,-101.4088084527688,-101.40934801420809,-101.4099543838219,-101.41061655425358,-101.41132178955735,-101.41205565072374,-101.41280208746866,-101.41354362207832,-101.41426165195715,-101.41493689422417,-101.4155499861486,-101.41608223769896,-101.41651650678304,-101.41683813642685,-101.41703586253723,-101.41710258083695,-101.41703586253723,-101.41683813642685,-101.41651650678304,-101.41608223769896,-101.4155499861486,-101.41493689422417,-101.41426165195715,-101.41354362207832,-101.41280208746866,-101.41205565072374,-101.41132178955735,-101.41061655425358,-101.4099543838219,-101.40934801420809,-101.4088084527688,-101.40834499638264,-101.40796527464533,-101.40767530372642,-101.40747954016298,-101.40738092697441,-101.40706093175989,-101.40715359376131,-101.40733743742139,-101.4076094915347,-101.40796527464533,-101.40839877021338,-101.40890240171771,-101.4094670153219,-101.4100818802238,-101.4107347194809,-101.4114117866855,-101.41209800589652,-101.41277719302148,-101.4134323753903,-101.41404622148576,-101.41460158362499,-101.41508214234429,-101.41547312296619,-101.41576203468561,-101.41593936489924,-101.41599915210588,-101.41593936489924,-101.41576203468561,-101.41547312296619,-101.41508214234429,-101.41460158362499,-101.41404622148576,-101.4134323753903,-101.41277719302148,-101.41209800589652,-101.4114117866855,-101.4107347194809,-101.4100818802238,-101.4094670153219,-101.40890240171771,-101.40839877021338,-101.40796527464533,-101.4076094915347,-101.40733743742139,-101.40715359376131,-101.40706093175989,-101.40681572420843,-101.40690391678831,-101.40707881455526,-101.40733743742139,-101.40767530372642,-101.40808642129737,-101.40856328383465,-101.40909687998004,-101.40967672442818,-101.41029092232547,-101.4109262796941,-101.41156847333147,-101.41220229299047,-101.41281196603127,-101.4133815694952,-101.41389552628043,-101.41433917088727,-101.41469935695889,-101.41496506554846,-101.41512796266719,-101.41518285061748,-101.41512796266719,-101.41496506554846,-101.41469935695889,-101.41433917088727,-101.41389552628043,-101.4133815694952,-101.41281196603127,-101.41220229299047,-101.41156847333147,-101.4109262796941,-101.41029092232547,-101.40967672442818,-101.40909687998004,-101.40856328383465,-101.40808642129737,-101.40767530372642,-101.40733743742139,-101.40707881455526,-101.40690391678831,-101.40681572420843,-101.40664977045428,-101.40673498229326,-101.40690391678831,-101.40715359376131,-101.40747954016298,-101.4078757916433,-101.40833490286495,-101.4088479736241,-101.40940469948828,-101.4099934570367,-101.41060143460288,-101.41121481934151,-101.41181905003204,-101.41239914186734,-101.41294008419513,-101.41342730472248,-101.41384718439024,-101.41418759694488,-101.41443843781552,-101.41459210035856,-101.414643856053,-101.41459210035856,-101.41443843781552,-101.41418759694488,-101.41384718439024,-101.41342730472248,-101.41294008419513,-101.41239914186734,-101.41181905003204,-101.41121481934151,-101.41060143460288,-101.4099934570367,-101.40940469948828,-101.4088479736241,-101.40833490286495,-101.4078757916433,-101.40747954016298,-101.40715359376131,-101.40690391678831,-101.40673498229326,-101.40664977045428,-101.40656604897438,-101.40664977045428,-101.40681572420843,-101.40706093175989,-101.40738092697441,-101.40776976284977,-101.4082200287025,-101.40872288463291,-101.40926812161939,-101.40984425671016,-101.41043867327488,-101.41103781583736,-101.41162744727237,-101.41219297276467,-101.41271982971877,-101.4131939357839,-101.41360217881966,-101.41393292388062,-101.41417650462319,-101.41432566163859,-101.4143758897857,-101.41432566163859,-101.41417650462319,-101.41393292388062,-101.41360217881966,-101.4131939357839,-101.41271982971877,-101.41219297276467,-101.41162744727237,-101.41103781583736,-101.41043867327488,-101.40984425671016,-101.40926812161939,-101.40872288463291,-101.4082200287025,-101.40776976284977,-101.40738092697441,-101.40706093175989,-101.40681572420843,-101.40664977045428,-101.40656604897438
