8.910223810388787892e-20
1.782528295924768968e-19
2.228522010030433599e-19
2.228522010030433599e-19
8.032660894997404446e-19
8.479370880574242618e-19
1.026715793650126086e-18
1.071434049975933881e-18
1.071434049975933881e-18
1.071434049975933881e-18
1.116222464654471107e-18
1.116222464654471107e-18
1.116222464654471107e-18
1.564799598418106460e-18
1.609680223056182691e-18
1.744390551176624528e-18
1.744390551176624528e-18
2.103980963452870986e-18
2.193923650286031665e-18
2.328905033341699055e-18
2.734050427357899014e-18
2.824127278515443984e-18
2.824127278515443984e-18
2.914292677643511915e-18
3.184920901229522942e-18
3.184920901229522942e-18
3.591256951733953529e-18
3.862278108884736451e-18
3.862278108884736451e-18
3.907491529407574094e-18
3.907491529407574094e-18
4.088516760042308097e-18
4.088516760042308097e-18
4.088516760042308097e-18
4.269796794585149412e-18
5.717846675302334500e-18
6.476411736954519111e-18
8.266851157906276167e-18
8.266851157906276167e-18
8.456774767635074074e-18
9.916871339157653227e-18
9.967787430764828563e-18
1.087599497976527316e-17
1.090262946021782573e-17
1.097095678462967211e-17
1.097613309708511523e-17
1.097613309708511523e-17
1.097613309708511523e-17
1.173620399508797458e-17
1.173620399508797458e-17
1.294397886310068955e-17
1.333493162564450704e-17
1.346932751994218885e-17
1.372908429043350711e-17
1.420323451135208221e-17
1.497281100131857195e-17
1.504283239162492847e-17
1.595969849964175070e-17
1.595969849964175070e-17
1.595969849964175070e-17
1.737631404653861013e-17
1.792782660997307543e-17
1.820414758032181197e-17
1.820414758032181197e-17
1.820414758032181197e-17
1.869222678748412360e-17
1.869222678748412360e-17
1.869222678748412360e-17
1.869222678748412360e-17
1.911075517819966374e-17
2.042807964072393540e-17
2.089338307308229669e-17
2.096048690545922105e-17
2.214266255551047392e-17
2.252090982384547690e-17
2.258810777099431704e-17
2.299308363455378837e-17
2.335354321099645106e-17
2.335354321099645106e-17
2.335354321099645106e-17
2.373291985659446183e-17
2.373291985659446183e-17
2.399822939862889247e-17
2.410392028749184538e-17
2.511038365837378882e-17
2.520826302116761839e-17
2.520826302116761839e-17
2.528261369098216219e-17
2.600607394270925046e-17
2.607101313533208117e-17
2.674807480450401755e-17
2.688736466694139207e-17
2.722890717422870974e-17
2.851950304152850997e-17
2.937566512165877606e-17
2.944323952789528854e-17
2.979193475784830679e-17
3.054617053999230335e-17
3.276285576295680734e-17
3.304934112867259241e-17
3.326015821776699742e-17
3.326015821776699742e-17
3.330815675144473905e-17
3.426925680226261644e-17
3.437654764224815910e-17
3.463564560933605923e-17
3.498321146202607585e-17
3.511958376653401821e-17
3.839101323837395767e-17
3.839101323837395767e-17
3.988706165276888362e-17
3.988706165276888362e-17
3.989252030954007868e-17
3.989252030954007868e-17
4.017025300146757342e-17
4.140485057947667405e-17
4.140485057947667405e-17
4.453783722182649329e-17
4.453783722182649329e-17
4.588951357610052508e-17
4.616950502255402923e-17
4.656328122825536312e-17
4.656328122825536312e-17
4.656328122825536312e-17
4.656328122825536312e-17
4.718566221494344231e-17
4.718566221494344231e-17
4.718566221494344231e-17
4.718566221494344231e-17
4.721822592602677499e-17
4.842345969519772860e-17
4.998623548288191272e-17
5.009738502851605762e-17
5.009738502851605762e-17
5.009738502851605762e-17
5.128868981144327316e-17
5.193582298314555862e-17
5.208108913359967112e-17
5.208108913359967112e-17
5.208108913359967112e-17
5.337323789463610629e-17
5.337323789463610629e-17
5.426003433302540086e-17
5.509704405707052326e-17
5.516499492239469883e-17
5.536715345247272313e-17
5.629479570187406182e-17
5.651940060505433124e-17
5.666410206687693677e-17
5.666410206687693677e-17
5.666410206687693677e-17
5.732662300378767946e-17
5.784580714306860152e-17
5.784580714306860152e-17
5.859171376789792874e-17
6.023081663560691567e-17
6.071781352289217432e-17
6.071781352289217432e-17
6.110391937468225545e-17
6.110391937468225545e-17
6.208097187934009089e-17
6.208097187934009089e-17
6.208097187934009089e-17
6.408923993989407294e-17
6.408923993989407294e-17
6.452602659636154459e-17
6.453228522869403607e-17
6.515941901136392970e-17
6.669226630157846598e-17
6.673819431027402975e-17
6.842698977755527308e-17
6.932691522662700314e-17
6.932691522662700314e-17
6.932691522662700314e-17
6.949415717632376341e-17
6.972342076071393147e-17
6.982868813310326031e-17
6.984205243071549757e-17
6.984205243071549757e-17
6.984661699715348045e-17
6.994694334401715099e-17
7.141296914617051332e-17
7.505154034325924026e-17
7.505154034325924026e-17
7.577928281710856407e-17
7.609748486096043368e-17
7.647347337476942725e-17
7.659492848792850357e-17
8.032559098933815364e-17
8.440513695024465968e-17
8.578984758946160918e-17
8.578984758946160918e-17
8.741728022545286746e-17
8.804032001554436941e-17
9.056908982218611902e-17
9.132803134292597212e-17
9.132803134292597212e-17
9.250733649243375379e-17
9.586116344708715599e-17
9.586450452149020914e-17
9.768397834957841032e-17
9.768397834957841032e-17
9.867811268533921159e-17
9.884427231515893428e-17
1.004859162817096841e-16
1.004859162817096841e-16
1.007211561541165840e-16
1.015491779174436266e-16
1.015491779174436266e-16
1.031204710919863178e-16
1.035187648067396705e-16
1.035187648067396705e-16
1.072951200299150888e-16
1.080407443104286687e-16
1.082833251350451099e-16
1.083079361479014487e-16
1.095603214178028958e-16
1.098145254167511017e-16
1.116713628092903955e-16
1.133205830149804823e-16
1.133642522691500428e-16
1.157944368522085946e-16
1.161475084190557703e-16
1.173445071456839642e-16
1.180442504748879444e-16
1.192592721803382742e-16
1.197541747084645812e-16
1.197541747084645812e-16
1.203923669768347324e-16
1.216718102436623531e-16
1.216718102436623531e-16
1.245704981613244363e-16
1.251126933623391166e-16
1.254254838068057491e-16
1.264419704008968735e-16
1.264419704008968735e-16
1.264419704008968735e-16
1.264419704008968735e-16
1.264419704008968735e-16
1.264419704008968735e-16
1.264419704008968735e-16
1.266099652687689847e-16
1.268500991093155788e-16
1.274193993646423967e-16
1.278565624801975438e-16
1.280338276531034882e-16
1.280765087021679022e-16
1.280765087021679022e-16
1.296267672251871034e-16
1.296267672251871034e-16
1.296267672251871034e-16
1.326876619522483852e-16
1.331784234304103241e-16
1.331784234304103241e-16
1.333238778104082682e-16
1.365683904574799016e-16
1.377161201010094785e-16
1.385720939515959131e-16
1.385720939515959131e-16
1.397675868418734299e-16
1.403018293446610978e-16
1.403018293446610978e-16
1.404623891455517518e-16
1.404623891455517518e-16
1.404623891455517518e-16
1.413146925200334095e-16
1.423164972097054512e-16
1.444070215809150285e-16
1.444070215809150285e-16
1.445239591850220860e-16
1.448349143914363423e-16
1.481083202734865500e-16
1.485826587239489582e-16
1.485826587239489582e-16
1.493732228080529801e-16
1.493732228080529801e-16
1.493957162385411831e-16
1.494424912801840011e-16
1.494424912801840011e-16
1.509945850412555784e-16
1.509945850412555784e-16
1.517146571611936618e-16
1.519375209410934709e-16
1.519375209410934709e-16
1.519375209410934709e-16
1.521784782858943373e-16
1.521784782858943373e-16
1.521784782858943373e-16
1.521784782858943373e-16
1.527895654999523510e-16
1.528109295531775400e-16
1.536106933562364491e-16
1.536106933562364491e-16
1.555049413706128243e-16
1.566993754697062732e-16
1.567144338332130191e-16
1.567144338332130191e-16
1.567144338332130191e-16
1.572365355304233671e-16
1.600342853552043212e-16
1.610055498013892440e-16
1.611309812636618265e-16
1.634522044695332905e-16
1.640188224538604534e-16
1.640188224538604534e-16
1.640188224538604534e-16
1.642077343297911444e-16
1.663611273686413715e-16
1.663611273686413715e-16
1.663611273686413715e-16
1.663611273686413715e-16
1.676214182793838423e-16
1.695288188331356412e-16
1.714067144058914070e-16
1.725405150631772521e-16
1.727501557176226914e-16
1.728191183167449708e-16
1.730295118893657364e-16
1.739080732852122774e-16
1.739080732852122774e-16
1.758930949971027302e-16
1.768060788707779805e-16
1.776898165790799754e-16
1.810977595275857247e-16
1.865228643825916509e-16
1.865228643825916509e-16
1.885740017217539032e-16
1.885740017217539032e-16
1.885740017217539032e-16
1.885740017217539032e-16
1.890577045920220727e-16
1.890577045920220727e-16
1.895912882914063179e-16
1.910321383920718468e-16
1.914893950114313015e-16
1.917230349327156209e-16
1.921553511375170131e-16
1.926310071947862668e-16
1.963007303813795590e-16
1.973235697225750907e-16
1.977092050005055930e-16
1.980148427223065279e-16
1.980148427223065279e-16
1.994877389028098281e-16
2.004430038377688473e-16
2.004430038377688473e-16
2.014257973435136313e-16
2.019979680993839112e-16
2.021747156410443003e-16
2.024425192245345267e-16
2.024425192245345267e-16
2.024425192245345267e-16
2.058149809040275235e-16
2.058149809040275235e-16
2.060643850496079509e-16
2.114615848747404246e-16
2.125378814063848806e-16
2.142942983372886005e-16
2.142942983372886005e-16
2.150467224100731968e-16
2.151658717113202935e-16
2.151658717113202935e-16
2.176029502014217651e-16
2.176029502014217651e-16
2.221576345883519942e-16
2.221576345883519942e-16
2.228795184176494717e-16
2.264261159538821487e-16
2.306797036567564314e-16
2.308186876461850581e-16
2.317273892977380728e-16
2.321384826214721435e-16
2.321384826214721435e-16
2.321384826214721435e-16
2.321482470290585253e-16
2.321482470290585253e-16
2.337963613861785802e-16
2.352234472014512267e-16
2.352234472014512267e-16
2.352234472014512267e-16
2.356953621965367575e-16
2.410038353204443432e-16
2.413945527960583466e-16
2.413945527960583466e-16
2.413945527960583466e-16
2.428915188294794729e-16
2.488306785686968559e-16
2.488306785686968559e-16
2.501104865302656610e-16
2.504513937628425595e-16
2.504513937628425595e-16
2.512907563561856071e-16
2.514386341915604040e-16
2.514386341915604040e-16
2.514386341915604040e-16
2.529804694424930015e-16
2.560559990165874020e-16
2.567422839334072415e-16
2.591613159159935951e-16
2.593829091464725228e-16
2.593829091464725228e-16
2.604926634795335484e-16
2.639935447653074998e-16
2.639935447653074998e-16
2.639935447653074998e-16
2.649631151455979387e-16
2.678250983022123274e-16
2.689265234779586528e-16
2.697904029693861110e-16
2.697904029693861110e-16
2.761671963980181830e-16
2.763253092148390022e-16
2.763253092148390022e-16
2.763253092148390022e-16
2.774012528160887772e-16
2.774012528160887772e-16
2.774012528160887772e-16
2.774012528160887772e-16
2.787033306855624930e-16
2.787033306855624930e-16
2.815636668336683372e-16
2.844110622006355959e-16
2.844110622006355959e-16
2.844110622006355959e-16
2.851314401935824209e-16
2.864660347167534992e-16
2.900335727897377627e-16
2.903440574222924279e-16
2.907717149458839214e-16
2.946233266935535959e-16
2.968886339605597727e-16
2.974658516210740931e-16
3.000345496197016803e-16
3.000345496197016803e-16
3.000345496197016803e-16
3.000345496197016803e-16
3.000345496197016803e-16
3.000345496197016803e-16
3.016396064686696580e-16
3.058429015903007166e-16
3.069462325901783642e-16
3.119689732665455157e-16
3.168352834276398780e-16
3.206850364085641943e-16
3.206850364085641943e-16
3.246581032693929328e-16
3.250503971674365593e-16
3.267744974385332023e-16
3.299886580716615730e-16
3.299886580716615730e-16
3.308404908722836642e-16
3.308404908722836642e-16
3.308404908722836642e-16
3.308404908722836642e-16
3.342667391439273091e-16
3.354411150322559111e-16
3.365784332291421375e-16
3.365784332291421375e-16
3.365784332291421375e-16
3.370601832178930208e-16
3.370601832178930208e-16
3.370601832178930208e-16
3.403322597287899044e-16
3.403322597287899044e-16
3.415172470576521919e-16
3.459511704278661911e-16
3.459511704278661911e-16
3.492897037320830519e-16
3.559276656527852327e-16
3.591418733432995675e-16
3.644692870650554895e-16
3.644692870650554895e-16
3.644692870650554895e-16
3.644692870650554895e-16
3.656428982708622866e-16
3.656428982708622866e-16
3.656428982708622866e-16
3.656980965845917083e-16
3.658779028563393909e-16
3.658779028563393909e-16
3.664040044313562395e-16
3.666851958411517099e-16
3.667275004311284608e-16
3.676049324497119879e-16
3.700691159941255971e-16
3.706302988503745285e-16
3.726093207455552798e-16
3.726093207455552798e-16
3.726093207455552798e-16
3.732894646735075256e-16
3.738405772491613334e-16
3.738405772491613334e-16
3.765300950862375932e-16
3.808571158399002224e-16
3.858756919376100238e-16
3.858756919376100238e-16
3.887965674127515931e-16
3.925558878622100342e-16
3.925558878622100342e-16
3.965008849923144953e-16
3.965008849923144953e-16
3.976656141165216010e-16
3.980420614398436947e-16
3.987563455013088409e-16
4.010682631091070109e-16
4.010682631091070109e-16
4.023286363702749311e-16
4.081762694938028857e-16
4.083837337441477465e-16
4.143002000589865917e-16
4.143002000589865917e-16
4.229639236234728318e-16
4.365308856326844457e-16
4.365308856326844457e-16
4.448513490952959300e-16
4.479923002002191972e-16
4.590211632760227855e-16
4.597430706340132203e-16
4.611656036471943257e-16
4.686757036305596942e-16
4.784957683402059465e-16
4.843657890151036972e-16
4.875082106633381808e-16
4.975100109975563952e-16
4.976269603660099807e-16
5.072301728768126534e-16
5.133720440703930213e-16
5.138317829668617715e-16
5.138317829668617715e-16
5.170420966586880618e-16
5.170420966586880618e-16
5.170420966586880618e-16
5.234507126445746621e-16
5.255297667779568210e-16
5.336748473631006517e-16
5.336748473631006517e-16
5.336748473631006517e-16
5.336748473631006517e-16
5.397016161906263628e-16
5.417794821250130896e-16
5.423493470689713775e-16
5.449822548707394420e-16
5.529827163444860797e-16
5.534353142826356604e-16
5.650424891031771222e-16
5.712386292271142573e-16
5.816515346494130704e-16
5.816515346494130704e-16
5.816515346494130704e-16
5.829061786738405454e-16
5.829061786738405454e-16
5.886805199187379963e-16
5.888223979374030916e-16
5.929478954356981188e-16
6.050500668991377911e-16
6.065973137494556135e-16
6.065973137494556135e-16
6.065973137494556135e-16
6.065973137494556135e-16
6.069268095659375363e-16
6.069268095659375363e-16
6.069268095659375363e-16
6.069268095659375363e-16
6.158433842295257132e-16
6.213694271774127686e-16
6.220238777726316011e-16
6.220238777726316011e-16
6.379382151299611801e-16
6.379382151299611801e-16
6.379382151299611801e-16
6.379382151299611801e-16
6.389104677812512741e-16
6.389104677812512741e-16
6.445880002188854851e-16
6.489639488895985782e-16
6.489639488895985782e-16
6.489639488895985782e-16
6.489639488895985782e-16
6.489639488895985782e-16
6.643997008673829988e-16
6.808163758198202928e-16
6.814726498887449980e-16
6.817035722459902016e-16
6.917154663894965956e-16
6.927780339287876793e-16
6.984013503756243265e-16
7.126530620544388321e-16
7.158306002769449330e-16
7.171014673351816039e-16
7.183960807268076412e-16
7.183960807268076412e-16
7.348419371407124838e-16
7.483849175296049110e-16
7.483849175296049110e-16
7.491511176521289177e-16
7.491511176521289177e-16
7.491511176521289177e-16
7.528893093352919160e-16
7.528893093352919160e-16
7.538874259023394136e-16
7.568408239133516339e-16
7.709830859945997673e-16
7.759388875394408223e-16
7.806088625219695644e-16
7.849443888981442220e-16
7.943048794121725243e-16
7.976083373173305417e-16
8.197939477974533503e-16
8.258833852987294009e-16
8.309949526732666078e-16
8.394272127205690824e-16
8.456660809509565463e-16
8.456660809509565463e-16
8.456660809509565463e-16
8.456660809509565463e-16
8.587732570063134459e-16
8.587732570063134459e-16
8.719273022180850178e-16
8.889503115885985479e-16
9.078865801574156863e-16
9.097796046797572181e-16
9.169278098364080881e-16
9.176238121034283947e-16
9.177861836136784920e-16
9.183204496451591420e-16
9.223311271217152967e-16
9.534774226825890892e-16
9.534774226825890892e-16
9.552864497709945038e-16
9.552864497709945038e-16
9.552864497709945038e-16
9.552864497709945038e-16
9.786681825339319813e-16
9.870851254021050064e-16
9.927592344149106655e-16
9.964286281998022093e-16
9.995520621928024418e-16
1.002129865795612963e-15
1.002129865795612963e-15
1.015504680733609265e-15
1.016491380002388695e-15
1.021776830300215994e-15
1.025025166359896702e-15
1.025025166359896702e-15
1.029291765429988442e-15
1.029291765429988442e-15
1.029291765429988442e-15
1.029291765429988442e-15
1.035103670233227246e-15
1.053565776816779256e-15
1.061559514966507062e-15
1.080473090110945613e-15
1.096912293786910497e-15
1.101753434128690290e-15
1.101753434128690290e-15
1.106370269558125303e-15
1.108349873788457341e-15
1.108349873788457341e-15
1.108367237963876054e-15
1.109779759518194430e-15
1.110383352843538568e-15
1.113011072568504799e-15
1.113011072568504799e-15
1.113011072568504799e-15
1.115546806868268488e-15
1.123420466333376618e-15
1.124309580348024327e-15
1.137362328654346850e-15
1.152939023385250373e-15
1.175324468937019515e-15
1.206314722206054660e-15
1.209764610931969264e-15
1.214168852855989828e-15
1.214168852855989828e-15
1.235827008861249457e-15
1.255534912680668686e-15
1.283179256400237981e-15
1.298867083030256005e-15
1.320822071143969063e-15
1.322238592576093939e-15
1.366373167824527097e-15
1.379373635375049624e-15
1.379373635375049624e-15
1.379373635375049624e-15
1.384177159218928761e-15
1.411631991080896483e-15
1.426207028176459171e-15
1.433357727374565889e-15
1.457562682047462717e-15
1.474768227018109549e-15
1.475275317409199189e-15
1.476707038376988727e-15
1.479905528900592795e-15
1.481071963855040839e-15
1.496711933123538995e-15
1.496711933123538995e-15
1.496711933123538995e-15
1.498824692109613948e-15
1.514374028852755895e-15
1.525254637634096925e-15
1.529054592136330615e-15
1.529909624839197916e-15
1.579963625135611972e-15
1.596505096275611432e-15
1.616172613093531760e-15
1.619137134294149982e-15
1.622127184126650619e-15
1.626858474883083370e-15
1.627222769636481591e-15
1.637808963882572880e-15
1.637808963882572880e-15
1.648284032111722956e-15
1.648284032111722956e-15
1.648284032111722956e-15
1.677608524503903647e-15
1.680031850472958666e-15
1.705467202852167814e-15
1.705467202852167814e-15
1.707871447051216654e-15
1.708194684235365999e-15
1.708194684235365999e-15
1.738518622565747561e-15
1.738518622565747561e-15
1.764233184062368500e-15
1.764233184062368500e-15
1.797614064299391029e-15
1.812770630688456617e-15
1.839547306797028865e-15
1.850398651766476995e-15
1.850893583705469524e-15
1.861577916129977524e-15
1.868188984754604184e-15
1.868188984754604184e-15
1.868291334569064210e-15
1.881266708768524328e-15
1.892758169476993452e-15
1.892758169476993452e-15
1.925247676944842195e-15
1.931139596950730482e-15
1.933499913079987082e-15
1.948649562033316496e-15
1.952078692569850279e-15
1.958431522024682784e-15
1.993664151574387472e-15
1.997568502887370255e-15
1.997568502887370255e-15
2.011898059246906608e-15
2.016731441002176460e-15
2.016731441002176460e-15
2.017789526325454825e-15
2.042814020667859723e-15
2.045734472626527567e-15
2.045734472626527567e-15
2.066397770788717154e-15
2.088820979892718181e-15
2.093895695451876439e-15
2.108121184402365497e-15
2.117585854086732691e-15
2.124853037961606742e-15
2.127267164211706750e-15
2.164886009099465075e-15
2.165540065589076428e-15
2.165540065589076428e-15
2.173060059387839443e-15
2.173060059387839443e-15
2.226834628376375056e-15
2.233889477561457583e-15
2.241123397746632036e-15
2.248387140550157866e-15
2.259090942968106138e-15
2.259647873013099129e-15
2.259647873013099129e-15
2.259647873013099129e-15
2.259647873013099129e-15
2.266819753917060493e-15
2.286942921521044431e-15
2.286942921521044431e-15
2.294372441613128847e-15
2.320678520333422262e-15
2.333488540760797421e-15
2.333488540760797421e-15
2.337583162731730489e-15
2.338970973276247457e-15
2.348306676312222290e-15
2.389896376363669437e-15
2.401130468463984816e-15
2.428440322401987203e-15
2.428440322401987203e-15
2.444437916039423953e-15
2.444437916039423953e-15
2.444437916039423953e-15
2.461419856076342029e-15
2.502597262840713146e-15
2.502597262840713146e-15
2.504040389342424372e-15
2.504040389342424372e-15
2.505742860862499735e-15
2.584177229452261355e-15
2.584177229452261355e-15
2.584177229452261355e-15
2.584177229452261355e-15
2.584177229452261355e-15
2.584177229452261355e-15
2.591226943500101152e-15
2.610311731061176965e-15
2.619808535057980619e-15
2.619808535057980619e-15
2.619808535057980619e-15
2.619808535057980619e-15
2.631034286236635016e-15
2.631363611470092751e-15
2.707209382669139448e-15
2.778595878331286812e-15
2.820090722456988055e-15
2.821488091533027683e-15
2.839533657900421009e-15
2.839533657900421009e-15
2.839533657900421009e-15
2.839533657900421009e-15
2.848448244389452316e-15
2.881118393397649221e-15
2.881118393397649221e-15
2.896014908907561161e-15
2.916137729463323830e-15
2.916990785755980740e-15
2.916990785755980740e-15
2.959703175039454260e-15
2.972114201773459623e-15
2.972114201773459623e-15
2.975687757309673158e-15
3.010475288692115577e-15
3.025226291000296860e-15
3.074311944408455394e-15
3.074311944408455394e-15
3.088892934263341819e-15
3.100149702141516116e-15
3.100149702141516116e-15
3.100149702141516116e-15
3.105735937368217430e-15
3.108595697063345424e-15
3.111123478664882224e-15
3.111724736767448322e-15
3.121941195249890017e-15
3.121941195249890017e-15
3.149289171552692136e-15
3.177220665323553927e-15
3.177220665323553927e-15
3.185958674853949155e-15
3.198516814740807460e-15
3.204770241349975858e-15
3.255754554402444638e-15
3.296240199946705008e-15
3.299075848613702304e-15
3.299075848613702304e-15
3.303362358840227809e-15
3.333709431757981254e-15
3.334189511209530783e-15
3.340380951477045295e-15
3.351944509982976548e-15
3.360560958521094207e-15
3.360560958521094207e-15
3.382925045901811226e-15
3.409014248894568202e-15
3.409014248894568202e-15
3.419216743097726384e-15
3.419216743097726384e-15
3.431176718905145543e-15
3.431176718905145543e-15
3.431176718905145543e-15
3.431176718905145543e-15
3.431176718905145543e-15
3.431176718905145543e-15
3.462557895525858217e-15
3.462557895525858217e-15
3.477939437395018362e-15
3.482054882259237836e-15
3.482054882259237836e-15
3.482054882259237836e-15
3.482054882259237836e-15
3.499881149443717551e-15
3.590950873208522468e-15
3.629130559786481941e-15
3.629130559786481941e-15
3.637147214883171331e-15
3.653491527340350579e-15
3.690538972036933915e-15
3.696733706321465614e-15
3.771316921973070179e-15
3.818447846861549179e-15
3.825991228181133912e-15
3.830631986409155768e-15
3.832530998983860177e-15
3.835948312234345026e-15
3.835948312234345026e-15
3.870419553279239928e-15
3.871269027328390478e-15
3.912952048058366632e-15
3.951301694150061365e-15
3.968126156644868817e-15
3.973393907483402514e-15
3.973393907483402514e-15
4.008336475306058913e-15
4.008437113408104565e-15
4.008437113408104565e-15
4.008437113408104565e-15
4.011513866474233981e-15
4.011513866474233981e-15
4.116583703721652137e-15
4.138791154711033286e-15
4.168439760731176626e-15
4.256243172514864244e-15
4.293982860769764051e-15
4.298028678349284485e-15
4.305323467263196658e-15
4.305323467263196658e-15
4.352166777408696514e-15
4.373502207978879360e-15
4.420618368612513508e-15
4.423046582667535302e-15
4.424104215063473597e-15
4.424104215063473597e-15
4.451849843924145166e-15
4.462924940881653282e-15
4.465230223398031112e-15
4.494632589881799996e-15
4.496843204701975581e-15
4.531499810672334719e-15
4.531502140012939669e-15
4.531502140012939669e-15
4.531502140012939669e-15
4.551471606430036289e-15
4.553313514866880497e-15
4.560876207361227891e-15
4.567145357019480091e-15
4.585474291200769318e-15
4.609708350866881633e-15
4.663672702292988123e-15
4.663672702292988123e-15
4.711749039476240801e-15
4.732025925913631528e-15
4.764959949213590908e-15
4.770400412422939230e-15
4.770400412422939230e-15
4.845090601277174382e-15
4.845090601277174382e-15
4.845090601277174382e-15
4.852331391840699094e-15
4.875614527615706895e-15
4.939549556797393194e-15
4.959329317245170900e-15
5.037859132919089397e-15
5.064982689607168594e-15
5.064982689607168594e-15
5.064982689607168594e-15
5.070531464213560613e-15
5.094272800696733917e-15
5.142966324907700019e-15
5.247451056500282796e-15
5.248538661509990342e-15
5.303106238625613586e-15
5.316566195080242363e-15
5.409191136040111955e-15
5.409191136040111955e-15
5.409191136040111955e-15
5.474831569005236512e-15
5.479975670679990553e-15
5.509789362833336782e-15
5.547027981101462914e-15
5.605951828077208317e-15
5.642463574433126064e-15
5.642463574433126064e-15
5.651995580295713528e-15
5.717129034631040337e-15
5.735863032908487885e-15
5.735863032908487885e-15
5.776044708327062499e-15
5.856444219824233303e-15
5.881281822817216802e-15
5.922475017334577108e-15
5.946339358883559497e-15
5.948493278376915484e-15
6.010474308428404519e-15
6.034570281136507675e-15
6.069148395387087652e-15
6.069148395387087652e-15
6.069148395387087652e-15
6.076498976714226519e-15
6.081949410207224551e-15
6.081949410207224551e-15
6.081949410207224551e-15
6.136207058555664420e-15
6.148465178196170516e-15
6.148465178196170516e-15
6.169240490583461196e-15
6.197487583536514019e-15
6.203465053870074990e-15
6.234884005807366127e-15
6.246244702863516422e-15
6.258077059040216459e-15
6.262760674782499909e-15
6.262760674782499909e-15
6.305630026917925044e-15
6.315002517065372552e-15
6.332602385283832112e-15
6.347318771002468058e-15
6.363320108643175225e-15
6.367527136003730123e-15
6.449699090412810152e-15
6.473664311232941055e-15
6.473664311232941055e-15
6.512805600787530314e-15
6.594737486059969530e-15
6.624879277013651686e-15
6.687380702932110082e-15
6.776331826712807806e-15
6.805396029997818434e-15
6.829543071734033394e-15
6.928015904633053522e-15
6.961471641406789453e-15
7.037322465392653232e-15
7.049324492856600147e-15
7.049324492856600147e-15
7.097191062918683059e-15
7.181718045383272637e-15
7.201072645290001440e-15
7.208114089002258537e-15
7.208114089002258537e-15
7.253645783334368922e-15
7.256936141639710349e-15
7.299195921220687217e-15
7.389413959239200829e-15
7.396593825193342565e-15
7.411983169765311922e-15
7.433298268603674218e-15
7.462046416838066903e-15
7.462046416838066903e-15
7.470971132429425529e-15
7.483135999036395636e-15
7.559956199290832759e-15
7.620035610964869841e-15
7.627448113929756419e-15
7.678642761733113177e-15
7.689093871870637467e-15
7.753755978840596071e-15
7.767401788441067703e-15
7.805354008438562429e-15
7.828438717922416569e-15
7.857348440632584458e-15
7.895515151136366206e-15
7.925115152758987147e-15
7.941507831385672377e-15
7.950412003486973640e-15
7.954378032327514429e-15
7.982438198638106516e-15
8.045642258973919061e-15
8.117005820042584778e-15
8.199794682076149191e-15
8.257736273765001013e-15
8.260050347189293054e-15
8.333602347285001817e-15
8.385110897263568651e-15
8.395346281638425559e-15
8.442635260521992738e-15
8.493548613977522263e-15
8.507021284749619196e-15
8.507021284749619196e-15
8.577732103994393515e-15
8.625489097992184744e-15
8.710319685887719338e-15
8.783097153762502848e-15
8.835259924931532329e-15
8.946641648766913636e-15
8.963268476122869031e-15
8.979511900485639634e-15
9.038900809724641063e-15
9.058691419840969017e-15
9.060308379267497875e-15
9.175501821951601420e-15
9.246497197209266874e-15
9.304868990461639287e-15
